"Address","DYCOL01","DYCOL02","DYCOL03","DYCOL04","DYCOL05","DYCOL06"
2000013222,"022111",1,NA,"00600","0000000350","0000210000"
2000013226,"022111",1,NA,"00600","0000000250","0000150000"
2000013216,"022111",1,NA,"00600","0000000250","0000150000"
2000085167,"022111",1,NA,"00600","0000000250","0000150000"
2000085176,"022111",1,NA,"00030","0000000250","0000007500"
2000085173,"022111",1,NA,"00600","0000000250","0000150000"
2000145011,"022111",1,NA,"00600","0000000150","0000090000"
2000145016,"022111",1,NA,"00600","0000000650","0000390000"
2000061014,"022111",1,NA,"00600","0000000300","0000180000"
2000061018,"022111",1,NA,"00080","0000000250","0000020000"
2000133057,"022111",1,NA,"01200","0000000500","0000600000"
2000133052,"022111",1,NA,"00600","0000000150","0000090000"
2000061012,"022111",1,NA,"00600","0000000250","0000150000"
2000121315,"022111",1,NA,"00300","0000000300","0000090000"
2000121320,"022111",1,NA,"00600","0000000250","0000150000"
2000109212,"022111",1,NA,"00620","0000000150","0000093000"
2000097164,"022111",1,NA,"00150","0000000500","0000075000"
2000109203,"022113",1,NA,"01200","0000000600","0000720000"
2000073329,"022113",1,NA,"00620","0000000500","0000310000"
2000073327,"022111",1,NA,"00600","0000000150","0000090000"
2000157154,"022111",1,NA,"00150","0000000350","0000052500"
2000001144,"022111",1,NA,"00620","0000000250","0000155000"
2000037058,"022111",1,NA,"00062","0000000250","0000015500"
2000057158,"022113",1,NA,"00200","0000000250","0000050000"
2000141151,"022111",1,NA,"00031","0000000150","0000004650"
2000137065,"022111",1,NA,"00600","0000000225","0000135000"
2000137059,"022111",1,NA,"00300","0000000500","0000150000"
2000021009,"022111",1,NA,"00090","0000000150","0000013500"
2000037061,"022111",1,NA,"00600","0000000250","0000150000"
2000141158,"022111",1,NA,"00600","0000000350","0000210000"
2000081297,"022111",1,NA,"00600","0000000400","0000240000"
2000069147,"022111",1,NA,"01200","0000000150","0000180000"
2000069147,"023111",1,NA,NA,NA,"0000550000"
2000153067,"023111",1,NA,NA,NA,"0000450000"
2000129102,"022111",1,NA,"00600","0000000250","0000150000"
2000021010,"022111",1,NA,"00600","0000000300","0000180000"
2000057160,"022111",1,NA,"00300","0000000250","0000075000"
2000105231,"022111",1,NA,"00600","0000000250","0000150000"
2000069153,"022111",1,NA,"00600","0000000250","0000150000"
2000033055,"022111",1,NA,"00900","0000000150","0000135000"
2000165059,"022111",1,NA,"00600","0000000500","0000300000"
2000069150,"022111",1,NA,"00600","0000000350","0000210000"
2000021004,"022113",1,NA,"00600","0000000300","0000180000"
2000065111,"022113",1,NA,"00150","0000000225","0000033750"
2000089065,"022113",1,NA,"00600","0000000900","0000540000"
2000101012,"022111",1,NA,"00300","0000000150","0000045000"
2000161119,"022111",1,NA,"00300","0000000250","0000075000"
2000149068,"022113",1,NA,"00600","0000000620","0000372000"
2000117060,"022111",1,NA,"00300","0000000250","0000075000"
2000161117,"022111",1,NA,"00500","0000000350","0000175000"
2000101007,"022111",1,NA,"00930","0000000150","0000139500"
2000149060,"022111",1,NA,"01200","0000000150","0000189000"
2000081290,"022111",1,NA,"00600","0000000150","0000090000"
2000045127,"022111",1,NA,"00930","0000000150","0000139500"
2000077206,"022111",1,NA,"01200","0000000125","0000150000"
2000125054,"022113",1,NA,"00600","0000000500","0000300000"
2000029299,"022113",1,NA,"00600","0000000200","0000120000"
2000029303,"022111",1,NA,"00600","0000000175","0000105000"
2000161123,"022111",1,NA,"00930","0000000150","0000139500"
2000161123,"023111",1,NA,NA,NA,"0000800000"
2000077196,"022111",1,NA,"01200","0000000200","0000240000"
2000113248,"022111",1,NA,"00620","0000000150","0000093000"
2000113248,"023111",1,NA,NA,NA,"0000600000"
2000101006,"022111",1,NA,"00300","0000000230","0000069000"
2000113254,"022111",1,NA,"00620","0000000250","0000155000"
2000113258,"022111",1,NA,"00620","0000000400","0000248000"
2000009055,"022111",1,NA,"00620","0000000250","0000155000"
2000137062,"022113",1,NA,"00600","0000000250","0000150000"
2000049064,"022111",1,NA,"00460","0000000225","0000103500"
2000025068,"022111",1,NA,"00040","0000000350","0000014000"
2000025066,"022113",1,NA,"00620","0000000250","0000155000"
2000161114,"022111",1,NA,"01200","0000000150","0000180000"
2000089059,"022113",1,NA,"00600","0000000500","0000300000"
2000122010,"022111",1,NA,"00300","0000000500","0000150000"
2000038162,"022111",1,NA,"00620","0000000300","0000186000"
2000066061,"022111",1,NA,"00120","0000000200","0000024000"
2000102165,"022113",1,NA,"00200","0000000250","0000050000"
2000038148,"022111",1,NA,"00600","0000000300","0000180000"
2000030105,"022111",1,NA,"00020","0000000150","0000003000"
2000014008,"022111",1,NA,"00900","0000000500","0000450000"
2000014017,"022113",1,NA,"01200","0000000350","0000420000"
2000014017,"023111",1,NA,NA,NA,"0002400000"
2000150165,"022111",1,NA,"00600","0000000550","0000330000"
2000122017,"022111",1,NA,"01200","0000000125","0000150000"
2000006173,"022111",1,NA,"00620","0000000500","0000310000"
2000154215,"022111",1,NA,"00120","0000000250","0000030000"
2000046258,"022111",1,NA,"01800","0000000250","0000450000"
2000046252,"022111",1,NA,"00600","0000000350","0000210000"
2000166226,"022111",1,NA,"00620","0000000250","0000155000"
2000094188,"022113",1,NA,"00600","0000000500","0000300000"
2000142148,"022111",1,NA,"01200","0000000250","0000300000"
2000022157,"022111",1,NA,"00300","0000000250","0000075000"
2000046255,"022111",1,NA,"00600","0000000150","0000090000"
2000078257,"022111",1,NA,"01200","0000000150","0000180000"
2000042018,"022111",1,NA,"00600","0000000175","0000105000"
2000042006,"022111",1,NA,"00600","0000000150","0000090000"
2000102154,"022113",1,NA,"00300","0000000250","0000075000"
2000006171,"022111",1,NA,"00600","0000000350","0000210000"
2000078248,"022111",7,NA,"00800","0000000150","0000120000"
2000078244,"022113",1,NA,"00600","0000000250","0000150000"
2000078251,"022111",1,NA,"00200","0000000500","0000100000"
2000018115,"022111",1,NA,"00620","0000000150","0000093000"
2000090111,"022111",1,NA,"00240","0000000150","0000036000"
2000126146,"022111",1,NA,"00600","0000000250","0000150000"
2000138162,"022111",1,NA,"00620","0000000250","0000155000"
2000126153,"022113",1,NA,"01200","0000000250","0000300000"
2000114186,"022111",1,NA,"00600","0000000250","0000150000"
2000054111,"022111",1,NA,"00124","0000000250","0000031000"
2000090122,"022113",1,NA,"00600","0000000250","0000150000"
2000150168,"022111",1,NA,"00600","0000000600","0000360000"
2000034010,"022111",1,NA,"00600","0000000150","0000090000"
2000142155,"022111",1,NA,"00600","0000000150","0000090000"
2000058070,"022111",1,NA,"00600","0000000275","0000165000"
2000106124,"022111",1,NA,"00120","0000000250","0000030000"
2000010203,"022111",1,NA,"00600","0000000350","0000210000"
2000106113,"022111",1,NA,"01240","0000000250","0000310000"
2000010206,"022111",1,NA,"00620","0000000300","0000186000"
2000070004,"022111",1,NA,"00200","0000000300","0000060000"
2000142151,"022111",1,NA,"00800","0000000250","0000200000"
2000082176,"022111",1,NA,"00900","0000000250","0000225000"
2000166222,"022111",1,NA,"00620","0000000250","0000155000"
2000118206,"022111",1,NA,"00600","0000000500","0000300000"
2000142157,"022111",1,NA,"00240","0000000150","0000036000"
2000082172,"022111",1,NA,"00240","0000000150","0000036000"
2000010214,"022111",1,NA,"00600","0000000550","0000330000"
2000026062,"022111",1,NA,"00300","0000000300","0000090000"
2000122009,"022111",1,NA,"00620","0000000150","0000093000"
2000134057,"022111",7,NA,"02400","0000000250","0000600000"
2000014014,"022111",1,NA,"00620","0000000150","0000093000"
2000134053,"022111",1,NA,"00620","0000000150","0000093000"
2000098115,"022111",1,NA,"00620","0000000250","0000155000"
2000002323,"022111",1,NA,"00600","0000000250","0000150000"
2000110007,"022111",1,NA,"00300","0000000250","0000075000"
2000134062,"022111",1,NA,"00600","0000000250","0000150000"
2000050063,"022111",1,NA,"00620","0000000300","0000186000"
2000062111,"022111",1,NA,"00620","0000000150","0000093000"
2000158069,"022111",1,NA,"00620","0000000150","0000093000"
2000158071,"022111",1,NA,"00020","0000000500","0000010000"
2000122014,"022113",1,NA,"00600","0000000550","0000330000"
2000146160,"022111",1,NA,"00620","0000000150","0000093000"
2000038159,"022111",1,NA,"00600","0000000250","0000150000"
2000002326,"022111",1,NA,"01200","0000000150","0000180000"
2000110011,"022111",1,NA,"00620","0000000300","0000186000"
2000050064,"022111",1,NA,"00600","0000000350","0000210000"
2000050064,"023111",1,NA,NA,NA,"0001000000"
2000095061,"022111",1,NA,"00300","0000000300","0000090000"
2000143069,"022111",1,NA,"01200","0000000200","0000240000"
2000107004,"022111",1,NA,"00600","0000000250","0000150000"
2000027009,"022111",1,NA,"01200","0000000300","0000360000"
2000027012,"022111",1,NA,"01200","0000000500","0000600000"
2000099061,"022111",1,NA,"00600","0000000400","0000240000"
2000063170,"022111",1,NA,"01200","0000000250","0000300000"
2000111172,"022111",1,NA,"00600","0000000350","0000210000"
2000003156,"022111",1,NA,"01800","0000000250","0000450000"
2000111178,"022113",1,NA,"01200","0000000250","0000300000"
2000075007,"022111",1,NA,"00090","0000000150","0000013500"
2000067290,"022111",1,NA,"00600","0000000325","0000195000"
2000159124,"022111",1,NA,"00600","0000000250","0000150000"
2000147316,"022111",1,NA,"01200","0000000250","0000300000"
2000147316,"023111",1,NA,NA,NA,"0001200000"
2000147322,"022111",1,NA,"01800","0000000325","0000585000"
2000159112,"022111",1,NA,"00600","0000000500","0000300000"
2000051113,"022111",1,NA,"01200","0000000150","0000180000"
2000039163,"022111",1,NA,"00300","0000000150","0000045000"
2000015006,"022111",1,NA,"00240","0000000150","0000036000"
2000159119,"022111",1,NA,"00300","0000000250","0000075000"
2000111170,"022111",1,NA,"00300","0000000300","0000090000"
2000151217,"022111",1,NA,"01200","0000000250","0000300000"
2000151217,"023111",1,NA,NA,NA,"0003000000"
2000151224,"022111",1,NA,"00300","0000000250","0000075000"
2000163120,"022111",1,NA,"00600","0000000300","0000180000"
2000163116,"022111",1,NA,"01200","0000000250","0000300000"
2000127161,"022111",1,NA,"01200","0000000250","0000300000"
2000151212,"022111",1,NA,"00080","0000000750","0000060000"
2000127161,"023111",1,NA,NA,NA,"0001500000"
2000067294,"022111",1,NA,"00600","0000000250","0000150000"
2000067294,"022113",1,NA,"00600","0000000900","0000540000"
2000103007,"022111",1,NA,"00600","0000000500","0000300000"
2000115009,"023111",1,NA,NA,NA,"0001500000"
2000091066,"022111",1,NA,"00040","0000000200","0000008000"
2000043112,"022111",1,NA,"00600","0000000200","0000120000"
2000091059,"022111",1,NA,"00300","0000000400","0000120000"
2000163114,"022111",1,NA,"00600","0000000300","0000180000"
2000151219,"022111",1,NA,"00600","0000000600","0000360000"
2000043116,"022111",1,NA,"00900","0000000250","0000225000"
2000043125,"022111",1,NA,"00600","0000000250","0000150000"
2000067286,"022111",1,NA,"00600","0000000300","0000180000"
2000031056,"022111",1,NA,"01200","0000000300","0000360000"
2000143055,"022113",1,NA,"01200","0000000300","0000360000"
2000059253,"022111",1,NA,"00600","0000000150","0000090000"
2000119203,"022111",1,NA,"01200","0000000250","0000300000"
2000119203,"022115",1,NA,NA,NA,"0000025000"
2000131016,"022111",1,NA,"01200","0000000300","0000360000"
2000107017,"022111",1,NA,"00600","0000000250","0000150000"
2000047118,"022111",1,NA,"00300","0000000350","0000105000"
2000107011,"022111",1,NA,"00600","0000000200","0000120000"
2000011149,"022111",1,NA,"01200","0000000550","0000660000"
2000011149,"023111",1,NA,NA,NA,"0000600000"
2000083225,"022111",1,NA,"00600","0000000200","0000120000"
2000083225,"023111",1,NA,NA,NA,"0000200000"
2000107015,"022111",1,NA,"00600","0000000200","0000120000"
2000155101,"022111",1,NA,"00600","0000000250","0000150000"
2000047115,"022111",1,NA,"00200","0000000200","0000040000"
2000059258,"022111",1,NA,"01200","0000000150","0000180000"
2000059258,"023111",1,NA,NA,NA,"0000300000"
2000035065,"022111",1,NA,"00600","0000000250","0000150000"
2000083219,"022111",1,NA,"00200","0000000250","0000050000"
2000144008,"022111",1,NA,"00180","0000000300","0000054000"
2000048210,"022111",1,NA,"00058","0000000250","0000014500"
2000096156,"022111",1,NA,"00600","0000000250","0000150000"
2000108241,"022111",1,NA,"00600","0000000250","0000150000"
2000116223,"022111",1,NA,"00600","0000000250","0000150000"
2000156099,"022111",1,NA,"00600","0000000500","0000300000"
2000156099,"023111",1,NA,NA,NA,"0000300000"
2000048204,"022111",1,NA,"00600","0000000250","0000150000"
2000144017,"022111",1,NA,"00600","0000000350","0000210000"
2000036171,"022111",1,NA,"00300","0000000250","0000075000"
2000108236,"022111",1,NA,"00300","0000000125","0000037500"
2000060063,"023111",1,NA,NA,NA,"0000200000"
2000096163,"022111",1,NA,"00300","0000000250","0000075000"
2000152223,"022111",1,NA,"00600","0000000200","0000120000"
2000132018,"022111",1,NA,"00600","0000000150","0000090000"
2000096152,"022111",1,NA,"00600","0000000250","0000150000"
2000016223,"022111",1,NA,"00180","0000000200","0000036000"
2000028110,"022111",1,NA,"00600","0000000250","0000150000"
2000076057,"022111",1,NA,"00600","0000000250","0000150000"
2000064163,"022111",1,NA,"00600","0000000150","0000090000"
2000040161,"022111",1,NA,"00600","0000000250","0000150000"
2000052212,"022111",1,NA,"00600","0000000500","0000300000"
2000136015,"022111",1,NA,"01300","0000000200","0000240000"
2000148119,"022111",1,NA,"01200","0000000250","0000300000"
2000148119,"023111",1,NA,NA,NA,"0000300000"
2000028100,"022111",1,NA,"00200","0000000150","0000030000"
2000088114,"022111",1,NA,"00600","0000000350","0000210000"
2000124110,"022111",1,NA,"01200","0000000250","0000300000"
2000124110,"023111",1,NA,NA,NA,"0000800000"
2000112350,"022111",1,NA,"00120","0000000250","0000030000"
2000052216,"022111",1,NA,"00300","0000000200","0000060000"
2000160180,"022111",1,NA,"01200","0000000250","0000300000"
2000148110,"022111",1,NA,"00600","0000000200","0000120000"
2000052219,"022111",1,NA,"01200","0000000200","0000240000"
2000140056,"022111",1,NA,"00300","0000000250","0000075000"
2000116221,"022111",1,NA,"00020","0000000500","0000010000"
2000152219,"022111",1,NA,"00600","0000000250","0000150000"
2000116228,"022111",1,NA,"00800","0000000175","0000140000"
2000080010,"022111",1,NA,"00600","0000000150","0000090000"
2000128158,"022111",1,NA,"00600","0000000750","0000450000"
2000008230,"022111",1,NA,"00120","0000000250","0000030000"
2000056108,"022111",1,NA,"01200","0000000200","0000240000"
2000140066,"022111",1,NA,"01200","0000000200","0000240000"
2000116218,"022111",1,NA,"00600","0000000250","0000150000"
2000164008,"022111",1,NA,"00600","0000000650","0000390000"
2000164011,"022111",1,NA,"00080","0000000500","0000040000"
2000092112,"022111",1,NA,"00600","0000000250","0000150000"
2000088119,"022111",1,NA,"00300","0000000750","0000225000"
2000020167,"022111",1,NA,"01200","0000000250","0000300000"
2000032204,"022111",1,NA,"00200","0000000200","0000040000"
2000080006,"022111",1,NA,"00100","0000000200","0000020000"
2000032210,"022111",1,NA,"01200","0000000250","0000300000"
2000032210,"023111",1,NA,NA,NA,"0001500000"
2000104154,"022111",1,NA,"00300","0000000250","0000075000"
2000008217,"022111",1,NA,"00600","0000000250","0000150000"
2000008226,"022111",1,NA,"00300","0000000200","0000060000"
2000060073,"022111",1,NA,"00580","0000000250","0000145000"
2000012116,"022111",1,NA,"00600","0000000750","0000450000"
2000156108,"022111",1,NA,"00090","0000000250","0000022500"
2000036179,"022111",1,NA,"00600","0000000750","0000450000"
2000144010,"022111",1,NA,"00600","0000000250","0000150000"
2000144014,"022111",1,NA,"00150","0000000250","0000037500"
2000060061,"022111",1,NA,"00240","0000000500","0000120000"
2000024177,"022111",1,NA,"00450","0000000400","0000180000"
2000060063,"022111",1,NA,"01200","0000000250","0000300000"
2000072118,"022111",1,NA,"00600","0000000750","0000450000"
2000148118,"022111",1,NA,"01800","0000000250","0000450000"
2000148118,"023111",1,NA,NA,NA,"0004000000"
2000156102,"022111",1,NA,"00600","0000000150","0000090000"
2000156102,"023111",1,NA,NA,NA,"0001500000"
2010073051,"022113",1,NA,"00600","0000000500","0000300000"
2010101126,"022111",1,NA,"00600","0000000250","0000150000"
2010025115,"022111",1,NA,"00600","0000000350","0000210000"
2010041052,"022111",1,NA,"00600","0000000550","0000330000"
2010013109,"022111",1,NA,"00060","0000000150","0000009000"
2010037151,"022111",1,NA,"01200","0000000250","0000300000"
2010061158,"022111",1,NA,"00600","0000000275","0000165000"
2010101125,"022111",1,NA,"00120","0000000300","0000036000"
2010125062,"022111",1,NA,"00600","0000000350","0000210000"
2010029108,"022111",1,NA,"00300","0000000250","0000075000"
2010053018,"022111",1,NA,"01200","0000000400","0000480000"
2010053018,"023111",1,NA,NA,NA,"0001000000"
2010077016,"022113",1,NA,"00300","0000000500","0000150000"
2010085060,"022111",1,NA,"00600","0000000200","0000120000"
2010049174,"022111",1,NA,"00040","0000000875","0000035000"
2010037142,"022111",1,NA,"00810","0000000250","0000202500"
2010005124,"022111",1,NA,"00300","0000000100","0000030000"
2010097107,"022113",1,NA,"00600","0000000400","0000240000"
2010121172,"022111",1,NA,"00600","0000000550","0000330000"
2010041060,"022111",1,NA,"00600","0000000250","0000150000"
2010101116,"022111",1,NA,"00300","0000000200","0000060000"
2010089113,"022111",1,NA,"00600","0000000250","0000150000"
2010001111,"022111",1,NA,"00200","0000000400","0000080000"
2010041050,"022111",1,NA,"00600","0000000250","0000150000"
2010105067,"022111",7,NA,"00600","0000000250","0000150000"
2010105067,"023111",1,NA,NA,NA,"0000150000"
2010057162,"022111",1,NA,"00080","0000000200","0000016000"
2010129212,"022111",1,NA,"00200","0000000200","0000040000"
2010093070,"022111",1,NA,"00600","0000000200","0000120000"
2010045188,"023111",1,NA,NA,NA,"0000200000"
2010117017,"022113",1,NA,"00300","0000000350","0000105000"
2010129215,"022111",1,NA,"00300","0000000250","0000075000"
2010009060,"022111",1,NA,"00300","0000000400","0000120000"
2010021111,"022113",1,NA,"00600","0000000450","0000270000"
2010033013,"022111",1,NA,"00300","0000000600","0000180000"
2010073064,"022111",1,NA,"00620","0000000125","0000077500"
2010129204,"023111",1,NA,NA,NA,"0000300000"
2010033017,"022111",1,NA,"00600","0000000200","0000120000"
2010069126,"022111",1,NA,"00160","0000000300","0000048000"
2010001104,"022111",1,NA,"00620","0000000300","0000186000"
2010033012,"022111",1,NA,"00600","0000000200","0000120000"
2010105060,"022111",1,NA,"00600","0000000400","0000240000"
2010105060,"023111",1,NA,NA,NA,"0001500000"
2010045192,"022113",1,NA,"00200","0000000600","0000120000"
2010097113,"022111",1,NA,"00620","0000000125","0000077500"
2010025118,"022115",1,NA,NA,NA,"0000020000"
2010074018,"022111",1,NA,"00150","0000000200","0000030000"
2010018063,"022111",1,NA,"00090","0000000500","0000045000"
2010126105,"022113",1,NA,"00600","0000000500","0000300000"
2010070009,"022111",1,NA,"00600","0000000200","0000120000"
2010110201,"022111",1,NA,"00300","0000000550","0000165000"
2010130017,"022111",1,NA,"01800","0000000250","0000450000"
2010126111,"022113",1,NA,"00600","0000007500","0004500000"
2010054108,"022113",1,NA,"00600","0000000550","0000330000"
2010070012,"022111",1,NA,"00900","0000000200","0000180000"
2010106053,"022111",1,NA,"00600","0000000500","0000300000"
2010126107,"022111",1,NA,"00200","0000000250","0000050000"
2010018059,"022113",1,NA,"00060","0000001000","0000060000"
2010054111,"022111",1,NA,"00600","0000000150","0000090000"
2010094005,"022111",1,NA,"00600","0000000200","0000120000"
2010094018,"022111",1,NA,"00150","0000000500","0000075000"
2010046214,"022111",1,NA,"00600","0000000250","0000150000"
2010086204,"022111",1,NA,"00200","0000000250","0000050000"
2010034064,"022111",1,NA,"00060","0000000500","0000030000"
2010014065,"022111",1,NA,"00600","0000000500","0000300000"
2010074005,"022111",1,NA,"00100","0000000250","0000025000"
2010086193,"022111",1,NA,"00600","0000000200","0000120000"
2010098065,"022111",1,NA,"00300","0000000500","0000150000"
2010130004,"022111",1,NA,"00600","0000000200","0000120000"
2010014062,"022113",1,NA,"00600","0000000600","0000360000"
2010002068,"022111",1,NA,"00600","0000000600","0000360000"
2010062166,"022111",1,NA,"00600","0000000350","0000210000"
2010026178,"022111",1,NA,"00200","0000000200","0000040000"
2010042139,"022113",1,NA,"00600","0000000500","0000300000"
2010026176,"022111",1,NA,"00600","0000000250","0000150000"
2010086200,"022111",1,NA,"00600","0000000250","0000150000"
2010062162,"022111",1,NA,"00300","0000000175","0000052500"
2010066162,"022111",7,NA,"00300","0000000300","0000090000"
2010042151,"022111",1,NA,"00150","0000000550","0000082500"
2010114177,"022113",1,NA,"00600","0000000850","0000510000"
2010114163,"023111",1,NA,NA,NA,"0000320000"
2010038004,"022113",1,NA,"00600","0000000750","0000450000"
2010078111,"022111",1,NA,"00180","0000000750","0000135000"
2010114170,"022111",1,NA,"00600","0000000350","0000210000"
2010134060,"022111",1,NA,"00300","0000000400","0000120000"
2010014070,"022113",1,NA,"00300","0000000650","0000195000"
2010010015,"022111",1,NA,"00600","0000000250","0000150000"
2010014058,"022113",1,NA,"00200","0000000850","0000170000"
2010090054,"022111",7,NA,"00600","0000000200","0000120000"
2010090053,"022111",1,NA,"00600","0000000200","0000120000"
2010082059,"022111",1,NA,"00200","0000000250","0000050000"
2010030156,"022113",1,NA,"00600","0000000500","0000300000"
2010090060,"022113",1,NA,"00200","0000000500","0000100000"
2010054119,"022111",1,NA,"00600","0000000250","0000150000"
2010078108,"022111",1,NA,"01250","0000000500","0000625000"
2010018072,"022111",1,NA,"00600","0000000250","0000150000"
2010014068,"022113",1,NA,"00200","0000000850","0000170000"
2010046203,"022111",1,NA,"00080","0000000175","0000014000"
2010110205,"022113",1,NA,"00600","0000000500","0000300000"
2010127216,"022111",1,NA,"00600","0000000250","0000150000"
2010103061,"022113",1,NA,"00600","0000000900","0000540000"
2010007017,"022111",1,NA,"00500","0000000350","0000175000"
2010015016,"022111",1,NA,"00600","0000000300","0000180000"
2010031164,"022111",1,NA,"00600","0000000250","0000150000"
2010015014,"022111",1,NA,"00600","0000000550","0000330000"
2010051203,"022111",1,NA,"00300","0000000500","0000150000"
2010055007,"022111",1,NA,"00600","0000000300","0000180000"
2010099058,"022111",1,NA,"01200","0000000175","0000210000"
2010075160,"022111",1,NA,"00600","0000000400","0000240000"
2010079108,"022111",1,NA,"00400","0000000150","0000060000"
2010123207,"022113",1,NA,"00150","0000001000","0000150000"
2010031161,"022111",1,NA,"00300","0000000450","0000135000"
2010055004,"022113",1,NA,"00600","0000000500","0000300000"
2010075163,"022111",1,NA,"00600","0000000250","0000150000"
2010123210,"022111",1,NA,"00060","0000000300","0000018000"
2010023153,"022113",1,NA,"00600","0000000500","0000300000"
2010095054,"022113",1,NA,"00150","0000000600","0000090000"
2010107010,"022111",1,NA,"01100","0000000200","0000220000"
2010015011,"022111",1,NA,"00600","0000000600","0000360000"
2010071157,"022111",1,NA,"00600","0000000200","0000120000"
2010087056,"022111",1,NA,"00200","0000000300","0000060000"
2010091010,"022111",1,NA,"00300","0000000150","0000045000"
2010099064,"022111",1,NA,"00800","0000000150","0000120000"
2010099066,"022111",1,NA,"00600","0000000175","0000105000"
2010131167,"022113",1,NA,"00600","0000001000","0000600000"
2010039066,"022113",1,NA,"00100","0000000750","0000075000"
2010035108,"022111",1,NA,"00300","0000000150","0000045000"
2010035110,"022111",1,NA,"00240","0000000250","0000060000"
2010035101,"022111",1,NA,"00600","0000000150","0000090000"
2010047099,"022111",1,NA,"00600","0000000250","0000150000"
2010095057,"022111",1,NA,"00300","0000000300","0000090000"
2010095066,"022111",1,NA,"00600","0000000250","0000150000"
2010095061,"022111",1,NA,"01200","0000000150","0000180000"
2010119163,"022111",1,NA,"01200","0000000250","0000300000"
2010119163,"023111",1,NA,NA,NA,"0000900000"
2010027199,"022111",1,NA,"00600","0000000500","0000300000"
2010043013,"022111",1,NA,"00600","0000000400","0000240000"
2010027200,"022111",1,NA,"00600","0000000150","0000090000"
2010083117,"022111",1,NA,"00600","0000000200","0000120000"
2010027192,"022111",1,NA,"00600","0000000250","0000150000"
2010011060,"022111",1,NA,"00600","0000000250","0000150000"
2010011063,"022111",1,NA,"00600","0000000300","0000180000"
2010047102,"022113",1,NA,"00600","0000000400","0000240000"
2010051198,"022113",1,NA,"00100","0000000550","0000055000"
2010091014,"022113",1,NA,"00600","0000000600","0000360000"
2010076115,"022113",1,NA,"00600","0000000500","0000300000"
2010040120,"022113",1,NA,"00180","0000000500","0000090000"
2010040119,"022113",1,NA,"00600","0000000850","0000510000"
2010088063,"022111",1,NA,"00100","0000000300","0000030000"
2010052113,"022111",1,NA,"00600","0000000250","0000150000"
2010088052,"022111",1,NA,"00600","0000000300","0000180000"
2010068017,"022113",1,NA,"00600","0000000550","0000330000"
2010056232,"022111",7,NA,"01200","0000000300","0000360000"
2010008058,"022111",1,NA,"00090","0000000500","0000045000"
2010020115,"022111",1,NA,"00600","0000000500","0000300000"
2010092061,"022113",1,NA,"00600","0000001250","0000750000"
2010128198,"022111",1,NA,"00600","0000000500","0000300000"
2010032065,"022111",1,NA,"00080","0000000250","0000020000"
2010008061,"022111",1,NA,"00600","0000000400","0000240000"
2010008065,"022111",1,NA,"00240","0000000250","0000060000"
2010044153,"022111",1,NA,"01200","0000000250","0000300000"
2010080016,"022111",1,NA,"00200","0000000250","0000050000"
2010056226,"022111",1,NA,"00210","0000000600","0000126000"
2010044145,"022113",1,NA,"00016","0000001000","0000016000"
2010008051,"022111",1,NA,"00600","0000000500","0000300000"
2010088058,"022111",1,NA,"00600","0000000200","0000120000"
2010020109,"022111",1,NA,"00600","0000000500","0000300000"
2010036175,"022111",1,NA,"00600","0000000400","0000240000"
2010036183,"022113",1,NA,"00100","0000001000","0000100000"
2010024165,"022111",1,NA,"00600","0000000500","0000300000"
2010028113,"022113",1,NA,"00300","0000001000","0000300000"
2010036169,"022111",1,NA,"00600","0000000200","0000120000"
2010132060,"022111",1,NA,"00600","0000000400","0000240000"
2010132060,"023111",1,NA,NA,NA,"0002400000"
2010052110,"022115",1,NA,NA,NA,"0000150000"
2010012156,"022111",1,NA,"00300","0000000350","0000105000"
2010048059,"022111",1,NA,"00600","0000000350","0000210000"
2010100015,"022111",1,NA,"00240","0000000150","0000036000"
2020105067,"022111",1,NA,"00150","0000000250","0000037500"
2020041017,"022111",1,NA,"00600","0000000225","0000135000"
2020033206,"022111",1,NA,"00600","0000000250","0000150000"
2020069116,"022111",1,NA,"00650","0000000200","0000130000"
2020069127,"022111",1,NA,"00400","0000000200","0000080000"
2020125060,"022111",1,NA,"00600","0000000225","0000135000"
2020041012,"022111",1,NA,"00400","0000000200","0000080000"
2020057124,"022111",1,NA,"00150","0000000200","0000030000"
2020057126,"022111",1,NA,"00600","0000000200","0000120000"
2020069125,"022111",1,NA,"00150","0000000200","0000030000"
2020017119,"022111",1,NA,"00600","0000000250","0000150000"
2020081106,"022111",1,NA,"00300","0000000200","0000060000"
2020005008,"022113",1,NA,"00600","0000000550","0000330000"
2020005010,"022111",1,NA,"00600","0000000350","0000210000"
2020061007,"022111",1,NA,"00400","0000000200","0000080000"
2020109010,"022111",1,NA,"00600","0000000250","0000150000"
2020017106,"022111",1,NA,"00500","0000000250","0000125000"
2020053345,"022111",1,NA,"01600","0000000125","0000200000"
2020073147,"022111",1,NA,"00200","0000000270","0000054000"
2020073154,"022111",1,NA,"00600","0000000150","0000090000"
2020093018,"022113",1,NA,"00400","0000000600","0000240000"
2020045014,"022111",1,NA,"00300","0000000270","0000081000"
2020045014,"023111",1,NA,NA,NA,"0000150000"
2020053346,"022111",1,NA,"00600","0000000225","0000135000"
2020061005,"022111",1,NA,"00600","0000000250","0000150000"
2020113112,"022111",1,NA,"00200","0000000250","0000050000"
2020045005,"021111",1,NA,NA,NA,"0000150000"
2020045005,"022111",1,NA,"01000","0000000300","0000300000"
2020021011,"022111",1,NA,"00600","0000000250","0000150000"
2020001099,"022111",1,NA,"00250","0000000200","0000050000"
2020081117,"022111",1,NA,"00600","0000000250","0000150000"
2020081114,"022111",1,NA,"00300","0000000175","0000052500"
2020101254,"022111",1,NA,"00600","0000000220","0000132000"
2020045005,"023111",1,NA,NA,NA,"0000100000"
2020110054,"022111",1,NA,"00600","0000000200","0000120000"
2020094012,"022111",1,NA,"00600","0000000180","0000108000"
2020094007,"022111",1,NA,"01000","0000000125","0000125000"
2020006152,"022111",1,NA,"01200","0000000200","0000240000"
2020006152,"023111",1,NA,NA,NA,"0000200000"
2020010012,"022113",1,NA,"00060","0000001000","0000060000"
2020018196,"022111",1,NA,"00200","0000000250","0000050000"
2020094014,"022111",1,NA,"00700","0000000300","0000210000"
2020046017,"022111",1,NA,"01800","0000000110","0000198000"
2020126121,"022111",1,NA,"00700","0000000250","0000175000"
2020014012,"022111",1,NA,"00350","0000000250","0000087500"
2020018188,"022111",1,NA,"00300","0000000250","0000075000"
2020022121,"022111",1,NA,"00500","0000000250","0000125000"
2020022127,"022111",1,NA,"00300","0000000250","0000075000"
2020022128,"022111",1,NA,"00500","0000000250","0000125000"
2020130109,"022111",1,NA,"00600","0000000260","0000156000"
2020054057,"022111",1,NA,"00200","0000000180","0000036000"
2020090115,"022111",1,NA,"00600","0000000270","0000162000"
2020098125,"022111",1,NA,"00250","0000000250","0000062500"
2020102009,"022111",1,NA,"00400","0000000250","0000100000"
2020106217,"022113",1,NA,"00600","0000000350","0000210000"
2020046009,"022111",1,NA,"00090","0000000300","0000027000"
2020034142,"022111",1,NA,"00650","0000000230","0000149500"
2020122009,"022111",1,NA,"00800","0000000275","0000220000"
2020082177,"022111",1,NA,"00600","0000000200","0000120000"
2020075158,"022111",7,NA,"01000","0000000300","0000300000"
2020059064,"022111",1,NA,"00600","0000000300","0000180000"
2020003172,"022111",1,NA,"00300","0000000250","0000075000"
2020011055,"022111",1,NA,"00150","0000000300","0000045000"
2020067156,"022111",1,NA,"00200","0000000250","0000050000"
2020011060,"022111",1,NA,"00600","0000000250","0000150000"
2020039152,"022111",1,NA,"01000","0000000240","0000240000"
2020039152,"023111",1,NA,NA,NA,"0000150000"
2020063177,"022111",1,NA,"00600","0000000250","0000150000"
2020055114,"022111",1,NA,"00900","0000000300","0000270000"
2020019008,"022111",1,NA,"00100","0000000250","0000025000"
2020019014,"022111",1,NA,"00300","0000000250","0000075000"
2020019017,"022111",1,NA,"00200","0000000250","0000050000"
2020031004,"022111",1,NA,"00400","0000000250","0000100000"
2020035199,"022111",1,NA,"00600","0000000250","0000150000"
2020035199,"023111",1,NA,NA,NA,"0000600000"
2020071009,"022111",1,NA,"00400","0000000250","0000100000"
2020075146,"022111",1,NA,"00400","0000000250","0000100000"
2020075149,"022111",1,NA,"00300","0000000200","0000060000"
2020083185,"022113",1,NA,"00800","0000000500","0000400000"
2020083198,"022111",1,NA,"00600","0000000200","0000120000"
2020087064,"022111",1,NA,"00500","0000000300","0000150000"
2020119145,"022113",1,NA,"00500","0000000600","0000300000"
2020127172,"022111",1,NA,"00200","0000000200","0000040000"
2020127177,"022111",1,NA,"00600","0000000200","0000120000"
2020127179,"022111",1,NA,"00600","0000000200","0000120000"
2020076117,"022111",1,NA,"00400","0000000250","0000100000"
2020028196,"022111",1,NA,"00500","0000000300","0000150000"
2020028196,"023111",1,NA,NA,NA,"0001000000"
2020064108,"022111",1,NA,"00600","0000000250","0000150000"
2020032058,"022111",1,NA,"00400","0000000250","0000100000"
2020032069,"022111",1,NA,"00500","0000000250","0000125000"
2020032069,"023111",1,NA,NA,NA,"0001000000"
2020028202,"022111",1,NA,"00400","0000000300","0000120000"
2020088117,"022111",1,NA,"00300","0000000500","0000150000"
2020060099,"022111",1,NA,"00600","0000000250","0000150000"
2020100068,"022111",1,NA,"00360","0000001000","0000360000"
2020092160,"022111",1,NA,"00800","0000000280","0000224000"
2020068071,"022111",1,NA,"00400","0000000250","0000100000"
2020056005,"022111",1,NA,"00600","0000000200","0000120000"
2020056018,"022111",1,NA,"00400","0000000300","0000120000"
2020016118,"022111",1,NA,"00200","0000000250","0000050000"
2020008004,"022111",1,NA,"01000","0000000250","0000250000"
2020124105,"022113",1,NA,"00600","0000000540","0000324000"
2020020104,"022111",1,NA,"00500","0000000300","0000150000"
2020048113,"022113",1,NA,"01000","0000000550","0000550000"
2020004152,"022113",7,NA,"00100","0000000600","0000060000"
2020004156,"022111",1,NA,"00700","0000000300","0000210000"
2020024166,"022111",1,NA,"01200","0000000330","0000396000"
2020024170,"022111",1,NA,"00800","0000000310","0000248000"
2020020113,"022111",1,NA,"00400","0000000250","0000100000"
2020084009,"022111",1,NA,"00200","0000000350","0000070000"
2020112177,"022111",1,NA,"00800","0000000250","0000200000"
2020044059,"022111",1,NA,"01200","0000000400","0000480000"
2020084015,"022111",1,NA,"00300","0000000350","0000105000"
2020040018,"022111",1,NA,"01500","0000000320","0000480000"
2020056011,"022111",1,NA,"00200","0000000200","0000040000"
2030029155,"022113",1,NA,"00600","0000000250","0000150000"
2030025174,"022113",1,NA,"00300","0000000250","0000075000"
2030029147,"022113",1,NA,"00300","0000000250","0000075000"
2030053015,"022113",1,NA,"00600","0000000250","0000150000"
2030073176,"022111",1,NA,"01200","0000000200","0000240000"
2030073172,"022113",1,NA,"00060","0000000250","0000015000"
2030061163,"022113",1,NA,"00100","0000000250","0000025000"
2030085114,"022113",1,NA,"00240","0000000900","0000216000"
2030085125,"022111",1,NA,"00600","0000000200","0000120000"
2030109113,"022113",1,NA,"00300","0000000400","0000120000"
2030109122,"022113",1,NA,"00400","0000000175","0000070000"
2030001230,"022111",1,NA,"00600","0000000100","0000060000"
2030113063,"022113",1,NA,"01200","0000000500","0000600000"
2030113063,"023111",1,NA,NA,NA,"0001000000"
2030113060,"022111",1,NA,"01200","0000000250","0000300000"
2030021014,"022113",1,NA,"00080","0000000250","0000020000"
2030033071,"022113",1,NA,"00150","0000000500","0000075000"
2030033060,"022113",1,NA,"00600","0000000750","0000450000"
2030089205,"022111",1,NA,"00600","0000000250","0000150000"
2030133159,"022111",1,NA,"00600","0000000300","0000180000"
2030133146,"022111",1,NA,"00150","0000000500","0000075000"
2030033069,"022113",7,NA,"00600","0000000600","0000360000"
2030033066,"022113",1,NA,"01200","0000000750","0000900000"
2030033061,"022113",1,NA,"00600","0000000500","0000300000"
2030021009,"022113",1,NA,"00600","0000000250","0000150000"
2030005114,"022113",1,NA,"00600","0000000600","0000360000"
2030109121,"022113",1,NA,"01200","0000000200","0000240000"
2030117058,"022113",1,NA,"00600","0000000250","0000150000"
2030117065,"022113",1,NA,"01200","0000000250","0000300000"
2030057150,"022113",1,NA,"00600","0000000250","0000150000"
2030073178,"022111",1,NA,"00150","0000000250","0000037500"
2030005108,"022115",1,NA,NA,NA,"0000040000"
2030005107,"022111",1,NA,"01200","0000000200","0000240000"
2030005112,"022111",1,NA,"00600","0000000300","0000180000"
2030077245,"022113",1,NA,"00060","0000000250","0000015000"
2030053006,"022113",1,NA,"01200","0000000250","0000300000"
2030053009,"022113",1,NA,"01200","0000000250","0000300000"
2030109118,"022113",1,NA,"00600","0000000200","0000120000"
2030133155,"022111",1,NA,"00500","0000000500","0000250000"
2030093173,"022111",1,NA,"00600","0000000250","0000150000"
2030074007,"022113",1,NA,"01200","0000000250","0000300000"
2030026108,"022113",1,NA,"00600","0000000250","0000150000"
2030110067,"022111",1,NA,"00600","0000000125","0000075000"
2030110061,"022113",1,NA,"00300","0000000450","0000135000"
2030014060,"022113",1,NA,"00080","0000000450","0000036000"
2030122122,"022111",1,NA,"00600","0000000300","0000180000"
2030122121,"022113",1,NA,"00600","0000000200","0000120000"
2030062168,"022113",1,NA,"00600","0000000250","0000150000"
2030050018,"022111",1,NA,"01200","0000000250","0000300000"
2030050007,"022113",1,NA,"00300","0000000900","0000270000"
2030026114,"022113",1,NA,"00300","0000000250","0000075000"
2030074004,"022113",1,NA,"00600","0000000250","0000150000"
2030074011,"022113",1,NA,"00300","0000000250","0000075000"
2030038060,"022113",1,NA,"00300","0000000450","0000135000"
2030006209,"022111",1,NA,"01000","0000000300","0000300000"
2030002005,"022113",1,NA,"01200","0000000500","0000600000"
2030002009,"022111",1,NA,"00600","0000000250","0000150000"
2030090016,"022111",1,NA,"01000","0000000250","0000250000"
2030090008,"022111",1,NA,"01000","0000000250","0000250000"
2030090005,"022111",1,NA,"00600","0000000200","0000120000"
2030002018,"022113",1,NA,"00750","0000000500","0000375000"
2030018005,"022111",1,NA,"00600","0000000200","0000120000"
2030130059,"022113",1,NA,"00600","0000000500","0000300000"
2030054068,"022113",1,NA,"00600","0000000375","0000225000"
2030054063,"022113",1,NA,"00600","0000000150","0000090000"
2030058016,"022111",1,NA,"00600","0000000250","0000150000"
2030094119,"022111",1,NA,"00600","0000000250","0000150000"
2030054059,"022111",1,NA,"01200","0000000250","0000300000"
2030018007,"022111",1,NA,"00600","0000000300","0000180000"
2030018010,"022113",1,NA,"00300","0000000750","0000225000"
2030070203,"022113",1,NA,"00600","0000000300","0000180000"
2030130057,"022113",1,NA,"00600","0000000500","0000300000"
2030094110,"022113",1,NA,"00600","0000000500","0000300000"
2030058007,"022111",1,NA,"00600","0000000500","0000300000"
2030030018,"022113",1,NA,"00600","0000000500","0000300000"
2030034008,"022113",1,NA,"00200","0000000700","0000140000"
2030034005,"022113",1,NA,"00300","0000000500","0000150000"
2030034012,"022113",1,NA,"00500","0000000700","0000350000"
2030106212,"022113",1,NA,"00250","0000001000","0000250000"
2030043054,"022113",1,NA,"01200","0000000500","0000600000"
2030063009,"022113",1,NA,"01200","0000000400","0000480000"
2030047149,"022113",1,NA,"00600","0000000400","0000240000"
2030127113,"022111",1,NA,"01500","0000000300","0000450000"
2030095007,"022111",1,NA,"00080","0000000400","0000032000"
2030059119,"022111",1,NA,"00600","0000000250","0000150000"
2030011122,"022111",1,NA,"00600","0000000250","0000150000"
2030043058,"022111",1,NA,"00600","0000000250","0000150000"
2030059116,"022111",1,NA,"01200","0000000250","0000300000"
2030115166,"022111",1,NA,"00300","0000000350","0000105000"
2030059122,"022113",1,NA,"01200","0000000150","0000180000"
2030059123,"022113",1,NA,"01200","0000000300","0000360000"
2030027170,"022111",1,NA,"00060","0000000500","0000030000"
2030027172,"022113",1,NA,"00300","0000000250","0000075000"
2030087179,"022111",1,NA,"00600","0000000200","0000120000"
2030095005,"022111",1,NA,"01200","0000000250","0000300000"
2030099012,"022111",1,NA,"01200","0000000200","0000240000"
2030019116,"022111",1,NA,"01200","0000000500","0000600000"
2030119013,"022111",1,NA,"00600","0000000500","0000300000"
2030107201,"022113",1,NA,"00300","0000000750","0000225000"
2030099004,"022111",1,NA,"00600","0000000225","0000135000"
2030079117,"022111",1,NA,"00600","0000000200","0000120000"
2030079127,"022111",1,NA,"00600","0000000250","0000150000"
2030079125,"022111",1,NA,"01200","0000000300","0000360000"
2030119012,"022113",1,NA,"00600","0000000750","0000450000"
2030055101,"022111",1,NA,"00300","0000000200","0000060000"
2030035172,"022111",1,NA,"01200","0000000300","0000360000"
2030131173,"022111",1,NA,"00300","0000000150","0000045000"
2030039059,"022111",1,NA,"00300","0000000300","0000090000"
2030067128,"022111",1,NA,"00600","0000000350","0000210000"
2030067125,"022111",1,NA,"00800","0000000150","0000120000"
2030031013,"022111",1,NA,"00160","0000000250","0000040000"
2030071319,"022111",1,NA,"00080","0000000300","0000024000"
2030111116,"022111",1,NA,"00120","0000000125","0000015000"
2030111115,"022111",1,NA,"00600","0000000225","0000135000"
2030111111,"022111",1,NA,"00600","0000000175","0000105000"
2030103311,"022111",1,NA,"00600","0000000350","0000210000"
2030103317,"022111",1,NA,"00300","0000000350","0000105000"
2030015013,"022111",1,NA,"00600","0000000150","0000090000"
2030135055,"022111",1,NA,"00600","0000000250","0000150000"
2030135060,"022111",1,NA,"01200","0000000175","0000210000"
2030019118,"022111",1,NA,"01200","0000000120","0000144000"
2030015007,"022111",1,NA,"00600","0000000100","0000060000"
2030083115,"022111",1,NA,"00600","0000000400","0000240000"
2030083121,"022111",1,NA,"00360","0000000200","0000072000"
2030007057,"022111",1,NA,"00600","0000000150","0000090000"
2030115179,"022111",1,NA,"00600","0000000250","0000150000"
2030107198,"022111",1,NA,"00030","0000000300","0000009000"
2030131170,"022111",1,NA,"00600","0000000200","0000120000"
2030003054,"022111",1,NA,"01200","0000000200","0000240000"
2030115170,"022111",1,NA,"00600","0000000400","0000240000"
2030064067,"022111",1,NA,"00300","0000000200","0000060000"
2030004168,"022111",1,NA,"00600","0000000750","0000450000"
2030016130,"022111",1,NA,"00600","0000000270","0000165000"
2030016122,"022111",1,NA,"00600","0000000250","0000150000"
2030016127,"022111",1,NA,"01200","0000000400","0000480000"
2030016121,"022111",1,NA,"01200","0000000375","0000450000"
2030112157,"022111",1,NA,"01200","0000000250","0000300000"
2030112156,"022111",1,NA,"00300","0000000200","0000060000"
2030040207,"022111",1,NA,"00600","0000000250","0000150000"
2030112153,"022111",1,NA,"00600","0000000200","0000120000"
2030028186,"022111",1,NA,"01200","0000000250","0000300000"
2030136150,"022111",1,NA,"00600","0000000300","0000180000"
2030136147,"022111",1,NA,"00600","0000000350","0000210000"
2030028189,"022111",1,NA,"00600","0000000150","0000090000"
2030052153,"022111",1,NA,"00600","0000000250","0000150000"
2030052159,"022113",1,NA,"00600","0000000400","0000240000"
2030052161,"022111",1,NA,"00600","0000000150","0000090000"
2030072148,"022111",1,NA,"00600","0000000400","0000240000"
2030128305,"022111",1,NA,"00600","0000000500","0000300000"
2030072147,"022111",1,NA,"00600","0000000500","0000300000"
2030060164,"022111",1,NA,"00600","0000001000","0000600000"
2030060166,"022111",1,NA,"00600","0000000250","0000150000"
2030060170,"022111",1,NA,"01200","0000000150","0000180000"
2030060173,"022111",1,NA,"00600","0000000150","0000090000"
2030048252,"022111",1,NA,"00600","0000000250","0000150000"
2030096104,"022111",1,NA,"01200","0000000350","0000420000"
2030080054,"022111",1,NA,"00600","0000000500","0000300000"
2030056061,"022111",1,NA,"00600","0000000350","0000210000"
2030068123,"022111",1,NA,"00600","0000000350","0000210000"
2030056060,"022111",1,NA,"00300","0000000300","0000090000"
2030084066,"022111",1,NA,"00600","0000000250","0000150000"
2030104119,"022111",1,NA,"00600","0000000350","0000210000"
2030032125,"022111",1,NA,"00600","0000000500","0000300000"
2030108068,"022111",1,NA,"00600","0000000350","0000210000"
2030012015,"022113",1,NA,"00600","0000000600","0000360000"
2030084062,"022111",1,NA,"00600","0000000125","0000075000"
2030036165,"022111",1,NA,"00240","0000000500","0000120000"
2030032122,"022111",1,NA,"00600","0000000500","0000300000"
2030036167,"022111",1,NA,"01200","0000000300","0000360000"
2030116223,"022111",1,NA,"00600","0000000250","0000150000"
2030008117,"022111",1,NA,"01200","0000000175","0000210000"
2030092202,"022111",1,NA,"01200","0000000750","0000900000"
2030092207,"022111",1,NA,"00600","0000000250","0000150000"
2030048255,"022111",1,NA,"00600","0000000150","0000090000"
2030120059,"022111",1,NA,"00600","0000000300","0000180000"
2030044156,"022111",1,NA,"00600","0000000250","0000150000"
2030044162,"022111",1,NA,"00600","0000000150","0000090000"
2040053158,"022113",1,NA,"00620","0000000175","0000108500"
2040053167,"022113",1,NA,"00160","0000000500","0000080000"
2040073167,"022111",1,NA,"00600","0000000250","0000150000"
2040073167,"022113",1,NA,"00600","0000000200","0000120000"
2040073171,"022111",1,NA,"00620","0000000250","0000155000"
2040073172,"022111",1,NA,"00300","0000000250","0000075000"
2040073178,"022111",1,NA,"00620","0000000250","0000155000"
2040077106,"022111",1,NA,"01240","0000000125","0000155000"
2040077116,"022111",1,NA,"00620","0000000125","0000077500"
2040077116,"022113",1,NA,"00620","0000000300","0000186000"
2040113014,"022111",1,NA,"00620","0000000250","0000155000"
2040029052,"022113",1,NA,"00620","0000000425","0000263500"
2040029062,"022113",1,NA,"00620","0000000250","0000155000"
2040037007,"022113",1,NA,"00620","0000000500","0000310000"
2040037012,"022113",1,NA,"00600","0000000517","0000310000"
2040037016,"022111",1,NA,"00600","0000000450","0000270000"
2040057013,"022111",1,NA,"00600","0000000300","0000180000"
2040105065,"022111",1,NA,"00300","0000000350","0000105000"
2040105066,"022113",1,NA,"00620","0000000806","0000500000"
2040129004,"022111",1,NA,"00300","0000000175","0000052500"
2040009018,"022111",1,NA,"00600","0000000300","0000180000"
2040069117,"022113",1,NA,"00600","0000000500","0000300000"
2040009005,"022113",1,NA,"00200","0000000250","0000050000"
2040009013,"022113",1,NA,"00300","0000000250","0000075000"
2040013064,"022113",1,NA,"00620","0000000450","0000279000"
2040057007,"022113",1,NA,"01200","0000000150","0000180000"
2040045059,"022111",1,NA,"00620","0000000250","0000155000"
2040005305,"022111",1,NA,"00310","0000000300","0000093000"
2040009011,"022111",1,NA,"00200","0000000250","0000050000"
2040005308,"022115",1,NA,NA,NA,"0000100000"
2040005314,"022115",1,NA,NA,NA,"0000250000"
2040033146,"022113",1,NA,"00500","0000000150","0000075000"
2040033150,"022113",1,NA,"01200","0000000250","0000300000"
2040045057,"022111",1,NA,"00620","0000000300","0000186000"
2040089017,"022113",1,NA,"01240","0000000250","0000310000"
2040085004,"022113",1,NA,"00620","0000000150","0000093000"
2040049228,"022113",1,NA,"01860","0000000500","0000930000"
2040017124,"022113",1,NA,"00310","0000000500","0000155000"
2040061014,"022111",1,NA,"00600","0000000500","0000300000"
2040001163,"022113",1,NA,"00620","0000000250","0000155000"
2040001166,"022111",1,NA,"01240","0000000250","0000310000"
2040001176,"022113",1,NA,"00620","0000000250","0000155000"
2040013058,"022115",1,NA,NA,NA,"0000060000"
2040013060,"022111",1,NA,"00600","0000000500","0000300000"
2040017111,"022111",1,NA,"00300","0000000250","0000075000"
2040017117,"022113",1,NA,"00300","0000001250","0000375000"
2040017119,"022115",1,NA,NA,NA,"0000250000"
2040025058,"022113",1,NA,"00620","0000000250","0000155000"
2040009011,"022115",1,NA,NA,NA,"0000100000"
2040061006,"022113",1,NA,"00620","0000000250","0000155000"
2040061009,"022113",1,NA,"00200","0000000250","0000050000"
2040121182,"022113",1,NA,"01240","0000000225","0000279000"
2040025066,"022115",1,NA,NA,NA,"0000400000"
2040025070,"022111",1,NA,"00600","0000000250","0000150000"
2040041006,"022111",1,NA,"01200","0000000250","0000300000"
2040041018,"022111",1,NA,"00620","0000000300","0000186000"
2040045063,"022111",1,NA,"00600","0000000250","0000150000"
2040045066,"022111",1,NA,"00500","0000000250","0000125000"
2040049218,"022111",1,NA,"06000","0000000300","0001800000"
2040049219,"022111",1,NA,"01240","0000000350","0000434000"
2040049224,"022113",1,NA,"00620","0000000250","0000155000"
2040021111,"022111",1,NA,"00900","0000000450","0000405000"
2040049225,"022111",1,NA,"01240","0000000250","0000310000"
2040065062,"022111",1,NA,"00300","0000000325","0000097500"
2040085016,"022113",1,NA,"01800","0000000250","0000450000"
2040089005,"022111",1,NA,"00008","0000000150","0000001200"
2040089007,"022111",1,NA,"00600","0000000150","0000090000"
2040093224,"022115",1,NA,NA,NA,"0000100000"
2040097061,"022113",1,NA,"01860","0000000400","0000744000"
2040101099,"022111",1,NA,"00600","0000000250","0000150000"
2040101102,"022113",1,NA,"00620","0000000300","0000186000"
2040101108,"022111",1,NA,"00620","0000000250","0000155000"
2040109167,"022113",1,NA,"00600","0000000225","0000135000"
2040117049,"022111",1,NA,"00300","0000000250","0000075000"
2040117060,"022113",1,NA,"00600","0000000500","0000300000"
2040117060,"023111",1,NA,NA,NA,"0002000000"
2040085008,"022113",1,NA,"00620","0000000250","0000155000"
2040121177,"022113",1,NA,"00200","0000000150","0000030000"
2040125062,"022111",1,NA,"00940","0000000250","0000235000"
2040125066,"022113",1,NA,"00800","0000000500","0000400000"
2040133072,"022111",1,NA,"00620","0000000200","0000124000"
2040113011,"022111",1,NA,"00600","0000000150","0000090000"
2040101107,"022113",1,NA,"01240","0000000350","0000434000"
2040061010,"022113",1,NA,"00600","0000000500","0000300000"
2040070065,"022115",1,NA,NA,NA,"0000150000"
2040014158,"022113",1,NA,"00300","0000000400","0000120000"
2040014158,"022115",1,NA,NA,NA,"0000050000"
2040014168,"022111",1,NA,"00620","0000000250","0000155000"
2040010121,"022113",1,NA,"00620","0000000300","0000186000"
2040118120,"022113",1,NA,"00400","0000000250","0000100000"
2040098191,"022113",1,NA,"00300","0000000400","0000120000"
2040098189,"022113",1,NA,"00500","0000000250","0000125000"
2040122271,"022111",1,NA,"00620","0000000250","0000155000"
2040122274,"022113",1,NA,"00620","0000000350","0000217000"
2040078015,"022113",1,NA,"00620","0000000350","0000217000"
2040098201,"022111",1,NA,"00620","0000000250","0000155000"
2040098197,"022111",1,NA,"01200","0000000250","0000300000"
2040098194,"022113",1,NA,"00620","0000000350","0000217000"
2040078011,"022113",1,NA,"00300","0000000500","0000150000"
2040078007,"022111",1,NA,"01240","0000000250","0000310000"
2040078006,"022113",1,NA,"00250","0000000350","0000087500"
2040090011,"022113",1,NA,"01220","0000000350","0000427000"
2040066061,"022111",1,NA,"01200","0000000250","0000300000"
2040066058,"022113",1,NA,"00620","0000000125","0000077500"
2040090007,"022111",1,NA,"00620","0000000350","0000217000"
2040046064,"022111",1,NA,"00620","0000000225","0000139500"
2040130160,"022113",1,NA,"01860","0000000375","0000697500"
2040066052,"022111",1,NA,"01050","0000000200","0000210000"
2040066054,"022113",7,NA,"01240","0000000300","0000372000"
2040066063,"022111",1,NA,"00620","0000000250","0000155000"
2040114204,"022111",1,NA,"00600","0000000125","0000075000"
2040114201,"022111",1,NA,"00620","0000000250","0000155000"
2040130165,"022111",1,NA,"00620","0000000250","0000155000"
2040130159,"022111",1,NA,"01240","0000000300","0000372000"
2040002247,"022113",1,NA,"01240","0000000500","0000620000"
2040082167,"022111",1,NA,"00620","0000000200","0000124000"
2040082160,"022111",1,NA,"01200","0000000300","0000360000"
2040082165,"022111",1,NA,"00200","0000000200","0000040000"
2040050012,"022111",1,NA,"01200","0000000200","0000240000"
2040050008,"022113",1,NA,"00620","0000000350","0000217000"
2040050006,"022113",1,NA,"00620","0000000250","0000155000"
2040050018,"022113",1,NA,"00620","0000000500","0000310000"
2040050014,"022111",1,NA,"00620","0000000250","0000155000"
2040110165,"022111",1,NA,"01240","0000000250","0000310000"
2040006159,"022113",1,NA,"00600","0000000400","0000240000"
2040006153,"022113",1,NA,"00200","0000000350","0000070000"
2040094113,"022111",1,NA,"00620","0000000150","0000093000"
2040086013,"022111",1,NA,"00620","0000000150","0000093000"
2040086005,"022111",1,NA,"00900","0000000200","0000180000"
2040086017,"022111",7,NA,"01860","0000000325","0000604500"
2040018006,"022111",1,NA,"01200","0000000350","0000420000"
2040110162,"022111",1,NA,"00620","0000000250","0000155000"
2040110167,"022111",1,NA,"01240","0000000175","0000217000"
2040106012,"022111",1,NA,"00600","0000000250","0000150000"
2040038058,"022111",1,NA,"00620","0000000250","0000155000"
2040094100,"022111",1,NA,"00600","0000000250","0000150000"
2040074213,"022111",1,NA,"00620","0000000250","0000155000"
2040026177,"022111",1,NA,"00620","0000000250","0000155000"
2040026171,"022113",1,NA,"00620","0000000500","0000310000"
2040026173,"022111",1,NA,"01240","0000000250","0000310000"
2040030121,"022115",1,NA,NA,NA,"0000200000"
2040022118,"022111",1,NA,"01220","0000000250","0000305000"
2040102114,"022111",1,NA,"00600","0000000450","0000270000"
2040102120,"022113",1,NA,"00900","0000000250","0000225000"
2040022120,"022115",1,NA,NA,NA,"0000700000"
2040002249,"022113",1,NA,"00200","0000000450","0000090000"
2040002252,"022113",1,NA,"00620","0000000500","0000310000"
2040034005,"022113",1,NA,"00620","0000000350","0000217000"
2040034008,"022113",1,NA,"00700","0000000300","0000210000"
2040014163,"022113",1,NA,"00300","0000000300","0000090000"
2040070056,"022113",1,NA,"00620","0000000500","0000310000"
2040070061,"022113",1,NA,"00620","0000000275","0000170500"
2040062115,"022113",1,NA,"00300","0000000300","0000090000"
2040062113,"022111",1,NA,"01240","0000000250","0000310000"
2040062119,"022111",1,NA,"00620","0000000275","0000170500"
2040047016,"022111",1,NA,"00200","0000000225","0000045000"
2040047009,"022111",1,NA,"00600","0000000200","0000120000"
2040047012,"022113",7,NA,"00600","0000000550","0000330000"
2040051062,"022111",1,NA,"00600","0000000250","0000150000"
2040095010,"022111",1,NA,"00600","0000000150","0000090000"
2040075160,"022113",1,NA,"00600","0000000250","0000150000"
2040123439,"022111",1,NA,"01200","0000000250","0000300000"
2040123448,"022111",1,NA,"00600","0000000250","0000150000"
2040119012,"022111",1,NA,"00600","0000000250","0000150000"
2040119006,"022111",1,NA,"00600","0000000140","0000084000"
2040119014,"022113",1,NA,"00600","0000000300","0000180000"
2040075164,"022113",1,NA,"00900","0000000300","0000270000"
2040051068,"022111",1,NA,"00600","0000000500","0000300000"
2040043104,"022113",1,NA,"00600","0000000350","0000210000"
2040123437,"022111",1,NA,"01200","0000000250","0000300000"
2040003198,"022111",1,NA,"00700","0000000250","0000175000"
2040063109,"022111",1,NA,"01200","0000000300","0000360000"
2040063118,"022111",1,NA,"01800","0000000283","0000510000"
2040039005,"022111",1,NA,"00600","0000000225","0000135000"
2040027013,"022111",1,NA,"00975","0000000400","0000390000"
2040003204,"022111",1,NA,"00600","0000000250","0000150000"
2040003194,"022111",1,NA,"01280","0000000250","0000320000"
2040039016,"022111",1,NA,"00100","0000000300","0000030000"
2040031210,"022113",1,NA,"00600","0000000250","0000150000"
2040031204,"022115",1,NA,NA,NA,"0000200000"
2040127064,"022113",1,NA,"01800","0000000400","0000720000"
2040111018,"022111",1,NA,"01200","0000000300","0000360000"
2040087165,"022111",1,NA,"00600","0000000300","0000180000"
2040007063,"022111",1,NA,"00300","0000000250","0000075000"
2040131158,"022113",1,NA,"00600","0000000300","0000180000"
2040131161,"022113",1,NA,"00600","0000000300","0000180000"
2040083017,"022113",1,NA,"00200","0000000450","0000090000"
2040115219,"022113",1,NA,"01200","0000000500","0000600000"
2040135058,"022111",1,NA,"00600","0000000300","0000180000"
2040023218,"022111",7,NA,"00300","0000000200","0000060000"
2040023229,"022111",1,NA,"00600","0000000250","0000150000"
2040023224,"022111",1,NA,"01200","0000000250","0000300000"
2040023220,"022111",1,NA,"00600","0000000175","0000105000"
2040023220,"022113",1,NA,"00600","0000000225","0000135000"
2040071167,"022111",1,NA,"00600","0000000250","0000150000"
2040131163,"022111",1,NA,"00600","0000000300","0000180000"
2040071169,"022111",1,NA,"01200","0000000500","0000600000"
2040083010,"022111",1,NA,"00600","0000000350","0000210000"
2040079014,"022111",7,NA,"00600","0000000350","0000210000"
2040079006,"022111",1,NA,"00200","0000000250","0000050000"
2040055204,"022113",1,NA,"00600","0000000050","0000030000"
2040079009,"022113",1,NA,"00600","0000000300","0000180000"
2040103098,"022113",1,NA,"00300","0000000300","0000090000"
2040019172,"022113",1,NA,"00600","0000000600","0000360000"
2040019168,"022113",1,NA,"00300","0000000350","0000105000"
2040067068,"022113",1,NA,"00200","0000000250","0000050000"
2040011065,"022111",1,NA,"00600","0000000250","0000150000"
2040027008,"022111",1,NA,"01200","0000000250","0000300000"
2040027018,"022111",1,NA,"01200","0000000250","0000300000"
2040027011,"022111",1,NA,"01200","0000000250","0000300000"
2040043112,"022113",1,NA,"00600","0000000750","0000450000"
2040095009,"022111",1,NA,"00100","0000000200","0000020000"
2040095015,"022111",1,NA,"01200","0000000400","0000480000"
2040111009,"022111",1,NA,"01280","0000000250","0000320000"
2040111015,"022113",1,NA,"00600","0000000300","0000180000"
2040111005,"022113",1,NA,"00600","0000000500","0000300000"
2040091013,"022111",1,NA,"00600","0000000250","0000150000"
2040091011,"022113",1,NA,"00600","0000000175","0000105000"
2040007052,"022115",1,NA,NA,NA,"0000200000"
2040131154,"022111",1,NA,"01800","0000000350","0000630000"
2040055209,"022113",1,NA,"01200","0000000500","0000600000"
2040055206,"022111",7,NA,"00400","0000000250","0000100000"
2040055200,"022113",1,NA,"00600","0000000400","0000240000"
2040055196,"022113",1,NA,"00700","0000000300","0000210000"
2040024014,"022111",1,NA,"00600","0000000250","0000150000"
2040024011,"022113",1,NA,"00300","0000000750","0000225000"
2040024008,"022111",1,NA,"00300","0000000350","0000105000"
2040088062,"022111",1,NA,"00600","0000000600","0000360000"
2040088058,"022111",1,NA,"00600","0000000350","0000210000"
2040088065,"022111",1,NA,"00600","0000000350","0000210000"
2040080052,"022113",1,NA,"01160","0000000400","0000464000"
2040080061,"022111",1,NA,"01800","0000000450","0000810000"
2040080057,"022111",1,NA,"00800","0000000450","0000360000"
2040104196,"022113",1,NA,"00600","0000000750","0000450000"
2040116053,"022115",1,NA,NA,NA,"0000300000"
2040116058,"022113",1,NA,"00900","0000000350","0000315000"
2040060317,"022113",1,NA,"01800","0000000100","0000180000"
2040060327,"022113",1,NA,"00600","0000000225","0000135000"
2040060323,"022113",1,NA,"01200","0000000225","0000270000"
2040044065,"022111",1,NA,"00580","0000000200","0000116000"
2040008062,"022113",1,NA,"00300","0000000500","0000150000"
2040008058,"022113",1,NA,"00580","0000000250","0000145000"
2040008055,"022113",7,NA,"00580","0000000500","0000290000"
2040008068,"022115",1,NA,NA,NA,"0000080000"
2040016168,"022111",1,NA,"00300","0000000300","0000090000"
2040076057,"022111",1,NA,"01200","0000000600","0000720000"
2040076063,"022113",1,NA,"00300","0000000350","0000105000"
2040048014,"022111",1,NA,"00600","0000000200","0000120000"
2040048016,"022111",1,NA,"00600","0000000300","0000180000"
2040048007,"022111",1,NA,"00600","0000000900","0000540000"
2040128105,"022111",1,NA,"02320","0000000250","0000580000"
2040068118,"022111",1,NA,"00300","0000000250","0000075000"
2040128114,"022111",1,NA,"00600","0000000850","0000510000"
2040128116,"022111",1,NA,"01200","0000000120","0000144000"
2040132118,"022111",1,NA,"00600","0000001875","0001125000"
2040036057,"022113",1,NA,"00600","0000000400","0000240000"
2040064170,"022111",1,NA,"00600","0000000250","0000150000"
2040064172,"022111",1,NA,"00080","0000000250","0000020000"
2040064180,"022111",1,NA,"00600","0000000250","0000150000"
2040064175,"022111",1,NA,"00600","0000000250","0000150000"
2040096161,"022111",1,NA,"00060","0000000500","0000030000"
2040096151,"022113",1,NA,"00600","0000000900","0000540000"
2040096165,"022113",1,NA,"00600","0000000750","0000450000"
2040096157,"022113",1,NA,"00300","0000000750","0000225000"
2040124221,"022111",1,NA,"01200","0000000350","0000420000"
2040012005,"022111",1,NA,"00300","0000000250","0000075000"
2040012008,"022111",1,NA,"00600","0000000750","0000450000"
2040012008,"022115",1,NA,NA,NA,"0000040000"
2040032122,"022115",1,NA,NA,NA,"0000150000"
2040028004,"022111",1,NA,"00300","0000000400","0000120000"
2040028010,"022113",1,NA,"00300","0000000600","0000180000"
2040092219,"022113",1,NA,"00600","0000000500","0000300000"
2040092214,"022113",1,NA,"00600","0000001500","0000900000"
2040100127,"022111",1,NA,"00300","0000000250","0000075000"
2040100125,"022113",1,NA,"00300","0000000500","0000150000"
2040092212,"022113",1,NA,"01800","0000000500","0000900000"
2040020169,"022111",1,NA,"01200","0000000125","0000150000"
2040020162,"021111",1,NA,NA,NA,"0000200000"
2040020162,"022115",1,NA,NA,NA,"0000300000"
2040020165,"022111",1,NA,"00300","0000000250","0000075000"
2040112328,"022111",1,NA,"00600","0000000175","0000105000"
2040112321,"022111",1,NA,"00600","0000000400","0000240000"
2040124225,"022113",1,NA,"01200","0000000200","0000240000"
2040124230,"022111",1,NA,"00600","0000000300","0000180000"
2040124218,"022111",1,NA,"00580","0000000225","0000130500"
2040124223,"022111",1,NA,"00580","0000000225","0000130500"
2040136011,"022113",1,NA,"00600","0000000350","0000210000"
2040136018,"022111",1,NA,"01800","0000000750","0001350000"
2040136006,"022111",1,NA,"00600","0000000200","0000120000"
2040072011,"022111",1,NA,"01200","0000000200","0000240000"
2040072006,"022113",1,NA,"00300","0000000900","0000270000"
2040072015,"022111",1,NA,"01200","0000000250","0000300000"
2040056208,"022113",1,NA,"00860","0000000325","0000279500"
2040056213,"022111",1,NA,"00600","0000000250","0000150000"
2040056216,"022111",1,NA,"00600","0000000300","0000180000"
2040056217,"022113",1,NA,"00580","0000000300","0000174000"
2040040064,"022111",1,NA,"00600","0000000350","0000210000"
2040040054,"022111",1,NA,"00600","0000000325","0000195000"
2040040061,"022111",1,NA,"00600","0000000040","0000024000"
2040040058,"022111",1,NA,"00600","0000000300","0000180000"
2040044060,"022111",1,NA,"00600","0000000280","0000168000"
2040052151,"022111",7,NA,"00300","0000000350","0000105000"
2040052150,"022111",1,NA,"01200","0000000225","0000270000"
2040052154,"022111",1,NA,"01200","0000000250","0000300000"
2040032117,"022115",1,NA,NA,NA,"0000055000"
2040032113,"022113",1,NA,"00600","0000000500","0000300000"
2040016176,"022113",1,NA,"01200","0000000750","0000900000"
2050137261,"022113",1,NA,"00600","0000000250","0000150000"
2050081206,"022113",1,NA,"00350","0000000500","0000175000"
2050081195,"022111",1,NA,"00600","0000000200","0000120000"
2050077060,"022115",1,NA,NA,NA,"0000100000"
2050041146,"022111",1,NA,"00600","0000000250","0000150000"
2050117343,"023111",1,NA,NA,NA,"0000200000"
2050117349,"022113",1,NA,"00500","0000000250","0000125000"
2050077068,"022113",1,NA,"00650","0000000200","0000130000"
2050125059,"022113",1,NA,"00400","0000000250","0000100000"
2050125059,"022115",1,NA,NA,NA,"0000100000"
2050033115,"022113",1,NA,"00700","0000000500","0000350000"
2050025178,"022113",1,NA,"00500","0000000500","0000250000"
2050001015,"022113",1,NA,"00500","0000001000","0000500000"
2050001005,"022113",1,NA,"00500","0000000500","0000250000"
2050049011,"022111",1,NA,"00600","0000000200","0000120000"
2050073099,"022111",1,NA,"00400","0000000200","0000080000"
2050073102,"022111",1,NA,"02000","0000000125","0000250000"
2050037153,"022111",1,NA,"00500","0000000200","0000100000"
2050005059,"022113",1,NA,"00500","0000000500","0000250000"
2050005071,"022113",1,NA,"00600","0000000500","0000300000"
2050025166,"022113",1,NA,"00150","0000000500","0000075000"
2050105116,"022111",1,NA,"00500","0000000150","0000075000"
2050029067,"022111",1,NA,"00200","0000000250","0000050000"
2050029060,"022113",1,NA,"00620","0000000500","0000310000"
2050105122,"022111",1,NA,"00600","0000000150","0000090000"
2050005067,"022113",1,NA,"00550","0000000750","0000412500"
2050053153,"022113",1,NA,"00600","0000000500","0000300000"
2050065012,"022111",1,NA,"00600","0000000500","0000300000"
2050065009,"022113",1,NA,"00620","0000000500","0000310000"
2050009014,"022113",1,NA,"00200","0000000500","0000100000"
2050021010,"022113",7,NA,"00620","0000000600","0000372000"
2050013171,"022111",1,NA,"01200","0000000250","0000300000"
2050097018,"022113",1,NA,"00300","0000000250","0000075000"
2050013168,"022113",1,NA,"00500","0000000500","0000250000"
2050085004,"022111",1,NA,"00600","0000000500","0000300000"
2050133113,"022113",1,NA,"01860","0000000250","0000465000"
2050021009,"022111",1,NA,"00600","0000000250","0000150000"
2050133124,"022113",1,NA,"00080","0000000500","0000040000"
2050021005,"022113",1,NA,"00500","0000000250","0000125000"
2050089009,"022111",1,NA,"00350","0000000250","0000087500"
2050089011,"022111",1,NA,"00600","0000000250","0000150000"
2050125070,"022111",1,NA,"00600","0000000500","0000300000"
2050017164,"022113",1,NA,"00620","0000000550","0000341000"
2050033119,"022113",1,NA,"00500","0000000500","0000250000"
2050013175,"022111",1,NA,"00700","0000000300","0000210000"
2050013175,"023111",1,NA,NA,NA,"0002000000"
2050093061,"022113",1,NA,"00120","0000000300","0000036000"
2050129064,"022115",1,NA,NA,NA,"0000300000"
2050129057,"022113",1,NA,"01240","0000000500","0000620000"
2050117354,"022113",1,NA,"00500","0000000600","0000300000"
2050105121,"022111",1,NA,"00600","0000000200","0000120000"
2050105113,"022115",1,NA,NA,NA,"0000250000"
2050078008,"022111",1,NA,"00600","0000000400","0000240000"
2050102175,"022111",1,NA,"00620","0000000250","0000155000"
2050042110,"022113",1,NA,"00650","0000000250","0000162500"
2050054011,"022113",1,NA,"00100","0000000500","0000050000"
2050138306,"022113",1,NA,"00500","0000000250","0000125000"
2050006306,"022111",1,NA,"00600","0000000250","0000150000"
2050006294,"022113",1,NA,"00620","0000000250","0000155000"
2050126157,"022115",1,NA,NA,NA,"0000100000"
2050046148,"022113",1,NA,"00210","0000000500","0000105000"
2050010063,"022111",1,NA,"00100","0000000250","0000025000"
2050046158,"022113",1,NA,"00500","0000000900","0000450000"
2050070258,"022113",1,NA,"00300","0000000500","0000150000"
2050106049,"022111",1,NA,"00300","0000000250","0000075000"
2050118215,"022111",1,NA,"00600","0000000500","0000300000"
2050022260,"022113",1,NA,"00620","0000000500","0000310000"
2050046153,"022113",1,NA,"00700","0000000250","0000175000"
2050114017,"022113",1,NA,"00620","0000000600","0000372000"
2050022263,"022113",1,NA,"00200","0000000500","0000100000"
2050106057,"022111",1,NA,"00600","0000000200","0000120000"
2050118211,"022111",1,NA,"00030","0000000300","0000009000"
2050106061,"023111",1,NA,NA,NA,"0000400000"
2050010070,"022113",1,NA,"00120","0000001000","0000120000"
2050086013,"022113",1,NA,"00620","0000000300","0000186000"
2050074112,"022111",1,NA,"00500","0000000150","0000075000"
2050106053,"022111",1,NA,"00800","0000000150","0000120000"
2050002206,"022111",1,NA,"00930","0000000300","0000279000"
2050038013,"022111",1,NA,"00500","0000000250","0000125000"
2050014070,"022111",1,NA,"00600","0000000250","0000150000"
2050014070,"023111",1,NA,NA,NA,"0000600000"
2050062006,"022111",1,NA,"01200","0000000500","0000600000"
2050014066,"022111",1,NA,"00900","0000000350","0000315000"
2050014066,"023111",1,NA,NA,NA,"0001500000"
2050074100,"022111",1,NA,"00060","0000000300","0000018000"
2050130056,"022113",1,NA,"00600","0000000250","0000150000"
2050018050,"022111",1,NA,"00600","0000000250","0000150000"
2050074107,"022111",1,NA,"00600","0000000500","0000300000"
2050074107,"023111",1,NA,NA,NA,"0000500000"
2050134122,"022111",1,NA,"00400","0000000350","0000140000"
2050134113,"022113",1,NA,"01240","0000000200","0000248000"
2050134120,"022111",1,NA,"00300","0000000250","0000075000"
2050050482,"022113",1,NA,"00200","0000001000","0000200000"
2050114009,"022113",1,NA,"00650","0000000250","0000162500"
2050062017,"022111",1,NA,"00700","0000000150","0000105000"
2050074104,"022111",1,NA,"01200","0000000250","0000300000"
2050074104,"023111",1,NA,NA,NA,"0002000000"
2050098233,"022111",1,NA,"00300","0000000300","0000090000"
2050026065,"022111",1,NA,"00500","0000000250","0000125000"
2050042113,"022111",1,NA,"01000","0000000150","0000150000"
2050042116,"022111",1,NA,"00620","0000000250","0000155000"
2050054014,"022113",1,NA,"00620","0000000600","0000372000"
2050102163,"022111",1,NA,"00600","0000000500","0000300000"
2050095011,"022113",1,NA,"00600","0000000300","0000180000"
2050067115,"022113",1,NA,"00600","0000000500","0000300000"
2050059012,"022113",1,NA,"00040","0000000500","0000020000"
2050059016,"022113",1,NA,"00200","0000000500","0000100000"
2050035115,"022111",1,NA,"00600","0000000250","0000150000"
2050003008,"022111",1,NA,"00500","0000000200","0000100000"
2050003018,"022111",1,NA,"00600","0000000200","0000120000"
2050023155,"022111",1,NA,"00600","0000000250","0000150000"
2050119005,"022113",1,NA,"00400","0000000600","0000240000"
2050103151,"022113",1,NA,"00700","0000000500","0000350000"
2050051106,"022113",1,NA,"00600","0000000500","0000300000"
2050079062,"022111",1,NA,"00600","0000000250","0000150000"
2050035113,"022111",1,NA,"00200","0000000200","0000040000"
2050027112,"022113",1,NA,"00200","0000001000","0000200000"
2050083193,"022113",1,NA,"00270","0000000500","0000135000"
2050095007,"022113",1,NA,"00600","0000000350","0000210000"
2050019057,"022113",1,NA,"00600","0000000500","0000300000"
2050131211,"022113",1,NA,"01200","0000000300","0000360000"
2050071014,"022111",1,NA,"00600","0000000250","0000150000"
2050115010,"022113",1,NA,"00060","0000001000","0000060000"
2050083201,"022113",1,NA,"00700","0000000500","0000350000"
2050079066,"022113",1,NA,"00600","0000000250","0000150000"
2050023151,"022113",1,NA,"00200","0000000500","0000100000"
2050011006,"022111",1,NA,"00300","0000000500","0000150000"
2050083196,"022111",1,NA,"00300","0000000200","0000060000"
2050119007,"022113",1,NA,"00600","0000000500","0000300000"
2050015172,"022111",1,NA,"00700","0000000200","0000140000"
2050015169,"022111",1,NA,"00600","0000000600","0000360000"
2050039208,"022111",1,NA,"00600","0000000250","0000150000"
2050039202,"022111",1,NA,"01200","0000000300","0000360000"
2050039202,"023111",1,NA,NA,NA,"0000300000"
2050135301,"022113",1,NA,"00800","0000000300","0000240000"
2050115013,"022113",1,NA,"00800","0000000300","0000240000"
2050111150,"022113",1,NA,"00600","0000000300","0000180000"
2050111150,"023111",1,NA,NA,NA,"0001000000"
2050003015,"022113",7,NA,"00650","0000000500","0000325000"
2050123164,"022111",1,NA,"00300","0000000250","0000075000"
2050039205,"022111",1,NA,"00600","0000000200","0000120000"
2050087167,"022111",1,NA,"00600","0000000175","0000105000"
2050063007,"022111",1,NA,"00600","0000000200","0000120000"
2050079068,"022111",1,NA,"00600","0000000150","0000090000"
2050039200,"022113",1,NA,"00500","0000000500","0000250000"
2050131213,"022113",7,NA,"01200","0000000500","0000600000"
2050087158,"022111",1,NA,"00600","0000000200","0000120000"
2050087162,"022111",1,NA,"00300","0000000400","0000120000"
2050087163,"022113",1,NA,"00600","0000000500","0000300000"
2050075007,"022113",1,NA,"00700","0000000500","0000350000"
2050031218,"022113",1,NA,"00400","0000000500","0000200000"
2050108113,"022111",1,NA,"00600","0000000400","0000240000"
2050104173,"022111",1,NA,"00600","0000000250","0000150000"
2050024293,"022113",1,NA,"00300","0000001000","0000300000"
2050128107,"022113",1,NA,"00700","0000000350","0000245000"
2050128110,"022111",1,NA,"00400","0000000500","0000200000"
2050068175,"022111",1,NA,"00600","0000000250","0000150000"
2050036007,"022113",1,NA,"01200","0000000500","0000600000"
2050012110,"022113",1,NA,"01000","0000000400","0000400000"
2050080065,"022111",1,NA,"00600","0000000500","0000300000"
2050044105,"022111",1,NA,"00600","0000000200","0000120000"
2050104176,"022113",1,NA,"00300","0000000500","0000150000"
2050080059,"022113",1,NA,"00600","0000000600","0000360000"
2050024291,"022111",1,NA,"00500","0000000500","0000250000"
2050044108,"022113",1,NA,"01200","0000000800","0000960000"
2050092164,"022113",1,NA,"00600","0000000600","0000360000"
2050104163,"022113",1,NA,"00040","0000001000","0000040000"
2050060167,"022111",1,NA,"00600","0000000400","0000240000"
2050048250,"022113",1,NA,"00090","0000001000","0000090000"
2050060163,"022111",1,NA,"00300","0000000400","0000120000"
2050092157,"022115",1,NA,NA,NA,"0000250000"
2050024295,"022113",1,NA,"00500","0000000700","0000350000"
2050020101,"022113",1,NA,"00500","0000001000","0000500000"
2050104168,"022111",1,NA,"00400","0000000200","0000080000"
2050096058,"022113",1,NA,"00300","0000000500","0000150000"
2050004164,"022113",1,NA,"00600","0000000800","0000480000"
2050028069,"022111",1,NA,"00300","0000000250","0000075000"
2050028069,"022115",1,NA,NA,NA,"0000195000"
2050124062,"022111",1,NA,"01200","0000001250","0001500000"
2050088276,"022113",1,NA,"00120","0000000750","0000090000"
2050052009,"022113",1,NA,"00200","0000000500","0000100000"
2050112119,"022113",1,NA,"00090","0000000500","0000045000"
2050028062,"022111",1,NA,"00600","0000000250","0000150000"
2050036015,"022111",1,NA,"00700","0000000350","0000245000"
2050008056,"022113",1,NA,"00300","0000000700","0000210000"
2050076201,"022113",1,NA,"00650","0000000600","0000390000"
2050016210,"022113",1,NA,"00900","0000001000","0000900000"
2050076212,"022111",1,NA,"00120","0000000500","0000060000"
2050132109,"022113",1,NA,"00650","0000000600","0000390000"
2050028066,"022113",1,NA,"00300","0000000700","0000210000"
2050116217,"022113",1,NA,"00400","0000000800","0000320000"
2050068170,"022111",1,NA,"00600","0000000250","0000150000"
2050116215,"022113",1,NA,"00300","0000000500","0000150000"
2050020096,"022111",1,NA,"00200","0000000200","0000040000"
2050080072,"022115",1,NA,NA,NA,"0000060000"
2050040113,"022111",1,NA,"00060","0000000500","0000030000"
2050064061,"022113",1,NA,"00600","0000000700","0000420000"
2050136163,"022111",1,NA,"01800","0000000300","0000540000"
2050068173,"022113",1,NA,"00700","0000000500","0000350000"
2050040115,"022111",1,NA,"00600","0000000250","0000150000"
2060085111,"022111",1,NA,"00400","0000000300","0000120000"
2060089129,"022113",1,NA,"00300","0000000500","0000150000"
2060089117,"022111",1,NA,"00600","0000000400","0000240000"
2060089120,"022113",1,NA,"00500","0000000500","0000250000"
2060021005,"022111",1,NA,"00600","0000000150","0000090000"
2060077055,"022113",1,NA,"00400","0000000400","0000160000"
2060101163,"022113",1,NA,"00700","0000000250","0000175000"
2060101158,"022113",1,NA,"00100","0000000350","0000035000"
2060009117,"022113",1,NA,"00400","0000000300","0000120000"
2060017118,"022113",1,NA,"00600","0000000250","0000150000"
2060017119,"022113",1,NA,"00600","0000000250","0000150000"
2060109152,"022111",1,NA,"00600","0000000500","0000300000"
2060109154,"022111",1,NA,"00600","0000000500","0000300000"
2060037166,"022113",1,NA,"00600","0000000300","0000180000"
2060125017,"022113",1,NA,"00600","0000000600","0000360000"
2060025070,"022113",1,NA,"01200","0000000250","0000300000"
2060113066,"022113",1,NA,"00600","0000000900","0000540000"
2060117062,"022111",1,NA,"00600","0000000800","0000480000"
2060041106,"022113",1,NA,"00600","0000000250","0000150000"
2060041110,"022113",1,NA,"00600","0000000250","0000150000"
2060041102,"022113",1,NA,"00600","0000000250","0000150000"
2060001114,"022113",1,NA,"01200","0000000200","0000240000"
2060061004,"022113",1,NA,"01200","0000000250","0000300000"
2060061015,"022111",1,NA,"01200","0000000250","0000300000"
2060033120,"022113",1,NA,"00600","0000000600","0000360000"
2060033109,"022111",1,NA,"00300","0000001800","0000540000"
2060125011,"022111",1,NA,"00600","0000000250","0000150000"
2060029115,"022113",1,NA,"01200","0000000500","0000600000"
2060029112,"022111",1,NA,"01200","0000000500","0000600000"
2060013069,"022111",1,NA,"00600","0000000500","0000300000"
2060013059,"022111",1,NA,"01200","0000000250","0000300000"
2060013062,"022113",1,NA,"00300","0000000500","0000150000"
2060057007,"022111",1,NA,"00300","0000000400","0000120000"
2060105157,"022111",1,NA,"00500","0000000400","0000200000"
2060105165,"022113",1,NA,"00500","0000000600","0000300000"
2060105152,"022111",1,NA,"00500","0000000300","0000150000"
2060045160,"022111",1,NA,"00600","0000000250","0000150000"
2060045157,"022113",1,NA,"00300","0000002500","0000750000"
2060045164,"022111",1,NA,"00300","0000000250","0000075000"
2060045169,"022113",1,NA,"00300","0000000350","0000105000"
2060081152,"022113",1,NA,"00600","0000000300","0000180000"
2060129222,"022111",1,NA,"00400","0000000400","0000160000"
2060073168,"022113",1,NA,"00040","0000001000","0000040000"
2060065193,"022111",1,NA,"00600","0000000250","0000150000"
2060121059,"022113",1,NA,"00300","0000000400","0000120000"
2060014008,"022111",1,NA,"00250","0000000500","0000125000"
2060074065,"022113",1,NA,"00050","0000006000","0000300000"
2060114062,"022113",1,NA,"00600","0000000250","0000150000"
2060134159,"022113",1,NA,"00300","0000000300","0000090000"
2060134163,"022113",1,NA,"00200","0000000500","0000100000"
2060134162,"022113",1,NA,"00200","0000000300","0000060000"
2060138112,"022113",1,NA,"00200","0000000500","0000100000"
2060138109,"022113",1,NA,"00100","0000000500","0000050000"
2060038061,"022113",1,NA,"00600","0000000250","0000150000"
2060118121,"022111",1,NA,"00600","0000000250","0000150000"
2060078012,"022113",1,NA,"00600","0000000250","0000150000"
2060130258,"022113",1,NA,"00200","0000000500","0000100000"
2060118112,"022111",1,NA,"00600","0000000250","0000150000"
2060098066,"022113",1,NA,"00200","0000000500","0000100000"
2060098058,"022113",1,NA,"00200","0000000500","0000100000"
2060022056,"022111",1,NA,"00400","0000000500","0000200000"
2060094113,"022113",1,NA,"00100","0000000500","0000050000"
2060054168,"022113",1,NA,"00300","0000000400","0000120000"
2060050071,"022111",1,NA,"01200","0000000250","0000300000"
2060062061,"022111",1,NA,"00300","0000000250","0000075000"
2060022060,"022111",1,NA,"00500","0000000500","0000250000"
2060106012,"022111",1,NA,"00600","0000000250","0000150000"
2060034171,"022113",1,NA,"00600","0000000250","0000150000"
2060002115,"022113",1,NA,"00600","0000000350","0000210000"
2060002120,"022113",1,NA,"00600","0000000500","0000300000"
2060102165,"022113",1,NA,"00600","0000000600","0000360000"
2060006102,"022113",1,NA,"00600","0000000250","0000150000"
2060002112,"022113",1,NA,"00600","0000000300","0000180000"
2060058275,"022113",1,NA,"00600","0000000300","0000180000"
2060006111,"022113",1,NA,"00600","0000000350","0000210000"
2060006107,"022113",1,NA,"00600","0000000200","0000120000"
2060046006,"022113",1,NA,"00600","0000000250","0000150000"
2060110063,"022113",1,NA,"00700","0000000600","0000420000"
2060058280,"022113",1,NA,"00600","0000000500","0000300000"
2060058272,"022113",1,NA,"00600","0000000250","0000150000"
2060058271,"022113",1,NA,"00600","0000000500","0000300000"
2060122071,"022113",1,NA,"00100","0000000300","0000030000"
2060090217,"022111",1,NA,"00400","0000000300","0000120000"
2060090212,"022111",1,NA,"00400","0000000300","0000120000"
2060090224,"022113",1,NA,"00500","0000000600","0000300000"
2060050060,"022111",1,NA,"00250","0000000600","0000150000"
2060027173,"022113",1,NA,"00600","0000000050","0000030000"
2060027165,"022113",1,NA,"00050","0000000300","0000015000"
2060031169,"022111",1,NA,"01200","0000000250","0000300000"
2060039214,"022111",1,NA,"00600","0000000300","0000180000"
2060039218,"022111",1,NA,"00600","0000000300","0000180000"
2060111128,"022111",1,NA,"00400","0000000400","0000160000"
2060035126,"022113",1,NA,"00600","0000000600","0000360000"
2060035122,"022113",1,NA,"01200","0000000300","0000360000"
2060019180,"022111",1,NA,"00600","0000000300","0000180000"
2060099239,"022113",1,NA,"00375","0000000400","0000150000"
2060019172,"022113",1,NA,"01800","0000000500","0000900000"
2060135096,"022113",1,NA,"00200","0000000500","0000100000"
2060123061,"022113",1,NA,"00200","0000000500","0000100000"
2060115065,"022111",1,NA,"00600","0000000500","0000300000"
2060115071,"022113",1,NA,"00600","0000000500","0000300000"
2060115059,"022111",1,NA,"00600","0000000300","0000180000"
2060083005,"022113",1,NA,"00500","0000000700","0000350000"
2060095224,"022111",1,NA,"00400","0000000250","0000100000"
2060071175,"022111",1,NA,"01200","0000000300","0000360000"
2060087115,"022111",1,NA,"00500","0000000400","0000200000"
2060015116,"022111",1,NA,"00500","0000000400","0000200000"
2060051006,"022111",1,NA,"00600","0000000250","0000150000"
2060051015,"022111",1,NA,"00600","0000000250","0000150000"
2060055156,"022111",1,NA,"00010","0000000250","0000002500"
2060007157,"022111",1,NA,"00300","0000000250","0000075000"
2060091016,"022113",1,NA,"00600","0000000250","0000150000"
2060103004,"022111",1,NA,"00600","0000000500","0000300000"
2060103008,"022113",1,NA,"00400","0000000600","0000240000"
2060003162,"022113",1,NA,"00420","0000000350","0000147000"
2060023108,"022113",1,NA,"00600","0000000500","0000300000"
2060023112,"022113",1,NA,"00600","0000000350","0000210000"
2060011237,"022111",1,NA,"01200","0000000500","0000600000"
2060011226,"022111",1,NA,"01200","0000000350","0000420000"
2060107007,"022113",1,NA,"00600","0000000700","0000420000"
2060127213,"022113",1,NA,"00600","0000000500","0000300000"
2060127208,"022111",1,NA,"00450","0000000400","0000180000"
2060052012,"022113",1,NA,"00300","0000000500","0000150000"
2060060255,"022113",1,NA,"00160","0000000500","0000080000"
2060028065,"022111",1,NA,"01800","0000000200","0000360000"
2060136155,"022113",1,NA,"00100","0000000500","0000050000"
2060124165,"022113",1,NA,"00600","0000000700","0000420000"
2060100167,"022113",1,NA,"00200","0000000500","0000100000"
2060008275,"022113",1,NA,"00600","0000001250","0000750000"
2060068154,"022111",1,NA,"00600","0000000900","0000540000"
2060080059,"022113",1,NA,"00200","0000000500","0000100000"
2060092182,"022113",1,NA,"00450","0000001000","0000450000"
2060036072,"022113",1,NA,"00600","0000000900","0000540000"
2060036067,"022111",1,NA,"00600","0000000500","0000300000"
2060036065,"022113",1,NA,"00300","0000001000","0000300000"
2060036063,"022113",1,NA,"00300","0000000500","0000150000"
2060036058,"022113",1,NA,"00600","0000000500","0000300000"
2060140171,"022113",1,NA,"00400","0000000700","0000280000"
2060140175,"022113",1,NA,"00400","0000000700","0000280000"
2060140178,"022113",1,NA,"00500","0000000700","0000350000"
2060108111,"022111",1,NA,"00600","0000000500","0000300000"
2060024065,"022113",1,NA,"00200","0000000750","0000150000"
2060072016,"022113",1,NA,"00600","0000000500","0000300000"
2060052013,"022111",1,NA,"00450","0000000350","0000157500"
2060016010,"022115",1,NA,NA,NA,"0000100000"
2060016006,"022113",1,NA,"00600","0000000600","0000360000"
2060016008,"022111",1,NA,"00500","0000000500","0000250000"
2060076007,"022111",1,NA,"00600","0000000500","0000300000"
2060076015,"022111",1,NA,"00400","0000000400","0000160000"
2060032161,"022111",1,NA,"00600","0000000250","0000150000"
2060032166,"022113",1,NA,"00600","0000000500","0000300000"
2060032173,"022111",1,NA,"01200","0000000300","0000360000"
2060032163,"022113",1,NA,"00600","0000000500","0000300000"
2060088185,"022111",1,NA,"00400","0000000450","0000180000"
2060088181,"022111",1,NA,"00600","0000000400","0000240000"
2060104254,"022111",1,NA,"00500","0000000350","0000175000"
2060096006,"022113",1,NA,"00600","0000000300","0000180000"
2060096007,"022113",1,NA,"00300","0000000275","0000082500"
2070145143,"022111",1,NA,"00300","0000000150","0000045000"
2070001052,"022111",1,NA,"00600","0000000200","0000120000"
2070001066,"022115",1,NA,NA,NA,"0000120000"
2070049068,"022111",1,NA,"00300","0000000250","0000075000"
2070025334,"022111",1,NA,"00300","0000000175","0000052500"
2070049060,"022115",1,NA,NA,NA,"0000040000"
2070133160,"022111",1,NA,"00300","0000000250","0000075000"
2070157104,"022113",1,NA,"00600","0000000450","0000270000"
2070157098,"022111",1,NA,"00600","0000000300","0000180000"
2070001062,"022115",1,NA,NA,NA,"0000100000"
2070029124,"022113",1,NA,"00600","0000000400","0000240000"
2070049064,"022111",1,NA,"00600","0000000275","0000165000"
2070061165,"022113",1,NA,"00400","0000000500","0000200000"
2070109157,"022111",1,NA,"00600","0000000250","0000150000"
2070157101,"022113",1,NA,"01200","0000000275","0000330000"
2070085014,"022115",1,NA,NA,NA,"0000060000"
2070017017,"022113",1,NA,"00600","0000000900","0000540000"
2070017011,"022113",1,NA,"00600","0000000250","0000150000"
2070013011,"022113",1,NA,"00600","0000000300","0000180000"
2070065060,"022111",1,NA,"01200","0000000250","0000300000"
2070153058,"022111",1,NA,"00300","0000000350","0000105000"
2070001055,"022113",1,NA,"00600","0000000250","0000150000"
2070137228,"022111",1,NA,"00600","0000000300","0000180000"
2070005148,"022113",1,NA,"00300","0000000500","0000150000"
2070153053,"022111",1,NA,"00600","0000000250","0000150000"
2070153053,"022115",1,NA,NA,NA,"0000020000"
2070153060,"022115",1,NA,NA,NA,"0000020000"
2070089215,"022113",1,NA,"00030","0000001000","0000030000"
2070137219,"022111",1,NA,"00600","0000000250","0000150000"
2070101323,"022115",1,NA,NA,NA,"0000060000"
2070089218,"022113",1,NA,"01200","0000000300","0000360000"
2070089218,"022115",1,NA,NA,NA,"0000040000"
2070065065,"022113",1,NA,"00600","0000000250","0000150000"
2070033114,"022113",1,NA,"00620","0000000625","0000387500"
2070033114,"023111",1,NA,NA,NA,"0003100000"
2070125202,"022111",1,NA,"00600","0000000250","0000150000"
2070033109,"022113",1,NA,"00160","0000000500","0000080000"
2070033109,"022115",1,NA,NA,NA,"0000100000"
2070105180,"022111",1,NA,"00080","0000000250","0000020000"
2070113128,"022111",1,NA,"00600","0000000250","0000150000"
2070161105,"022111",1,NA,"00200","0000000300","0000060000"
2070093006,"022113",1,NA,"00600","0000000166","0000100000"
2070101327,"022115",1,NA,NA,NA,"0000015000"
2070101329,"023111",1,NA,NA,NA,"0000180000"
2070113121,"022111",1,NA,"00600","0000000250","0000150000"
2070089212,"022113",1,NA,"00600","0000000250","0000150000"
2070077145,"022111",1,NA,"00600","0000000350","0000210000"
2070081008,"022115",1,NA,NA,NA,"0000080000"
2070137216,"022113",1,NA,"00600","0000000250","0000150000"
2070149174,"022113",1,NA,"00080","0000000187","0000015000"
2070093007,"022113",1,NA,"00600","0000000175","0000105000"
2070097112,"022115",1,NA,NA,NA,"0000100000"
2070117010,"022113",1,NA,"00600","0000000500","0000300000"
2070121068,"022113",1,NA,"00300","0000000250","0000075000"
2070121068,"022115",1,NA,NA,NA,"0000040000"
2070117017,"022113",7,NA,"00600","0000001000","0000600000"
2070009294,"022115",1,NA,NA,NA,"0000060000"
2070009301,"022115",1,NA,NA,NA,"0000090000"
2070121060,"022115",1,NA,NA,NA,"0000050000"
2070097107,"022115",1,NA,NA,NA,"0000100000"
2070009306,"022113",1,NA,"00600","0000000300","0000180000"
2070009295,"022113",1,NA,"01500","0000000150","0000300000"
2070009295,"023111",1,NA,NA,NA,"0001000000"
2070097104,"022115",1,NA,NA,NA,"0000150000"
2070121064,"022113",1,NA,"00600","0000001750","0001050000"
2070141161,"022113",1,NA,"00600","0000000175","0000105000"
2070073114,"022113",1,NA,"00600","0000000200","0000120000"
2070069186,"022111",1,NA,"00060","0000000250","0000015000"
2070097099,"022115",1,NA,NA,NA,"0000120000"
2070009298,"022111",1,NA,"00600","0000000250","0000150000"
2070029112,"022115",1,NA,NA,NA,"0000025000"
2070037012,"022113",1,NA,"00600","0000000250","0000150000"
2070045065,"022111",1,NA,"01200","0000000300","0000360000"
2070049071,"022115",1,NA,NA,NA,"0000030000"
2070077159,"022111",1,NA,"00600","0000000250","0000150000"
2070085006,"022113",1,NA,"01200","0000000400","0000480000"
2070085007,"022113",1,NA,"01200","0000001250","0001500000"
2070085007,"022115",1,NA,NA,NA,"0000100000"
2070085017,"022115",1,NA,NA,NA,"0000080000"
2070113114,"022115",1,NA,NA,NA,"0000080000"
2070129154,"022115",1,NA,NA,NA,"0000240000"
2070018203,"022111",1,NA,"00600","0000000250","0000150000"
2070114105,"022113",1,NA,"00300","0000000750","0000225000"
2070042012,"022113",1,NA,"00900","0000000090","0000018000"
2070042007,"022113",1,NA,"00600","0000000500","0000300000"
2070042015,"022113",1,NA,"00600","0000000500","0000300000"
2070042006,"022113",1,NA,"00600","0000000250","0000150000"
2070102014,"022113",1,NA,"01200","0000000175","0000210000"
2070062073,"022113",1,NA,"00600","0000000250","0000150000"
2070018200,"022113",1,NA,"00600","0000000250","0000150000"
2070018206,"022113",1,NA,"01200","0000000120","0000030000"
2070030101,"022113",1,NA,"00600","0000000275","0000165000"
2070022105,"022113",1,NA,"00200","0000000325","0000065000"
2070110058,"022113",1,NA,"00600","0000000350","0000210000"
2070138064,"022111",1,NA,"00600","0000000300","0000180000"
2070138069,"022111",1,NA,"00600","0000000250","0000150000"
2070162006,"022113",1,NA,"00600","0000000500","0000300000"
2070126117,"022113",1,NA,"00600","0000000250","0000150000"
2070078169,"022115",1,NA,NA,NA,"0000030000"
2070162008,"022111",1,NA,"00030","0000000250","0000007500"
2070066336,"022113",1,NA,"01200","0000000500","0000600000"
2070078179,"022115",1,NA,NA,NA,"0000090000"
2070162016,"022111",1,NA,"00400","0000000250","0000100000"
2070154066,"022115",1,NA,NA,NA,"0000100000"
2070054068,"022115",1,NA,NA,NA,"0000030000"
2070054061,"022113",1,NA,"00600","0000000500","0000300000"
2070066332,"022113",1,NA,"01200","0000000250","0000300000"
2070066332,"022115",1,NA,NA,NA,"0000085000"
2070030108,"022113",1,NA,"01200","0000000250","0000300000"
2070062060,"022113",1,NA,"00200","0000000125","0000025000"
2070030105,"022111",1,NA,"00600","0000000175","0000105000"
2070014172,"022111",1,NA,"00200","0000000250","0000050000"
2070034099,"022113",1,NA,"00300","0000000900","0000270000"
2070034107,"022115",1,NA,NA,NA,"0000080000"
2070038111,"022111",1,NA,"00600","0000000225","0000135000"
2070122151,"022111",1,NA,"01200","0000000500","0000600000"
2070086210,"022111",1,NA,"00600","0000000500","0000300000"
2070122154,"022111",1,NA,"01200","0000000250","0000300000"
2070014164,"022113",1,NA,"00600","0000000175","0000105000"
2070038104,"022113",1,NA,"01200","0000000500","0000600000"
2070050066,"022113",1,NA,"00300","0000000425","0000127500"
2070002275,"022111",1,NA,"01200","0000000300","0000360000"
2070002281,"022111",1,NA,"00600","0000000250","0000150000"
2070026260,"022113",1,NA,"00600","0000000150","0000090000"
2070094057,"022113",1,NA,"00600","0000000200","0000120000"
2070130343,"022115",1,NA,NA,NA,"0000020000"
2070074071,"022113",1,NA,"01200","0000000250","0000300000"
2070046154,"022113",1,NA,"00600","0000000275","0000165000"
2070074061,"022111",1,NA,"00600","0000000200","0000120000"
2070010168,"022113",1,NA,"01200","0000000350","0000420000"
2070006107,"022115",1,NA,NA,NA,"0000080000"
2070098262,"022113",1,NA,"00600","0000000250","0000150000"
2070098265,"022115",1,NA,NA,NA,"0000260000"
2070130341,"022113",1,NA,"00600","0000000250","0000150000"
2070142058,"022113",1,NA,"00600","0000000300","0000180000"
2070098257,"022115",1,NA,NA,NA,"0000150000"
2070094067,"022111",1,NA,"00700","0000000250","0000175000"
2070010164,"022111",1,NA,"00600","0000000250","0000150000"
2070106153,"022111",1,NA,"00300","0000000250","0000075000"
2070118065,"022115",1,NA,NA,NA,"0000030000"
2070118067,"022115",1,NA,NA,NA,"0000100000"
2070118054,"022115",1,NA,NA,NA,"0000020000"
2070118060,"022113",1,NA,"01200","0000000400","0000480000"
2070118060,"022115",1,NA,NA,NA,"0000080000"
2070082068,"022113",1,NA,"00300","0000000500","0000150000"
2070082068,"022115",1,NA,NA,NA,"0000130000"
2070082065,"022113",1,NA,"00400","0000000500","0000200000"
2070082065,"022115",1,NA,NA,NA,"0000120000"
2070082059,"022113",1,NA,"00300","0000000500","0000150000"
2070090010,"022113",1,NA,"620","0000000150","0000093000"
2070090005,"022113",1,NA,"00600","0000000600","0000360000"
2070090007,"022113",1,NA,"00560","0000000056","0000009800"
2070046157,"022111",1,NA,"00600","0000000250","0000150000"
2070030113,"022111",1,NA,"00400","0000000250","0000100000"
2070142066,"022111",1,NA,"01200","0000000300","0000360000"
2070034102,"022113",1,NA,"00200","0000000750","0000150000"
2070034102,"022115",1,NA,NA,NA,"0000180000"
2070046161,"022111",1,NA,"00600","0000000300","0000180000"
2070106154,"022111",1,NA,"00600","0000000300","0000180000"
2070106161,"022111",1,NA,"01000","0000000250","0000250000"
2070130352,"022115",1,NA,NA,NA,"0000080000"
2070074059,"022111",1,NA,"00300","0000000250","0000075000"
2070058004,"022113",1,NA,"00600","0000000250","0000150000"
2070058007,"022115",1,NA,NA,NA,"0000100000"
2070058012,"022115",1,NA,NA,NA,"0000020000"
2070058014,"022115",1,NA,NA,NA,"0000005000"
2070098268,"022111",1,NA,"00600","0000000300","0000180000"
2070098268,"022115",1,NA,NA,NA,"0000240000"
2070142061,"022111",1,NA,"00600","0000000250","0000150000"
2070038102,"022113",1,NA,"00600","0000000250","0000150000"
2070046168,"022111",1,NA,"00600","0000000200","0000120000"
2070074068,"022113",1,NA,"00600","0000000500","0000300000"
2070082061,"022113",1,NA,"00900","0000000250","0000225000"
2070090013,"022113",1,NA,"00600","0000000250","0000150000"
2070118059,"022115",1,NA,NA,NA,"0000040000"
2070122150,"022111",1,NA,"01200","0000000250","0000300000"
2070071008,"022111",1,NA,"01200","0000000300","0000360000"
2070059113,"022111",1,NA,"00600","0000000300","0000180000"
2070035107,"022113",1,NA,"00600","0000000200","0000120000"
2070015209,"022111",1,NA,"00600","0000000150","0000090000"
2070099317,"022113",1,NA,"00600","0000002500","0001500000"
2070143117,"022113",1,NA,"01200","0000000200","0000240000"
2070047218,"022113",1,NA,"01200","0000000300","0000360000"
2070099314,"022115",1,NA,NA,NA,"0000250000"
2070035118,"022113",1,NA,"00600","0000000250","0000150000"
2070151155,"022111",1,NA,"00300","0000000250","0000075000"
2070151165,"022115",1,NA,NA,NA,"0000050000"
2070035112,"022111",1,NA,"00600","0000000300","0000180000"
2070035112,"022115",1,NA,NA,NA,"0000050000"
2070047207,"022111",1,NA,"00600","0000000250","0000150000"
2070027051,"022111",1,NA,"00300","0000000200","0000060000"
2070159117,"022115",1,NA,NA,NA,"0000060000"
2070035114,"022111",1,NA,"00600","0000000300","0000180000"
2070107104,"022111",1,NA,"00600","0000000250","0000150000"
2070159114,"022113",1,NA,"00600","0000000225","0000135000"
2070159114,"022115",1,NA,NA,NA,"0000050000"
2070095157,"022113",1,NA,"00600","0000000750","0000450000"
2070107114,"022113",1,NA,"00600","0000000300","0000180000"
2070047211,"022113",1,NA,"00600","0000000200","0000120000"
2070043192,"022111",1,NA,"00600","0000000250","0000150000"
2070103068,"022111",1,NA,"00200","0000000200","0000040000"
2070103063,"022111",1,NA,"00600","0000000250","0000150000"
2070115176,"022111",1,NA,"00600","0000000200","0000120000"
2070055010,"022111",1,NA,"00600","0000000200","0000120000"
2070139013,"022113",1,NA,"00600","0000000250","0000150000"
2070103061,"022115",1,NA,NA,NA,"0000070000"
2070091159,"022113",1,NA,"00080","0000000250","0000020000"
2070091147,"022111",1,NA,"00600","0000000300","0000180000"
2070079119,"022113",1,NA,"01200","0000000125","0000150000"
2070079115,"022113",1,NA,"00300","0000000266","0000080000"
2070091151,"022113",1,NA,"00900","0000000244","0000220000"
2070091151,"022115",1,NA,NA,NA,"0000025000"
2070091154,"022113",1,NA,"00300","0000000250","0000075000"
2070091154,"022115",1,NA,NA,NA,"0000080000"
2070007063,"022111",1,NA,"00500","0000000250","0000125000"
2070139008,"022111",1,NA,"00300","0000000200","0000060000"
2070139017,"022111",1,NA,"00600","0000000250","0000150000"
2070087205,"022113",1,NA,"00600","0000000250","0000150000"
2070087208,"022113",1,NA,"00600","0000000500","0000300000"
2070087208,"022115",1,NA,NA,NA,"0000060000"
2070083012,"022113",1,NA,"00100","0000000250","0000025000"
2070087216,"022115",1,NA,NA,NA,"0000070000"
2070087212,"022115",1,NA,NA,NA,"0000050000"
2070087215,"022113",1,NA,"00600","0000000200","0000120000"
2070087215,"023111",1,NA,NA,NA,"0003600000"
2070123005,"022115",1,NA,NA,NA,"0000100000"
2070123013,"022113",1,NA,"00600","0000000850","0000510000"
2070123013,"022115",1,NA,NA,NA,"0000040000"
2070083006,"022113",1,NA,"00080","0000000250","0000020000"
2070051162,"022111",1,NA,"00030","0000000250","0000007500"
2070051162,"022115",1,NA,NA,NA,"0000070000"
2070051155,"022115",1,NA,NA,NA,"0000050000"
2070127063,"022111",1,NA,"01000","0000000300","0000300000"
2070003010,"022115",1,NA,NA,NA,"0000070000"
2070135065,"022111",1,NA,"00600","0000000300","0000180000"
2070135062,"022111",1,NA,"00300","0000000200","0000060000"
2070127054,"022113",1,NA,"01200","0000000225","0000270000"
2070071006,"022113",1,NA,"00600","0000000350","0000210000"
2070039013,"022113",1,NA,"00600","0000000200","0000120000"
2070071013,"022113",1,NA,"00600","0000000300","0000180000"
2070003004,"022113",1,NA,"00200","0000000225","0000045000"
2070075172,"022113",1,NA,"00300","0000000250","0000075000"
2070075185,"022113",1,NA,"00600","0000000250","0000150000"
2070063106,"022113",1,NA,"00900","0000000250","0000225000"
2070063119,"022113",1,NA,"00600","0000000200","0000120000"
2070127056,"022113",1,NA,"01200","0000000500","0000600000"
2070063114,"022113",1,NA,"00600","0000000350","0000210000"
2070067067,"022111",1,NA,"00600","0000000350","0000210000"
2070071016,"022111",1,NA,"01200","0000000250","0000300000"
2070039004,"022111",1,NA,"00600","0000000300","0000180000"
2070155012,"022115",1,NA,NA,NA,"0000050000"
2070147120,"022113",1,NA,"01200","0000000500","0000600000"
2070155016,"022113",1,NA,"00600","0000000300","0000180000"
2070156302,"022115",1,NA,NA,NA,"0000060000"
2070092156,"022111",1,NA,"00300","0000000300","0000090000"
2070044127,"022113",1,NA,"01200","0000000120","0000030000"
2070064018,"022115",1,NA,NA,NA,"0000030000"
2070104179,"022113",1,NA,"00600","0000000500","0000300000"
2070116267,"022115",1,NA,NA,NA,"0000180000"
2070116270,"022113",1,NA,"00300","0000000250","0000075000"
2070080060,"022115",1,NA,NA,NA,"0000050000"
2070080057,"022113",1,NA,"00600","0000000750","0000450000"
2070080057,"022115",1,NA,NA,NA,"0000080000"
2070008011,"022113",1,NA,"00600","0000000600","0000360000"
2070116266,"022113",1,NA,"00600","0000000550","0000330000"
2070076167,"022115",1,NA,NA,NA,"0000080000"
2070024172,"022113",1,NA,"00600","0000000250","0000150000"
2070100014,"022113",1,NA,"00600","0000000300","0000180000"
2070024176,"022111",1,NA,"00600","0000000300","0000180000"
2070160068,"022115",1,NA,NA,NA,"0000100000"
2070076172,"022115",1,NA,NA,NA,"0000050000"
2070100006,"022113",1,NA,"00600","0000000250","0000150000"
2070084160,"022113",1,NA,"01200","0000000350","0000420000"
2070084166,"022113",1,NA,"00180","0000000300","0000054000"
2070156310,"022115",1,NA,NA,NA,"0000200000"
2070088166,"022113",1,NA,"00600","0000000300","0000180000"
2070100008,"022111",1,NA,"01200","0000000300","0000360000"
2070100008,"023111",1,NA,NA,NA,"0001000000"
2070072063,"022111",1,NA,"00200","0000000300","0000060000"
2070128105,"022111",1,NA,"00600","0000000300","0000180000"
2070076164,"022113",1,NA,"00600","0000000750","0000450000"
2070076164,"022115",1,NA,NA,NA,"0000010000"
2070108110,"022111",1,NA,"00100","0000000300","0000030000"
2070036156,"022111",1,NA,"00600","0000000350","0000210000"
2070040159,"022115",1,NA,NA,NA,"0000100000"
2070016063,"022111",1,NA,"00300","0000000250","0000075000"
2070144061,"022111",1,NA,"01200","0000000300","0000360000"
2070072062,"022113",1,NA,"00600","0000000350","0000210000"
2070072058,"022113",1,NA,"01200","0000000250","0000300000"
2070092162,"022113",1,NA,"00600","0000000750","0000450000"
2070144055,"023111",1,NA,NA,NA,"0000160000"
2070132106,"022115",1,NA,NA,NA,"0000150000"
2070016067,"022113",1,NA,"00600","0000000500","0000300000"
2070096305,"022115",1,NA,NA,NA,"0000120000"
2070144052,"022113",1,NA,"00600","0000000250","0000150000"
2070048016,"022115",1,NA,NA,NA,"0000100000"
2070048014,"022115",1,NA,NA,NA,"0000080000"
2070048007,"022115",1,NA,NA,NA,"0000030000"
2070008005,"022111",1,NA,"00600","0000000300","0000180000"
2070104169,"022113",1,NA,"01200","0000000300","0000360000"
2070104172,"022111",1,NA,"00400","0000000250","0000100000"
2070140355,"022111",1,NA,"00600","0000000250","0000150000"
2070056168,"022111",1,NA,"00030","0000000300","0000009000"
2070008013,"022111",1,NA,"00900","0000000300","0000270000"
2070080065,"022115",1,NA,NA,NA,"0000250000"
2070080071,"022115",1,NA,NA,NA,"0000050000"
2070028058,"022115",1,NA,NA,NA,"0000030000"
2070028062,"022113",1,NA,"00600","0000000750","0000450000"
2070068171,"022113",1,NA,"00600","0000000500","0000300000"
2070032113,"022115",1,NA,NA,NA,"0000050000"
2070136197,"022113",1,NA,"00600","0000000300","0000180000"
2070044124,"022111",1,NA,"00100","0000000300","0000030000"
2070136192,"022111",1,NA,"00200","0000000300","0000060000"
2070064006,"022111",1,NA,"00400","0000000250","0000100000"
2070064015,"022111",1,NA,"00600","0000000300","0000180000"
2070036158,"022113",1,NA,"00600","0000000500","0000300000"
2070032110,"022115",1,NA,NA,NA,"0000120000"
2070084155,"022111",1,NA,"00900","0000000450","0000405000"
2070156305,"022115",1,NA,NA,NA,"0000100000"
2070096317,"022115",1,NA,NA,NA,"0000010000"
2070120105,"022113",1,NA,"00600","0000000600","0000360000"
2070088162,"022113",1,NA,"00600","0000000300","0000180000"
2070088174,"022113",1,NA,"01200","0000000300","0000360000"
2070052106,"022113",1,NA,"00100","0000001250","0000125000"
2070056172,"022113",1,NA,"00600","0000000300","0000180000"
2070108114,"022113",1,NA,"00600","0000000350","0000210000"
2070020161,"022113",1,NA,"00600","0000000300","0000180000"
2070020161,"023111",1,NA,NA,NA,"0000150000"
2070124208,"022113",1,NA,"01200","0000000250","0000300000"
2080001168,"022113",1,NA,"00600","0000000400","0000240000"
2080001174,"022111",1,NA,"00600","0000000250","0000150000"
2080001163,"022113",1,NA,"00600","0000000175","0000105000"
2080017017,"022111",1,NA,"00600","0000000175","0000105000"
2080081014,"022113",1,NA,"00200","0000000500","0000100000"
2080041148,"022111",1,NA,"00600","0000000250","0000150000"
2080041144,"022111",1,NA,"00200","0000000250","0000050000"
2080101013,"022113",1,NA,"00620","0000000250","0000155000"
2080025110,"022113",1,NA,"00620","0000000250","0000155000"
2080045007,"022111",1,NA,"00600","0000000225","0000135000"
2080045017,"022111",1,NA,"00600","0000000300","0000180000"
2080101004,"022111",1,NA,"00600","0000000250","0000150000"
2080045013,"022111",1,NA,"00600","0000000200","0000120000"
2080125073,"022113",1,NA,"00620","0000000300","0000186000"
2080113007,"022111",1,NA,"00620","0000000175","0000108500"
2080113004,"022113",1,NA,"00310","0000000500","0000155000"
2080113011,"022111",1,NA,"00310","0000000175","0000054250"
2080125065,"022113",1,NA,"00400","0000000400","0000160000"
2080157009,"022113",1,NA,"00200","0000000250","0000050000"
2080105009,"023111",1,NA,NA,NA,"0000090000"
2080093232,"022113",1,NA,"00600","0000000300","0000180000"
2080033155,"022111",1,NA,"00600","0000000200","0000120000"
2080093224,"022111",1,NA,"00300","0000000150","0000045000"
2080093227,"022113",1,NA,"00600","0000000300","0000180000"
2080065011,"022111",1,NA,"00300","0000000175","0000052500"
2080065018,"022111",1,NA,"00600","0000000250","0000150000"
2080141117,"022113",1,NA,"00620","0000000500","0000310000"
2080141110,"022111",1,NA,"00620","0000000250","0000155000"
2080141113,"022111",1,NA,"00620","0000000250","0000155000"
2080141122,"022111",1,NA,"00620","0000000250","0000155000"
2080089150,"022113",1,NA,"00620","0000000350","0000217000"
2080069055,"022111",1,NA,"00200","0000000250","0000050000"
2080153164,"022111",1,NA,"00310","0000000250","0000077500"
2080153166,"022113",1,NA,"00620","0000000500","0000310000"
2080037148,"022111",1,NA,"00620","0000000350","0000217000"
2080069060,"022111",1,NA,"00500","0000000200","0000100000"
2080121011,"022111",1,NA,"00620","0000000250","0000155000"
2080121009,"022113",1,NA,"00620","0000000450","0000279000"
2080061006,"022111",1,NA,"00600","0000000250","0000150000"
2080021233,"022111",1,NA,"00300","0000000200","0000060000"
2080073163,"023111",1,NA,NA,NA,"0000600000"
2080009117,"022111",1,NA,"00600","0000000250","0000150000"
2080029107,"022111",1,NA,"00600","0000000250","0000150000"
2080029101,"022113",1,NA,"00600","0000000450","0000270000"
2080013007,"022113",1,NA,"00600","0000000250","0000150000"
2080149146,"022111",1,NA,"00124","0000000200","0000024800"
2080030012,"022113",1,NA,"00620","0000000250","0000155000"
2080030004,"022111",1,NA,"00620","0000000300","0000186000"
2080106195,"022111",1,NA,"00600","0000000250","0000150000"
2080050017,"022111",1,NA,"00600","0000000250","0000150000"
2080050015,"022111",1,NA,"00600","0000000250","0000150000"
2080074099,"022113",1,NA,"00600","0000000300","0000180000"
2080034212,"022111",1,NA,"00600","0000000250","0000150000"
2080114012,"022111",1,NA,"00200","0000000250","0000050000"
2080022119,"022111",1,NA,"00600","0000000250","0000150000"
2080018200,"022113",1,NA,"00620","0000000300","0000186000"
2080098009,"022113",1,NA,"00600","0000000150","0000090000"
2080098004,"022113",1,NA,"00600","0000000500","0000300000"
2080018201,"022113",1,NA,"00620","0000000300","0000186000"
2080118110,"022111",1,NA,"00600","0000000250","0000150000"
2080118104,"022111",1,NA,"00600","0000000250","0000150000"
2080062188,"022111",1,NA,"00600","0000000250","0000150000"
2080138054,"022113",1,NA,"00620","0000000200","0000124000"
2080054065,"022111",1,NA,"00600","0000000150","0000090000"
2080154006,"022111",1,NA,"00600","0000000300","0000180000"
2080046057,"022113",1,NA,"00620","0000000450","0000279000"
2080002116,"022113",1,NA,"00600","0000000300","0000180000"
2080042012,"022111",1,NA,"01200","0000000250","0000300000"
2080162065,"022113",1,NA,"00620","0000000450","0000279000"
2080066109,"022111",1,NA,"00600","0000000250","0000150000"
2080023114,"022111",1,NA,"00600","0000000600","0000360000"
2080023120,"022111",1,NA,"00600","0000000400","0000240000"
2080023115,"022111",1,NA,"00400","0000000600","0000240000"
2080019109,"022111",1,NA,"00600","0000000200","0000120000"
2080019116,"023111",1,NA,NA,NA,"0000300000"
2080083011,"022111",1,NA,"00500","0000000500","0000250000"
2080071018,"022111",1,NA,"00600","0000000300","0000180000"
2080071004,"022111",1,NA,"00600","0000000225","0000135000"
2080071013,"023111",1,NA,NA,NA,"0001000000"
2080027174,"022111",1,NA,"00600","0000000500","0000300000"
2080019105,"022111",1,NA,"00200","0000000250","0000050000"
2080027178,"022111",1,NA,"00600","0000000350","0000210000"
2080131251,"022113",1,NA,"00600","0000000250","0000150000"
2080131263,"022113",1,NA,"00600","0000000250","0000150000"
2080119015,"022113",1,NA,"00600","0000000250","0000150000"
2080055144,"022111",1,NA,"00600","0000000300","0000180000"
2080047155,"022111",1,NA,"00600","0000000225","0000135000"
2080047146,"022111",1,NA,"00600","0000000200","0000120000"
2080135057,"022111",1,NA,"00500","0000000500","0000250000"
2080095056,"022111",1,NA,"00600","0000000300","0000180000"
2080095064,"022111",1,NA,"00600","0000000250","0000150000"
2080011160,"022111",1,NA,"00600","0000000250","0000150000"
2080147161,"022111",1,NA,"00400","0000000500","0000200000"
2080095060,"022111",1,NA,"00300","0000000150","0000045000"
2080151163,"022113",1,NA,"00600","0000000250","0000150000"
2080039052,"023111",1,NA,NA,NA,"0000100000"
2080039066,"022111",1,NA,"00600","0000000250","0000150000"
2080039055,"022111",1,NA,"00600","0000000250","0000150000"
2080163148,"022111",1,NA,"00600","0000000500","0000300000"
2080079204,"022113",1,NA,"00600","0000000300","0000180000"
2080115060,"022111",1,NA,"00300","0000000200","0000060000"
2080015016,"023111",1,NA,NA,NA,"0001000000"
2080063104,"022111",1,NA,"01200","0000000400","0000480000"
2080051205,"022113",1,NA,"00600","0000000300","0000180000"
2080155005,"022113",1,NA,"00600","0000000250","0000150000"
2080063098,"022111",1,NA,"00600","0000000200","0000120000"
2080051200,"022113",1,NA,"200","0000000200","0000040000"
2080107064,"022113",1,NA,"00600","0000000250","0000150000"
2080068105,"022111",1,NA,"00600","0000000300","0000180000"
2080152112,"022111",1,NA,"00600","0000000300","0000180000"
2080088110,"022111",1,NA,"00300","0000000150","0000045000"
2080088107,"022111",1,NA,"00600","0000000150","0000090000"
2080044058,"022111",1,NA,"00600","0000000220","0000132000"
2080056151,"022113",1,NA,"00600","0000000350","0000210000"
2080116121,"022111",1,NA,"00600","0000000150","0000090000"
2080120056,"022113",1,NA,"00600","0000000400","0000240000"
2080036205,"022113",1,NA,"00600","0000000300","0000180000"
2080080114,"022111",1,NA,"00600","0000000350","0000210000"
2080080117,"022113",1,NA,"00600","0000000350","0000210000"
2080108122,"022113",1,NA,"00600","0000000300","0000180000"
2080092169,"022111",1,NA,"00600","0000000250","0000150000"
2080092167,"022111",1,NA,"00600","0000000300","0000180000"
2080084127,"023111",1,NA,NA,NA,"0003000000"
2080136101,"022111",1,NA,"00600","0000000200","0000120000"
2080136102,"022111",1,NA,"00600","0000000200","0000120000"
2080060166,"022111",1,NA,"00600","0000000300","0000180000"
2080040198,"022113",1,NA,"00300","0000000250","0000075000"
2080064005,"022111",1,NA,"00300","0000000300","0000090000"
2080076114,"022113",1,NA,"00600","0000000700","0000420000"
2080048304,"022111",1,NA,"00600","0000000300","0000180000"
2090057095,"022115",1,NA,NA,NA,"0000020000"
2090093012,"022113",1,NA,"00620","0000000475","0000294500"
2090093016,"022111",1,NA,"00155","0000000250","0000038750"
2090041010,"022111",1,NA,"00300","0000000200","0000060000"
2090081351,"022113",1,NA,"00400","0000000300","0000120000"
2090101348,"022111",1,NA,"00600","0000000225","0000135000"
2090109316,"022111",1,NA,"00600","0000000250","0000150000"
2090113175,"022111",1,NA,"00300","0000000225","0000067500"
2090113174,"022113",1,NA,"00300","0000000500","0000150000"
2090121005,"022111",1,NA,"00620","0000000150","0000093000"
2090117193,"022111",1,NA,"00620","0000000250","0000155000"
2090117193,"023111",1,NA,NA,NA,"0000900000"
2090049347,"022111",1,NA,"00620","0000000250","0000155000"
2090001013,"022111",1,NA,"00600","0000000300","0000180000"
2090001016,"022115",1,NA,NA,NA,"0000040000"
2090029262,"022111",1,NA,"00250","0000000200","0000050000"
2090009410,"022115",1,NA,NA,NA,"0000060000"
2090053305,"022111",1,NA,"00750","0000000225","0000168750"
2090053302,"022111",1,NA,"00300","0000000200","0000060000"
2090053295,"023111",1,NA,NA,NA,"0000600000"
2090061058,"022111",1,NA,"00600","0000000200","0000120000"
2090061055,"022111",1,NA,"00600","0000000225","0000135000"
2090141009,"023111",1,NA,NA,NA,"0001200000"
2090141004,"023111",1,NA,NA,NA,"0003000000"
2090141010,"022111",1,NA,"00400","0000000250","0000100000"
2090097065,"022111",1,NA,"00620","0000000250","0000155000"
2090089173,"022111",1,NA,"00620","0000000250","0000155000"
2090089162,"022111",1,NA,"00620","0000000200","0000124000"
2090037116,"022111",1,NA,"00600","0000000125","0000075000"
2090053294,"022111",1,NA,"00600","0000000200","0000120000"
2090053294,"023111",1,NA,NA,NA,"0000600000"
2090137061,"023111",1,NA,NA,NA,"0000015000"
2090137063,"022111",1,NA,"00620","0000000200","0000124000"
2090153065,"022111",1,NA,"00400","0000000250","0000100000"
2090077060,"022115",1,NA,NA,NA,"0000010000"
2090073120,"022111",1,NA,"01000","0000000250","0000250000"
2090073120,"022115",1,NA,NA,NA,"0000045000"
2090085113,"022111",1,NA,"00620","0000000200","0000124000"
2090097060,"022111",1,NA,"00620","0000000250","0000155000"
2090129007,"022113",1,NA,"00600","0000000500","0000300000"
2090013065,"022111",1,NA,"00620","0000000250","0000155000"
2090077056,"022111",1,NA,"01200","0000000250","0000300000"
2090097057,"022111",1,NA,"00300","0000000250","0000075000"
2090105151,"022115",1,NA,NA,NA,"0000015000"
2090098018,"022111",1,NA,"00620","0000000150","0000093000"
2090098018,"023111",1,NA,NA,NA,"0000040000"
2090146057,"023111",1,NA,NA,NA,"0000100000"
2090114172,"022111",1,NA,"00300","0000000250","0000075000"
2090146066,"022111",1,NA,"00620","0000000320","0000198400"
2090146066,"023111",1,NA,NA,NA,"0000150000"
2090110168,"022111",1,NA,"00620","0000000300","0000186000"
2090018227,"022111",1,NA,"00200","0000000300","0000060000"
2090162007,"022111",1,NA,"00140","0000000400","0000056000"
2090158059,"022111",1,NA,"01240","0000000250","0000310000"
2090158059,"023111",1,NA,NA,NA,"0000930000"
2090094011,"023111",1,NA,NA,NA,"0002000000"
2090018222,"022111",1,NA,"00140","0000000250","0000035000"
2090110168,"023111",1,NA,NA,NA,"0001500000"
2090078170,"022111",1,NA,"00600","0000000275","0000165000"
2090126065,"022111",1,NA,"00450","0000000250","0000112500"
2090130061,"022111",1,NA,"00420","0000000200","0000084000"
2090090175,"022113",1,NA,"00200","0000000450","0000090000"
2090102153,"022113",1,NA,"00200","0000000450","0000090000"
2090102160,"022111",1,NA,"00160","0000000200","0000032000"
2090126064,"022111",7,NA,"00800","0000000250","0000200000"
2090126064,"022115",7,NA,NA,NA,"0000010000"
2090090185,"023111",1,NA,NA,NA,"0000200000"
2090154066,"023111",1,NA,NA,NA,"0000100000"
2090118186,"022111",1,NA,"00600","0000000200","0000120000"
2090118186,"023111",1,NA,NA,NA,"0000080000"
2090082072,"022111",1,NA,"00300","0000000250","0000075000"
2090082072,"022113",1,NA,"00050","0000000500","0000025000"
2090082072,"023111",1,NA,NA,NA,"0000200000"
2090070155,"022111",1,NA,"00250","0000000250","0000062500"
2090070148,"022111",1,NA,"00600","0000000200","0000120000"
2090071017,"022113",1,NA,"00600","0000000700","0000420000"
2090071017,"023111",1,NA,NA,NA,"0000600000"
2090043163,"022111",1,NA,"00600","0000000250","0000150000"
2090043163,"023111",1,NA,NA,NA,"0000160000"
2090123004,"022111",1,NA,"00300","0000000250","0000075000"
2090123013,"022111",1,NA,"00400","0000000250","0000100000"
2090127184,"022111",1,NA,"00400","0000000250","0000100000"
2090035109,"022111",1,NA,"00200","0000000300","0000060000"
2090035109,"023111",1,NA,NA,NA,"0000200000"
2090079006,"022113",1,NA,"00300","0000000550","0000165000"
2090051113,"022111",1,NA,"00600","0000000250","0000150000"
2090051113,"023111",1,NA,NA,NA,"0001500000"
2090051122,"022115",1,NA,NA,NA,"0000020000"
2090051122,"023111",1,NA,NA,NA,"0000060000"
2090143070,"023111",1,NA,NA,NA,"0000050000"
2090087009,"022111",1,NA,"00600","0000000250","0000150000"
2090075165,"022111",1,NA,"00600","0000000600","0000360000"
2090075165,"023111",1,NA,NA,NA,"0002500000"
2090079007,"022111",1,NA,"00300","0000000200","0000060000"
2090087009,"023111",1,NA,NA,NA,"0000500000"
2090103102,"022111",1,NA,"00900","0000000225","0000202500"
2090103102,"023111",1,NA,NA,NA,"0006000000"
2090087015,"022111",1,NA,"00600","0000000250","0000150000"
2090087015,"023111",1,NA,NA,NA,"0000300000"
2090047058,"022111",1,NA,"00200","0000000250","0000050000"
2090115176,"023111",1,NA,NA,NA,"0000150000"
2090115166,"022111",1,NA,"00400","0000000250","0000100000"
2090115166,"023111",1,NA,NA,NA,"0000150000"
2090119126,"022111",7,NA,"00600","0000000250","0000150000"
2090103108,"022113",1,NA,"00600","0000000250","0000150000"
2090011055,"022111",1,NA,"00100","0000000500","0000050000"
2090039056,"022111",1,NA,"00600","0000000300","0000180000"
2090039061,"022111",1,NA,"00600","0000000200","0000120000"
2090039061,"023111",1,NA,NA,NA,"0000150000"
2090015016,"022111",1,NA,"00600","0000000225","0000135000"
2090151158,"022111",1,NA,"00300","0000000300","0000090000"
2090083164,"022111",1,NA,"00500","0000000250","0000125000"
2090083164,"023111",1,NA,NA,NA,"0000300000"
2090131207,"022115",1,NA,NA,NA,"0000010000"
2090007059,"022111",1,NA,"00600","0000000350","0000210000"
2090015011,"022111",1,NA,"00600","0000000250","0000150000"
2090015011,"023111",1,NA,NA,NA,"0000800000"
2090027208,"023111",1,NA,NA,NA,"0000300000"
2090059105,"022111",1,NA,"00600","0000000225","0000135000"
2090139119,"022113",1,NA,"00600","0000000500","0000300000"
2090003059,"022115",1,NA,NA,NA,"0000014000"
2090008057,"022111",1,NA,"00600","0000000300","0000180000"
2090008053,"022111",1,NA,"00600","0000000150","0000090000"
2090160164,"022111",1,NA,"00600","0000000250","0000150000"
2090016120,"022111",1,NA,"00200","0000000250","0000050000"
2090016110,"022113",1,NA,"00100","0000000500","0000050000"
2090024202,"022111",1,NA,"01000","0000000350","0000350000"
2090072160,"022111",1,NA,"00500","0000000300","0000150000"
2090084062,"022115",1,NA,NA,NA,"0000025000"
2090084063,"022111",1,NA,"00200","0000000275","0000055000"
2090084068,"022115",1,NA,NA,NA,"0000012000"
2090100055,"022111",1,NA,"00250","0000000250","0000062500"
2090100067,"022111",1,NA,"00200","0000000450","0000090000"
2090028015,"022111",1,NA,"00450","0000000300","0000135000"
2090064009,"022111",1,NA,"00300","0000000200","0000060000"
2090140157,"023111",1,NA,NA,NA,"0000030000"
2090152169,"022111",1,NA,"00500","0000000350","0000175000"
2090040151,"022111",1,NA,"00200","0000000150","0000030000"
2090076009,"023111",1,NA,NA,NA,"0002500000"
2090028015,"023111",1,NA,NA,NA,"0001500000"
2090032205,"022111",1,NA,"00100","0000000300","0000030000"
2090032208,"022111",1,NA,"00600","0000000300","0000180000"
2090068061,"022111",1,NA,"00300","0000000250","0000075000"
2090092160,"022111",7,NA,"00250","0000000250","0000062500"
2090116118,"022111",1,NA,"00400","0000000300","0000120000"
2090116118,"023111",1,NA,NA,NA,"0000300000"
2090036005,"022113",1,NA,"00600","0000000500","0000300000"
2090052071,"023111",1,NA,NA,NA,"0000900000"
2090036012,"022111",1,NA,"00340","0000000250","0000085000"
2090036014,"022111",1,NA,"00600","0000000300","0000180000"
2090036014,"023111",1,NA,NA,NA,"0000500000"
2090044121,"022111",1,NA,"00300","0000000200","0000060000"
2090112006,"022115",1,NA,NA,NA,"0000042000"
2090112007,"022111",1,NA,"00820","0000000300","0000246000"
2090112007,"023111",1,NA,NA,NA,"0000800000"
2090060004,"022111",1,NA,"00100","0000000300","0000030000"
2090104105,"023111",1,NA,NA,NA,"0000025000"
2090116114,"022111",1,NA,"00600","0000000200","0000120000"
2090116114,"023111",1,NA,NA,NA,"0000200000"
2100113318,"022113",1,NA,"00620","0000000300","0000186000"
2100121072,"022111",1,NA,"00620","0000000250","0000155000"
2100121072,"023111",1,NA,NA,NA,"0003000000"
2100053392,"022111",1,NA,"00620","0000000250","0000155000"
2100057010,"023111",1,NA,NA,NA,"0000100000"
2100069007,"022111",1,NA,"00620","0000000300","0000186000"
2100141005,"022111",1,NA,"00620","0000000200","0000124000"
2100141015,"022111",1,NA,"00620","0000000200","0000124000"
2100081004,"022111",1,NA,"00080","0000000220","0000017600"
2100081017,"022111",1,NA,"00300","0000000250","0000075000"
2100093157,"022111",1,NA,"00620","0000000200","0000124000"
2100073106,"022111",1,NA,"00620","0000000225","0000139500"
2100073111,"022111",1,NA,"00186","0000000250","0000046500"
2100021005,"022111",1,NA,"00620","0000000250","0000155000"
2100065145,"022111",1,NA,"00930","0000000200","0000186000"
2100129122,"022111",1,NA,"00620","0000000250","0000155000"
2100141009,"022113",1,NA,"01240","0000000250","0000310000"
2100065145,"023111",1,NA,NA,NA,"0000400000"
2100105063,"022111",1,NA,"01240","0000000200","0000248000"
2100105060,"022111",1,NA,"00120","0000000275","0000033000"
2100109005,"022111",1,NA,"00030","0000000500","0000015000"
2100109005,"022115",1,NA,NA,NA,"0000015000"
2100093160,"022111",1,NA,"00620","0000000250","0000155000"
2100013008,"022111",1,NA,"00155","0000000250","0000038750"
2100037149,"022111",1,NA,"00620","0000000300","0000186000"
2100037145,"022111",1,NA,"00620","0000000300","0000186000"
2100057016,"022111",1,NA,"01240","0000000100","0000124000"
2100057016,"022113",1,NA,"00620","0000000250","0000155000"
2100109007,"022115",1,NA,NA,NA,"0000007000"
2100037157,"022111",1,NA,"00620","0000000300","0000186000"
2100097057,"022111",1,NA,"00620","0000000250","0000155000"
2100133165,"022111",1,NA,"00060","0000000550","0000033000"
2100133170,"022111",1,NA,"00020","0000000600","0000012000"
2100133161,"022111",1,NA,"01200","0000000200","0000240000"
2100049203,"022113",1,NA,"00310","0000000250","0000077500"
2100061175,"022111",1,NA,"00620","0000000190","0000117800"
2100061173,"022111",1,NA,"00100","0000000150","0000015000"
2100001202,"022111",1,NA,"00300","0000000100","0000030000"
2100017170,"022111",1,NA,"00620","0000000275","0000170500"
2100045061,"022111",1,NA,"00600","0000000225","0000135000"
2100053401,"022111",1,NA,"00620","0000000200","0000124000"
2100101200,"022111",1,NA,"00620","0000000250","0000155000"
2100117205,"022111",1,NA,"00620","0000000175","0000108500"
2100117205,"023111",1,NA,NA,NA,"0000300000"
2100125123,"022111",1,NA,"00600","0000000200","0000120000"
2100061166,"022111",1,NA,"00620","0000000075","0000046500"
2100061166,"023111",1,NA,NA,NA,"0000500000"
2100061169,"022111",1,NA,"01240","0000000150","0000186000"
2100005005,"022113",1,NA,"00124","0000001000","0000124000"
2100101206,"022111",1,NA,"01240","0000000250","0000310000"
2100109015,"022115",1,NA,NA,NA,"0000028000"
2100086062,"022113",1,NA,"00090","0000001250","0000112500"
2100086067,"022115",1,NA,NA,NA,"0000150000"
2100038059,"022111",1,NA,"00620","0000000200","0000124000"
2100134065,"022111",1,NA,"00015","0000000150","0000002250"
2100018098,"022113",1,NA,"00300","0000000350","0000105000"
2100126198,"022113",1,NA,"00190","0000000500","0000095000"
2100054422,"022113",1,NA,"00300","0000000225","0000067500"
2100030117,"022113",1,NA,"00600","0000000750","0000450000"
2100046008,"022111",1,NA,"00200","0000000175","0000035000"
2100046010,"022113",1,NA,"00100","0000000300","0000030000"
2100046014,"022111",1,NA,"00300","0000000175","0000052500"
2100066060,"022111",1,NA,"00300","0000000300","0000090000"
2100126206,"022113",1,NA,"00360","0000000300","0000108000"
2100138063,"022111",1,NA,"00620","0000000225","0000139500"
2100034006,"022111",1,NA,"00600","0000000250","0000150000"
2100034015,"022111",1,NA,"01200","0000000300","0000360000"
2100034018,"022111",1,NA,"00600","0000000250","0000150000"
2100058099,"022111",1,NA,"00600","0000000200","0000120000"
2100058104,"022111",1,NA,"00600","0000000200","0000120000"
2100070196,"022111",1,NA,"00040","0000000250","0000010000"
2100130068,"022111",1,NA,"00620","0000000250","0000155000"
2100130069,"022111",1,NA,"00620","0000000300","0000186000"
2100010070,"022111",1,NA,"00060","0000000150","0000009000"
2100030120,"022111",1,NA,"00200","0000000900","0000180000"
2100130061,"022111",1,NA,"00320","0000000225","0000072000"
2100138058,"022111",1,NA,"00620","0000000225","0000139500"
2100142122,"022111",1,NA,"00320","0000000300","0000096000"
2100142123,"022111",1,NA,"00160","0000000150","0000024000"
2100014125,"023111",1,NA,NA,NA,"0003720000"
2100026073,"022111",1,NA,"00620","0000000200","0000124000"
2100090151,"022111",1,NA,"00310","0000000250","0000077500"
2100110010,"022111",1,NA,"00600","0000000225","0000135000"
2100110015,"022111",1,NA,"00120","0000000225","0000027000"
2100110006,"022111",1,NA,"01500","0000000475","0000712500"
2100098004,"022111",1,NA,"00600","0000000200","0000120000"
2100074018,"022113",1,NA,"00310","0000000500","0000155000"
2100110017,"022111",1,NA,"00180","0000000225","0000040500"
2100114010,"022111",1,NA,"00620","0000000175","0000108500"
2100134058,"022111",1,NA,"00600","0000000250","0000150000"
2100026067,"022113",1,NA,"00320","0000000450","0000144000"
2100134061,"022113",1,NA,"00020","0000000225","0000004500"
2100134063,"022111",1,NA,"00600","0000000150","0000090000"
2100030130,"022113",1,NA,"00400","0000000750","0000300000"
2100046018,"022113",1,NA,"00600","0000000250","0000150000"
2100062016,"022113",1,NA,"00300","0000000175","0000052500"
2100066052,"022111",1,NA,"02400","0000000250","0000600000"
2100070201,"022111",1,NA,"00600","0000000250","0000150000"
2100070201,"022115",1,NA,NA,NA,"0000050000"
2100099153,"022111",1,NA,"00300","0000000250","0000075000"
2100111160,"022111",1,NA,"00500","0000000200","0000100000"
2100075004,"022113",1,NA,"00180","0000000375","0000067500"
2100075009,"022111",1,NA,"00240","0000000250","0000060000"
2100087207,"022111",1,NA,"00600","0000000250","0000150000"
2100111152,"022113",1,NA,"00300","0000000450","0000135000"
2100111154,"022111",1,NA,"00300","0000000200","0000060000"
2100123193,"022111",1,NA,"00500","0000000200","0000100000"
2100135060,"022111",1,NA,"00600","0000000325","0000195000"
2100051192,"022111",1,NA,"00600","0000000275","0000165000"
2100127113,"022111",1,NA,"00600","0000000275","0000165000"
2100063106,"022111",1,NA,"00600","0000000225","0000135000"
2100115069,"022111",1,NA,"00600","0000000250","0000150000"
2100127119,"022111",1,NA,"00600","0000000300","0000180000"
2100043110,"022111",1,NA,"00600","0000000200","0000120000"
2100019169,"022111",1,NA,"01200","0000000225","0000270000"
2100043118,"022111",1,NA,"00600","0000000300","0000180000"
2100055124,"022111",1,NA,"00600","0000000200","0000120000"
2100055117,"022111",1,NA,"00300","0000000200","0000060000"
2100063103,"022111",1,NA,"00600","0000000225","0000135000"
2100067172,"022111",1,NA,"00600","0000000150","0000090000"
2100079017,"022111",1,NA,"00600","0000000500","0000300000"
2100103110,"022111",1,NA,"00800","0000000225","0000180000"
2100007050,"022111",1,NA,"00600","0000000300","0000180000"
2100051190,"022113",1,NA,"00030","0000000450","0000013500"
2100051199,"022111",1,NA,"00600","0000000350","0000210000"
2100015061,"022111",1,NA,"00600","0000000325","0000195000"
2100051202,"022111",1,NA,"00600","0000000275","0000165000"
2100079008,"022111",1,NA,"00100","0000000250","0000025000"
2100079014,"022111",1,NA,"00600","0000000300","0000180000"
2100091117,"022111",1,NA,"00210","0000000250","0000052500"
2100027012,"022111",1,NA,"00600","0000000300","0000180000"
2100047128,"022111",1,NA,"00150","0000000250","0000037500"
2100011181,"022111",1,NA,"00600","0000000350","0000210000"
2100059058,"022111",1,NA,"00100","0000000225","0000022500"
2100059060,"022111",1,NA,"00050","0000000350","0000017500"
2100059069,"022111",1,NA,"01200","0000000200","0000240000"
2100079005,"022111",1,NA,"00600","0000000300","0000180000"
2100095179,"022111",1,NA,"00100","0000000250","0000025000"
2100107065,"022111",1,NA,"00020","0000000225","0000004500"
2100131015,"022111",1,NA,"00100","0000000225","0000022500"
2100003113,"022111",1,NA,"02400","0000000100","0000240000"
2100003123,"022111",1,NA,"00600","0000000150","0000090000"
2100023122,"022111",1,NA,"00060","0000000500","0000030000"
2100119114,"022111",1,NA,"01200","0000000150","0000180000"
2100143058,"022111",1,NA,"00300","0000000300","0000090000"
2100004067,"022111",1,NA,"00600","0000000250","0000150000"
2100028109,"022111",1,NA,"01200","0000000250","0000300000"
2100028117,"022111",1,NA,"00600","0000000250","0000150000"
2100064155,"022111",1,NA,"00600","0000000225","0000135000"
2100100208,"022111",1,NA,"00240","0000000350","0000084000"
2100112060,"022111",1,NA,"00300","0000000225","0000067500"
2100076017,"022111",1,NA,"00600","0000000250","0000150000"
2100016007,"022111",1,NA,"00600","0000000600","0000360000"
2100064148,"022111",1,NA,"00600","0000000275","0000165000"
2100020063,"022111",1,NA,"00600","0000000350","0000210000"
2100056169,"023111",1,NA,NA,NA,"0000050000"
2100092111,"022111",1,NA,"00600","0000000250","0000150000"
2100092116,"022111",1,NA,"00600","0000000250","0000150000"
2100104015,"022111",1,NA,"00600","0000000250","0000150000"
2100104015,"023111",1,NA,NA,NA,"0002000000"
2100116007,"022111",1,NA,"00300","0000000250","0000075000"
2100116006,"022111",1,NA,"00600","0000000225","0000135000"
2100128066,"022111",1,NA,"00300","0000000225","0000067500"
2100008100,"022111",1,NA,"00240","0000000500","0000120000"
2100008106,"022111",1,NA,"00080","0000000250","0000020000"
2100008109,"022111",1,NA,"00600","0000000500","0000300000"
2100012205,"022111",1,NA,"00145","0000000300","0000043500"
2100012209,"022113",1,NA,"00580","0000000500","0000290000"
2100024008,"022111",1,NA,"00300","0000000350","0000105000"
2100032067,"022111",1,NA,"00600","0000000350","0000210000"
2100060297,"022113",1,NA,"00150","0000000700","0000105000"
2100116016,"022111",1,NA,"00300","0000000225","0000067500"
2100140062,"022111",1,NA,"01200","0000000300","0000360000"
2100084064,"022111",1,NA,"00500","0000000350","0000175000"
2100084053,"022111",1,NA,"00875","0000000350","0000306250"
2100140059,"022111",1,NA,"01200","0000000250","0000300000"
2100020057,"022111",1,NA,"00375","0000000350","0000131250"
2100020067,"022111",1,NA,"00200","0000000350","0000070000"
2100024006,"022111",1,NA,"01160","0000000300","0000348000"
2100048161,"022113",1,NA,"00600","0000000600","0000360000"
2100048158,"022111",1,NA,"00600","0000000250","0000150000"
2100048154,"022115",1,NA,NA,NA,"0000240000"
2100084057,"022111",1,NA,"00380","0000000350","0000133000"
2100116010,"022111",1,NA,"00200","0000000200","0000040000"
2100116010,"022115",1,NA,NA,NA,"0000040000"
2100012203,"022111",1,NA,"00580","0000000350","0000203000"
2100048165,"022111",1,NA,"00600","0000000275","0000165000"
2100120055,"022111",1,NA,"00600","0000000300","0000180000"
2100120067,"022113",1,NA,"00300","0000000900","0000270000"
2100132009,"022111",1,NA,"00600","0000000275","0000165000"
2100132014,"022113",1,NA,"00600","0000001250","0000750000"
2100132010,"022111",1,NA,"00600","0000000250","0000150000"
2100096160,"022111",1,NA,"00600","0000000350","0000210000"
2100096156,"022111",1,NA,"00100","0000000250","0000025000"
2100108116,"022111",1,NA,"00600","0000000250","0000150000"
2100104011,"022111",1,NA,"01800","0000000250","0000450000"
2100132004,"022111",1,NA,"01200","0000000250","0000300000"
2100056166,"022113",1,NA,"00020","0000000500","0000010000"
2100024018,"022111",1,NA,"00580","0000000300","0000174000"
2110045338,"023111",1,NA,NA,NA,"0000015000"
2110069165,"023111",1,NA,NA,NA,"0000610000"
2110141005,"022113",1,NA,"00080","0000000325","0000026000"
2110141016,"022113",1,NA,"00020","0000000300","0000006000"
2110009065,"022115",1,NA,NA,NA,"0000020000"
2110041113,"023111",1,NA,NA,NA,"0000010000"
2110069162,"023111",1,NA,NA,NA,"0000010000"
2110093207,"022115",1,NA,NA,NA,"0000015000"
2110129258,"022115",1,NA,NA,NA,"0000015000"
2110129255,"022115",1,NA,NA,NA,"0000015000"
2110129249,"022115",1,NA,NA,NA,"0000010000"
2110081113,"023111",1,NA,NA,NA,"0000015000"
2110069154,"023111",1,NA,NA,NA,"0000300000"
2110061009,"023111",1,NA,NA,NA,"0000015000"
2110061015,"022113",1,NA,"00600","0000000250","0000150000"
2110081119,"023111",1,NA,NA,NA,"0000020000"
2110013070,"022115",1,NA,NA,NA,"0000020000"
2110125230,"022115",1,NA,NA,NA,"0000010000"
2110005112,"022115",1,NA,NA,NA,"0000060000"
2110085301,"022115",1,NA,NA,NA,"0000015000"
2110145058,"023111",1,NA,NA,NA,"0000020000"
2110057254,"022113",1,NA,"00600","0000000250","0000150000"
2110089005,"022115",1,NA,NA,NA,"0000010000"
2110089008,"022115",1,NA,NA,NA,"0000020000"
2110089015,"023111",1,NA,NA,NA,"0000250000"
2110097055,"022115",1,NA,NA,NA,"0000020000"
2110097057,"022115",1,NA,NA,NA,"0000015000"
2110097062,"022115",1,NA,NA,NA,"0000010000"
2110133330,"022115",1,NA,NA,NA,"0000015000"
2110133325,"022115",1,NA,NA,NA,"0000015000"
2110121065,"022115",5,NA,NA,NA,"0000020000"
2110121066,"022115",1,NA,NA,NA,"0000010000"
2110049256,"022111",1,NA,"00600","0000000500","0000300000"
2110049262,"023111",1,NA,NA,NA,"0000620000"
2110049257,"022115",1,NA,NA,NA,"0000020000"
2110098004,"022115",1,NA,NA,NA,"0000020000"
2110098017,"022115",1,NA,NA,NA,"0000015000"
2110086009,"022115",1,NA,NA,NA,"0000020000"
2110078016,"023111",1,NA,NA,NA,"0000030000"
2110078011,"022115",1,NA,NA,NA,"0000030000"
2110078009,"023111",1,NA,NA,NA,"0000030000"
2110054197,"023111",1,NA,NA,NA,"0000015000"
2110010014,"022115",1,NA,NA,NA,"0000070000"
2110078013,"022115",1,NA,NA,NA,"0000020000"
2110054199,"023111",1,NA,NA,NA,"0000015000"
2110054202,"022115",1,NA,NA,NA,"0000020000"
2110042207,"022113",1,NA,"00200","0000000250","0000050000"
2110042210,"022113",1,NA,"00300","0000000300","0000090000"
2110046145,"022113",1,NA,"00600","0000000250","0000150000"
2110046150,"023111",1,NA,NA,NA,"0000015000"
2110066116,"022115",1,NA,NA,NA,"0000040000"
2110066121,"023111",1,NA,NA,NA,"0000020000"
2110038053,"023111",1,NA,NA,NA,"0000015000"
2110038059,"022113",1,NA,"00300","0000000500","0000150000"
2110110312,"022115",1,NA,NA,NA,"0000050000"
2110006148,"022115",1,NA,NA,NA,"0000010000"
2110006157,"022115",1,NA,NA,NA,"0000050000"
2110122008,"022115",1,NA,NA,NA,"0000020000"
2110122013,"022115",1,NA,NA,NA,"0000025000"
2110058165,"023111",1,NA,NA,NA,"0000300000"
2110058173,"023111",1,NA,NA,NA,"0000035000"
2110074069,"022115",1,NA,NA,NA,"0000025000"
2110070058,"022113",1,NA,"00600","0000000350","0000210000"
2110070060,"023111",1,NA,NA,NA,"0000015000"
2110022172,"022115",1,NA,NA,NA,"0000050000"
2110082262,"022115",1,NA,NA,NA,"0000010000"
2110038063,"022113",1,NA,"00600","0000000500","0000300000"
2110102312,"022115",1,NA,NA,NA,"0000030000"
2110090064,"022115",1,NA,NA,NA,"0000020000"
2110090066,"022115",1,NA,NA,NA,"0000015000"
2110090072,"022115",1,NA,NA,NA,"0000010000"
2110062172,"023111",1,NA,NA,NA,"0000300000"
2110142103,"023111",1,NA,NA,NA,"0000350000"
2110062182,"023111",1,NA,NA,NA,"0000030000"
2110126056,"022115",1,NA,NA,NA,"0000015000"
2110014164,"022115",1,NA,NA,NA,"0000020000"
2110014170,"022115",1,NA,NA,NA,"0000010000"
2110126066,"022115",1,NA,NA,NA,"0000010000"
2110146151,"023111",1,NA,NA,NA,"0000030000"
2110094115,"022115",1,NA,NA,NA,"0000020000"
2110130010,"022115",1,NA,NA,NA,"0000015000"
2110130013,"022115",1,NA,NA,NA,"0000015000"
2110142101,"023111",1,NA,NA,NA,"0000600000"
2110091011,"022115",1,NA,NA,NA,"0000025000"
2110007068,"022115",1,NA,NA,NA,"0000025000"
2110015004,"022115",1,NA,NA,NA,"0000020000"
2110019158,"022115",1,NA,NA,NA,"0000050000"
2110035171,"022115",1,NA,NA,NA,"0000030000"
2110067314,"023111",1,NA,NA,NA,"0000010000"
2110091008,"022115",1,NA,NA,NA,"0000020000"
2110015016,"022115",1,NA,NA,NA,"0000010000"
2110027142,"022115",1,NA,NA,NA,"0000050000"
2110027147,"022115",1,NA,NA,NA,"0000080000"
2110063169,"023111",1,NA,NA,NA,"0000350000"
2110071006,"023111",1,NA,NA,NA,"0000060000"
2110079168,"023111",1,NA,NA,NA,"0000020000"
2110079172,"022113",1,NA,"00060","0000002500","0000150000"
2110107057,"022115",1,NA,NA,NA,"0000060000"
2110143106,"022113",1,NA,"00500","0000000250","0000125000"
2110143106,"022115",1,NA,NA,NA,"0000020000"
2110143118,"022113",1,NA,"00500","0000000350","0000175000"
2110111294,"022115",1,NA,NA,NA,"0000040000"
2110135255,"022115",1,NA,NA,NA,"0000030000"
2110147117,"023111",1,NA,NA,NA,"0000200000"
2110147121,"023111",1,NA,NA,NA,"0000850000"
2110063163,"023111",1,NA,NA,NA,"0000010000"
2110147125,"023111",1,NA,NA,NA,"0000015000"
2110051120,"022113",1,NA,"00060","0000002500","0000150000"
2110099011,"022115",1,NA,NA,NA,"0000020000"
2110127270,"022115",1,NA,NA,NA,"0000015000"
2110003095,"022115",1,NA,NA,NA,"0000030000"
2110087058,"022115",1,NA,NA,NA,"0000020000"
2110039007,"023111",1,NA,NA,NA,"0000040000"
2110047004,"023111",1,NA,NA,NA,"0000600000"
2110047017,"022115",1,NA,NA,NA,"0000060000"
2110043155,"022113",1,NA,"00600","0000000500","0000300000"
2110043157,"022115",1,NA,NA,NA,"0000060000"
2110083252,"022115",1,NA,NA,NA,"0000015000"
2110119007,"022115",1,NA,NA,NA,"0000015000"
2110119018,"022115",5,NA,NA,NA,"0000025000"
2110007066,"022115",1,NA,NA,NA,"0000025000"
2110088114,"022115",1,NA,NA,NA,"0000015000"
2110016168,"022115",1,NA,NA,NA,"0000020000"
2110136247,"022115",1,NA,NA,NA,"0000050000"
2110128107,"022115",1,NA,NA,NA,"0000025000"
2110128110,"022115",1,NA,NA,NA,"0000015000"
2110136241,"022115",1,NA,NA,NA,"0000060000"
2110136244,"022115",1,NA,NA,NA,"0000080000"
2110144107,"022115",1,NA,NA,NA,"0000015000"
2110128099,"022115",1,NA,NA,NA,"0000020000"
2110112165,"022115",1,NA,NA,NA,"0000050000"
2110024216,"022115",1,NA,NA,NA,"0000040000"
2110060164,"022113",1,NA,"00500","0000001000","0000500000"
2110024226,"022115",1,NA,NA,NA,"0000060000"
2110032006,"022115",1,NA,NA,NA,"0000060000"
2110032007,"022115",1,NA,NA,NA,"0000050000"
2110032014,"022115",1,NA,NA,NA,"0000040000"
2110024230,"022115",1,NA,NA,NA,"0000080000"
2110056063,"022115",1,NA,NA,NA,"0000020000"
2110072061,"022113",1,NA,"00080","0000000500","0000040000"
2110088120,"022115",1,NA,NA,NA,"0000015000"
2110096281,"022115",1,NA,NA,NA,"0000020000"
2110104120,"022115",1,NA,NA,NA,"0000040000"
2110100062,"022115",1,NA,NA,NA,"0000060000"
2110100060,"022115",1,NA,NA,NA,"0000050000"
2110068306,"022115",1,NA,NA,NA,"0000060000"
2110052008,"023111",1,NA,NA,NA,"0000600000"
2110052011,"022115",1,NA,NA,NA,"0000040000"
2110116261,"022115",1,NA,NA,NA,"0000040000"
2110028008,"022115",1,NA,NA,NA,"0000050000"
2110028012,"022115",1,NA,NA,NA,"0000040000"
2110100058,"022115",1,NA,NA,NA,"0000060000"
2110028017,"022115",1,NA,NA,NA,"0000060000"
2110108150,"022115",1,NA,NA,NA,"0000060000"
2110108154,"022115",1,NA,NA,NA,"0000060000"
2110004310,"022115",1,NA,NA,NA,"0000020000"
2110124242,"022115",1,NA,NA,NA,"0000010000"
2110124246,"022115",1,NA,NA,NA,"0000010000"
2110140005,"022115",1,NA,NA,NA,"0000070000"
2110140014,"022115",1,NA,NA,NA,"0000060000"
2110132173,"022115",1,NA,NA,NA,"0000025000"
2110084005,"022115",1,NA,NA,NA,"0000020000"
2110140007,"022115",1,NA,NA,NA,"0000070000"
2110036142,"022113",1,NA,"00400","0000000500","0000200000"
2110036155,"022113",1,NA,"00300","0000000500","0000150000"
2110036155,"022115",1,NA,NA,NA,"0000080000"
2110080004,"022113",1,NA,"00300","0000000300","0000090000"
2110080008,"022115",1,NA,NA,NA,"0000020000"
2110080015,"023111",1,NA,NA,NA,"0000020000"
2110080018,"022113",1,NA,"00300","0000000350","0000105000"
2110076063,"022115",1,NA,NA,NA,"0000020000"
2110040062,"023111",1,NA,NA,NA,"0000008000"
2110036145,"022113",1,NA,"00400","0000000850","0000340000"
2120013015,"022115",1,NA,NA,NA,"0000050000"
2120029162,"022113",1,NA,"00180","0000000600","0000108000"
2120045066,"022113",1,NA,"00600","0000000250","0000150000"
2120045056,"022113",1,NA,"00300","0000000250","0000075000"
2120053276,"023111",1,NA,NA,NA,"0000150000"
2120021009,"022113",1,NA,"00600","0000000150","0000090000"
2120005061,"022113",1,NA,"00600","0000000250","0000150000"
2120017111,"022113",1,NA,"00600","0000000250","0000150000"
2120033164,"022113",1,NA,"00600","0000000300","0000180000"
2120001007,"022115",1,NA,NA,NA,"0000055000"
2120097059,"022113",1,NA,"00300","0000000250","0000075000"
2120061013,"022113",1,NA,"00100","0000000200","0000020000"
2120061004,"022113",1,NA,"00600","0000000200","0000120000"
2120009111,"022113",1,NA,"00300","0000000250","0000075000"
2120009118,"022113",1,NA,"00600","0000000250","0000150000"
2120037013,"022113",1,NA,"00600","0000000300","0000180000"
2120037011,"022113",1,NA,"00600","0000000250","0000150000"
2120061009,"022113",1,NA,"00600","0000000200","0000120000"
2120009113,"022115",1,NA,NA,NA,"0000050000"
2120001006,"022113",1,NA,"00600","0000000250","0000150000"
2120025306,"022111",1,NA,"00600","0000000250","0000150000"
2120025317,"022111",1,NA,"00600","0000000175","0000105000"
2120025313,"022111",1,NA,"00600","0000000250","0000150000"
2120093249,"022113",1,NA,"00600","0000000400","0000240000"
2120037016,"022113",1,NA,"00600","0000000250","0000150000"
2120053270,"022115",1,NA,NA,NA,"0000060000"
2120013009,"022115",1,NA,NA,NA,"0000050000"
2120049105,"022113",7,NA,"00300","0000000250","0000075000"
2120013004,"022115",1,NA,NA,NA,"0000030000"
2120013010,"022113",1,NA,"00300","0000000250","0000075000"
2120077014,"022113",1,NA,"00300","0000000250","0000075000"
2120077010,"022113",1,NA,"00900","0000000500","0000450000"
2120089010,"022113",1,NA,"00120","0000001000","0000120000"
2120029167,"022113",1,NA,"00450","0000000100","0000045000"
2120021004,"022113",1,NA,"00600","0000000550","0000330000"
2120025308,"022111",1,NA,"00300","0000000200","0000060000"
2120049101,"022115",1,NA,NA,NA,"0000040000"
2120066018,"022113",1,NA,"00100","0000000200","0000020000"
2120082016,"022111",1,NA,"00300","0000000200","0000060000"
2120054179,"022113",1,NA,"00600","0000000350","0000210000"
2120074217,"022111",1,NA,"00600","0000000200","0000120000"
2120038066,"022111",1,NA,"01200","0000000250","0000300000"
2120030165,"022113",1,NA,"01100","0000000400","0000440000"
2120030157,"022111",1,NA,"01040","0000000250","0000260000"
2120066011,"022113",1,NA,"00100","0000000200","0000020000"
2120058010,"022113",1,NA,"00600","0000000300","0000180000"
2120050267,"022115",1,NA,NA,NA,"0000040000"
2120026055,"022113",1,NA,"00600","0000000250","0000150000"
2120014016,"022111",1,NA,"00600","0000000250","0000150000"
2120054174,"022113",1,NA,"00600","0000000300","0000180000"
2120014014,"022111",1,NA,"00300","0000000250","0000075000"
2120022011,"022111",1,NA,"00300","0000000250","0000075000"
2120034157,"022113",1,NA,"01100","0000000600","0000660000"
2120026061,"022113",1,NA,"00600","0000000200","0000120000"
2120026057,"022113",1,NA,"00300","0000000300","0000090000"
2120070162,"022113",1,NA,"00500","0000000250","0000125000"
2120050255,"022115",1,NA,NA,NA,"0000050000"
2120050257,"022115",1,NA,NA,NA,"0000060000"
2120082005,"022111",1,NA,"00600","0000000200","0000120000"
2120074212,"022111",1,NA,"00600","0000000200","0000120000"
2120098210,"022113",1,NA,"00300","0000003000","0000900000"
2120018062,"022113",1,NA,"00300","0000000550","0000165000"
2120018055,"022113",1,NA,"00600","0000000175","0000105000"
2120018052,"022113",1,NA,"00100","0000000250","0000025000"
2120058014,"022113",1,NA,"00600","0000000250","0000150000"
2120058005,"022113",1,NA,"00600","0000000250","0000150000"
2120078054,"022113",1,NA,"00600","0000000900","0000540000"
2120078050,"022115",1,NA,NA,NA,"0000060000"
2120074206,"022113",1,NA,"00600","0000000500","0000300000"
2120074215,"022113",1,NA,"00600","0000000300","0000180000"
2120043117,"022113",1,NA,"00200","0000000350","0000070000"
2120003016,"022111",1,NA,"00600","0000000250","0000150000"
2120003008,"022111",1,NA,"00300","0000000250","0000075000"
2120027172,"022113",1,NA,"01800","0000000350","0000630000"
2120015106,"022111",1,NA,"00600","0000000250","0000150000"
2120015110,"022113",1,NA,"00300","0000000200","0000060000"
2120035120,"022111",1,NA,"00600","0000000250","0000150000"
2120047191,"022113",1,NA,"00300","0000000350","0000105000"
2120047193,"022113",1,NA,"00600","0000000350","0000210000"
2120083109,"022113",1,NA,"00300","0000000500","0000150000"
2120075251,"022113",1,NA,"00600","0000000200","0000120000"
2120075254,"022113",1,NA,"00600","0000000200","0000120000"
2120079201,"022113",1,NA,"00180","0000002500","0000450000"
2120035121,"022113",1,NA,"00600","0000000500","0000300000"
2120087201,"022113",1,NA,"00200","0000000200","0000040000"
2120011069,"023111",1,NA,NA,NA,"0000200000"
2120011063,"022115",1,NA,NA,NA,"0000100000"
2120019172,"022111",1,NA,"00300","0000000250","0000075000"
2120023008,"022113",1,NA,"00600","0000000300","0000180000"
2120023018,"022111",1,NA,"00600","0000000250","0000150000"
2120059171,"022113",1,NA,"00600","0000000250","0000150000"
2120059173,"022113",1,NA,"00600","0000000250","0000150000"
2120091250,"022113",1,NA,"00600","0000000250","0000150000"
2120071206,"022113",1,NA,"01200","0000000250","0000300000"
2120087192,"022113",1,NA,"00600","0000000500","0000300000"
2120095103,"022113",1,NA,"00300","0000000350","0000105000"
2120095112,"022115",1,NA,NA,NA,"0000030000"
2120095115,"022113",1,NA,"00300","0000000350","0000105000"
2120019175,"022111",1,NA,"00600","0000000250","0000150000"
2120071204,"022113",1,NA,"00400","0000000300","0000120000"
2120071213,"022113",1,NA,"00600","0000000500","0000300000"
2120063180,"022113",1,NA,"00600","0000000500","0000300000"
2120020271,"022111",1,NA,"00300","0000000300","0000090000"
2120100114,"022113",1,NA,"00600","0000000500","0000300000"
2120096053,"022111",1,NA,"00210","0000000300","0000063000"
2120004016,"022111",1,NA,"00300","0000000300","0000090000"
2120004008,"022111",1,NA,"00300","0000000275","0000082500"
2120068257,"022111",1,NA,"00600","0000000300","0000180000"
2120068250,"022113",1,NA,"00600","0000000300","0000180000"
2120032165,"022111",1,NA,"00120","0000000250","0000030000"
2120096059,"022111",1,NA,"00100","0000000300","0000030000"
2120096055,"022111",1,NA,"00600","0000000300","0000180000"
2120012151,"022115",1,NA,NA,NA,"0000030000"
2120012159,"022113",1,NA,"00300","0000000350","0000105000"
2120012149,"022115",1,NA,NA,NA,"0000050000"
2120072068,"022115",1,NA,NA,NA,"0000100000"
2120008104,"022113",1,NA,"00150","0000000250","0000037500"
2120056205,"022113",1,NA,"00600","0000000150","0000090000"
2120056195,"022113",1,NA,"01200","0000000500","0000600000"
2120056192,"022113",1,NA,"00600","0000000150","0000090000"
2120092059,"022113",1,NA,"00300","0000000150","0000045000"
2120048225,"022113",1,NA,"00300","0000000350","0000105000"
2120048229,"022113",1,NA,"00600","0000000350","0000210000"
2120036120,"022113",1,NA,"00600","0000000200","0000120000"
2120064054,"022113",1,NA,"00600","0000000200","0000120000"
2120060174,"022113",1,NA,"00600","0000000400","0000240000"
2120060184,"022113",1,NA,"00600","0000000600","0000360000"
2120060176,"022113",1,NA,"00600","0000000200","0000120000"
2120088154,"022113",1,NA,"00600","0000000500","0000300000"
2120088158,"022113",1,NA,"00080","0000001000","0000080000"
2120044056,"022113",1,NA,"00300","0000000350","0000105000"
2120016012,"022115",1,NA,NA,NA,"0000035000"
2120024013,"022115",1,NA,NA,NA,"0000030000"
2120080016,"022113",1,NA,"00600","0000000300","0000180000"
2120084144,"022113",1,NA,"00300","0000000500","0000150000"
2130073125,"022111",1,NA,"00600","0000000250","0000150000"
2130125155,"022113",1,NA,"01200","0000000150","0000180000"
2130125155,"023111",1,NA,NA,NA,"0000300000"
2130017013,"022111",1,NA,"00600","0000000300","0000180000"
2130053213,"022111",1,NA,"01200","0000000150","0000180000"
2130101202,"022111",1,NA,"01200","0000000200","0000240000"
2130101207,"022111",1,NA,"00100","0000000200","0000020000"
2130101210,"022113",1,NA,"00600","0000000550","0000330000"
2130025185,"022111",1,NA,"00600","0000000275","0000165000"
2130025194,"022111",1,NA,"00600","0000000250","0000150000"
2130025198,"022111",1,NA,"00600","0000000250","0000150000"
2130041009,"022111",1,NA,"00300","0000000200","0000060000"
2130041017,"022111",1,NA,"00150","0000000250","0000037500"
2130049005,"022113",1,NA,"00300","0000000500","0000150000"
2130049018,"022111",1,NA,"00700","0000000300","0000210000"
2130121114,"022111",1,NA,"00600","0000000200","0000120000"
2130121115,"022111",1,NA,"00600","0000000200","0000120000"
2130001107,"022113",1,NA,"00600","0000000400","0000240000"
2130001113,"022113",1,NA,"00600","0000000300","0000180000"
2130013005,"022111",1,NA,"00600","0000000250","0000150000"
2130013012,"022111",1,NA,"01000","0000000250","0000250000"
2130013014,"022113",1,NA,"00300","0000000400","0000120000"
2130029155,"022113",1,NA,"00200","0000000500","0000100000"
2130045062,"022111",1,NA,"00600","0000000300","0000180000"
2130117144,"022113",1,NA,"00600","0000000300","0000180000"
2130117149,"022111",1,NA,"00600","0000000250","0000150000"
2130045056,"022113",1,NA,"00200","0000000450","0000090000"
2130045058,"022113",1,NA,"00600","0000000200","0000120000"
2130057104,"022111",1,NA,"00240","0000000250","0000060000"
2130077166,"022113",1,NA,"00600","0000000300","0000180000"
2130077166,"023111",1,NA,NA,NA,"0002000000"
2130061201,"022113",1,NA,"00600","0000000300","0000180000"
2130097156,"022113",1,NA,"00600","0000000300","0000180000"
2130109202,"022113",1,NA,"00150","0000000500","0000075000"
2130097163,"022113",1,NA,"00100","0000000400","0000040000"
2130061204,"022113",1,NA,"00600","0000000400","0000240000"
2130081160,"022111",1,NA,"00600","0000000200","0000120000"
2130021160,"022111",1,NA,"00600","0000000275","0000165000"
2130097162,"022113",1,NA,"00600","0000000300","0000180000"
2130021166,"022113",1,NA,"00600","0000000250","0000150000"
2130077157,"022111",1,NA,"00300","0000000300","0000090000"
2130089053,"022113",1,NA,"00300","0000000500","0000150000"
2130105058,"022113",1,NA,"00600","0000000500","0000300000"
2130005247,"022111",1,NA,"00600","0000000200","0000120000"
2130073120,"022111",1,NA,"00600","0000000150","0000090000"
2130073121,"022111",1,NA,"00600","0000000200","0000120000"
2130065177,"023111",1,NA,NA,NA,"0000270000"
2130069198,"022111",1,NA,"00600","0000000250","0000150000"
2130069202,"022111",1,NA,"00300","0000000250","0000075000"
2130077169,"022113",1,NA,"00600","0000002500","0001500000"
2130029168,"022111",1,NA,"00600","0000000200","0000120000"
2130125147,"022111",1,NA,"00450","0000000200","0000090000"
2130125147,"023111",1,NA,NA,NA,"0000150000"
2130125150,"022113",1,NA,"00600","0000000400","0000240000"
2130125158,"022111",1,NA,"00600","0000000250","0000150000"
2130081163,"022115",1,NA,NA,NA,"0000010000"
2130098008,"022113",1,NA,"01800","0000000500","0000900000"
2130114112,"022113",1,NA,"00150","0000000200","0000030000"
2130114114,"022111",1,NA,"00300","0000000250","0000075000"
2130058054,"022111",1,NA,"00200","0000000250","0000050000"
2130006059,"022111",1,NA,"00300","0000000150","0000045000"
2130006063,"022111",1,NA,"00300","0000000200","0000060000"
2130118150,"022113",1,NA,"00600","0000000300","0000180000"
2130118153,"022111",1,NA,"01200","0000000150","0000180000"
2130118154,"022113",1,NA,"01200","0000000300","0000360000"
2130002207,"022113",1,NA,"00090","0000000300","0000027000"
2130074115,"022111",1,NA,"00900","0000000250","0000225000"
2130074109,"022111",1,NA,"00600","0000000250","0000150000"
2130074111,"022111",1,NA,"00600","0000000250","0000150000"
2130074111,"023111",1,NA,NA,NA,"0000600000"
2130074120,"022111",1,NA,"00600","0000000500","0000300000"
2130050052,"022111",1,NA,"00600","0000000300","0000180000"
2130094010,"022111",1,NA,"00600","0000000200","0000120000"
2130094013,"022111",1,NA,"00600","0000000110","0000066000"
2130066013,"022113",1,NA,"00600","0000000300","0000180000"
2130066017,"022111",1,NA,"00600","0000000250","0000150000"
2130022316,"022111",1,NA,"00600","0000000300","0000180000"
2130030068,"022111",1,NA,"00600","0000000300","0000180000"
2130018066,"022111",1,NA,"00600","0000000300","0000180000"
2130090166,"022113",1,NA,"00300","0000000300","0000090000"
2130090158,"022113",1,NA,"00600","0000000200","0000120000"
2130106057,"022111",1,NA,"00600","0000000250","0000150000"
2130014062,"022111",1,NA,"00210","0000000150","0000031500"
2130034216,"022113",1,NA,"00600","0000000200","0000120000"
2130090160,"022113",1,NA,"00600","0000000300","0000180000"
2130090163,"022113",1,NA,"00600","0000000400","0000240000"
2130026155,"022111",1,NA,"00720","0000000250","0000180000"
2130026155,"023111",1,NA,NA,NA,"0000400000"
2130034208,"023111",1,NA,NA,NA,"0000200000"
2130062118,"022111",1,NA,"00600","0000000250","0000150000"
2130062121,"022113",1,NA,"00450","0000000500","0000225000"
2130066007,"022115",1,NA,NA,NA,"0000005000"
2130078161,"022111",1,NA,"00600","0000000200","0000120000"
2130110110,"022113",1,NA,"01200","0000000500","0000600000"
2130114117,"022111",1,NA,"01200","0000000250","0000300000"
2130114117,"023111",1,NA,NA,NA,"0000600000"
2130078165,"022113",1,NA,"00300","0000000250","0000075000"
2130014071,"022111",1,NA,"00600","0000000250","0000150000"
2130058059,"022115",1,NA,NA,NA,"0000010000"
2130098015,"022113",1,NA,"00600","0000000250","0000150000"
2130110117,"022111",1,NA,"00600","0000000250","0000150000"
2130002202,"022113",1,NA,"00500","0000000200","0000100000"
2130018062,"022111",1,NA,"00200","0000000250","0000050000"
2130022324,"022111",1,NA,"00600","0000000300","0000180000"
2130046097,"022113",1,NA,"00600","0000000250","0000150000"
2130094008,"022113",1,NA,"00060","0000000300","0000018000"
2130058055,"022111",1,NA,"00400","0000000300","0000120000"
2130122157,"022111",1,NA,"00600","0000000200","0000120000"
2130086065,"022113",1,NA,"00600","0000000500","0000300000"
2130114121,"022113",1,NA,"00300","0000000150","0000045000"
2130062110,"022111",1,NA,"00600","0000000250","0000150000"
2130102008,"022111",1,NA,"00600","0000000200","0000120000"
2130102008,"022113",1,NA,"00600","0000000400","0000240000"
2130102013,"022111",1,NA,"01800","0000000200","0000360000"
2130098006,"022113",1,NA,"01200","0000000250","0000300000"
2130122148,"022113",1,NA,"00600","0000000300","0000180000"
2130010009,"022113",1,NA,"00600","0000000500","0000300000"
2130034205,"022113",1,NA,"01200","0000000300","0000360000"
2130051108,"022113",1,NA,"00600","0000000600","0000360000"
2130051108,"023111",1,NA,NA,NA,"0000020000"
2130067057,"022111",1,NA,"01200","0000000250","0000300000"
2130067057,"023111",1,NA,NA,NA,"0000600000"
2130011140,"022113",1,NA,"00300","0000000250","0000075000"
2130039052,"022113",1,NA,"00600","0000000600","0000360000"
2130051119,"022111",1,NA,"00600","0000000250","0000150000"
2130055009,"022115",1,NA,NA,NA,"0000024000"
2130055012,"022113",1,NA,"00300","0000000500","0000150000"
2130115067,"022113",1,NA,"00300","0000000500","0000150000"
2130055014,"022113",1,NA,"00300","0000000500","0000150000"
2130055014,"023111",1,NA,NA,NA,"0000500000"
2130083071,"022113",1,NA,"00150","0000000500","0000075000"
2130019160,"022111",1,NA,"00060","0000000250","0000015000"
2130027119,"022113",1,NA,"00600","0000000550","0000330000"
2130043005,"022113",1,NA,"00600","0000000300","0000180000"
2130043015,"022111",1,NA,"01200","0000000250","0000300000"
2130043018,"022113",1,NA,"00600","0000000250","0000150000"
2130103167,"022113",1,NA,"00600","0000000300","0000180000"
2130103170,"022113",1,NA,"00600","0000000300","0000180000"
2130103175,"022113",1,NA,"00200","0000000300","0000060000"
2130099154,"022113",1,NA,"00090","0000000300","0000027000"
2130031178,"022113",1,NA,"00300","0000000750","0000225000"
2130123145,"022113",1,NA,"00600","0000000500","0000300000"
2130047156,"022113",1,NA,"00030","0000001000","0000030000"
2130047157,"022111",1,NA,"00030","0000000300","0000009000"
2130007100,"022113",1,NA,"00300","0000000300","0000090000"
2130003148,"022113",1,NA,"00900","0000000300","0000270000"
2130003154,"022113",1,NA,"01200","0000000300","0000360000"
2130007107,"022113",1,NA,"00300","0000000300","0000090000"
2130007112,"022113",1,NA,"00600","0000000300","0000180000"
2130019166,"022111",1,NA,"00200","0000002500","0000500000"
2130019171,"022113",1,NA,"00400","0000000150","0000060000"
2130023157,"022111",1,NA,"00600","0000000200","0000120000"
2130031182,"022111",1,NA,"00200","0000000250","0000050000"
2130035058,"022111",1,NA,"00300","0000000200","0000060000"
2130035061,"022113",1,NA,"00900","0000000300","0000270000"
2130035068,"022113",1,NA,"00600","0000000300","0000180000"
2130059164,"022113",1,NA,"00600","0000000550","0000330000"
2130059166,"022113",1,NA,"00600","0000000550","0000330000"
2130059170,"022111",1,NA,"00600","0000000350","0000210000"
2130063011,"022113",1,NA,"00030","0000000200","0000006000"
2130067054,"022113",1,NA,"00600","0000000500","0000300000"
2130067058,"022113",1,NA,"00600","0000000500","0000300000"
2130071201,"022115",1,NA,NA,NA,"0000050000"
2130071203,"022111",1,NA,"00600","0000000250","0000150000"
2130071207,"022111",1,NA,"00600","0000000250","0000150000"
2130079155,"022113",1,NA,"00600","0000000500","0000300000"
2130079166,"022113",1,NA,"01200","0000000500","0000600000"
2130079166,"023111",1,NA,NA,NA,"0000900000"
2130083061,"022113",1,NA,"00600","0000000300","0000180000"
2130083061,"023111",1,NA,NA,NA,"0000200000"
2130083063,"022113",1,NA,"00300","0000000500","0000150000"
2130087111,"022113",1,NA,"00600","0000000300","0000180000"
2130087113,"022111",1,NA,"00600","0000000250","0000150000"
2130091059,"022113",1,NA,"00400","0000000300","0000120000"
2130091063,"022113",1,NA,"00100","0000000250","0000025000"
2130091066,"022113",1,NA,"00600","0000000400","0000240000"
2130095121,"022113",1,NA,"00600","0000000300","0000180000"
2130099146,"022113",1,NA,"00100","0000000300","0000030000"
2130107007,"022111",1,NA,"00090","0000000200","0000018000"
2130119160,"022111",1,NA,"00600","0000000300","0000180000"
2130123149,"022111",1,NA,"00600","0000000300","0000180000"
2130123149,"023111",1,NA,NA,NA,"0000300000"
2130123153,"023111",1,NA,NA,NA,"0000300000"
2130100056,"022111",1,NA,"00600","0000000250","0000150000"
2130008016,"022113",1,NA,"00080","0000000500","0000040000"
2130112166,"022111",1,NA,"00300","0000000250","0000075000"
2130044117,"022111",1,NA,"00600","0000000300","0000180000"
2130104070,"022113",1,NA,"00600","0000000500","0000300000"
2130012065,"022113",1,NA,"00600","0000000400","0000240000"
2130012054,"022111",1,NA,"00300","0000000400","0000120000"
2130024073,"022113",1,NA,"00600","0000000300","0000180000"
2130020004,"022113",1,NA,"00600","0000000300","0000180000"
2130008014,"022111",1,NA,"01200","0000000250","0000300000"
2130016174,"023111",1,NA,NA,NA,"0000200000"
2130020004,"023111",1,NA,NA,NA,"0000500000"
2130028169,"022111",1,NA,"00600","0000000300","0000180000"
2130028174,"022113",1,NA,"00600","0000000250","0000150000"
2130068149,"022111",1,NA,"00600","0000000150","0000090000"
2130032010,"022111",1,NA,"00600","0000000150","0000090000"
2130020016,"022111",1,NA,"00600","0000000300","0000180000"
2130032013,"022111",1,NA,"00600","0000000300","0000180000"
2130032016,"022111",1,NA,"00600","0000000250","0000150000"
2130036057,"022111",1,NA,"00600","0000000400","0000240000"
2130036061,"022111",1,NA,"00600","0000000300","0000180000"
2130068144,"022111",1,NA,"01200","0000000200","0000240000"
2130068144,"023111",1,NA,NA,NA,"0001800000"
2130028166,"022113",1,NA,"00300","0000000300","0000090000"
2130036070,"022113",1,NA,"00600","0000000600","0000360000"
2130040064,"022113",1,NA,"00050","0000000250","0000012500"
2130048148,"022111",1,NA,"00600","0000000350","0000210000"
2130052109,"022115",1,NA,NA,NA,"0000150000"
2130052109,"023111",1,NA,NA,NA,"0000600000"
2130060146,"022113",1,NA,"00300","0000000500","0000150000"
2130060148,"022111",1,NA,"00600","0000000200","0000120000"
2130060158,"022113",1,NA,"00600","0000000400","0000240000"
2130064120,"022111",1,NA,"00300","0000000700","0000210000"
2130108014,"022113",1,NA,"00600","0000000500","0000300000"
2130088059,"022111",1,NA,"00060","0000000250","0000015000"
2130092065,"022113",1,NA,"00600","0000000700","0000420000"
2130092065,"023111",1,NA,NA,NA,"0000100000"
2130092066,"022113",1,NA,"00600","0000000700","0000420000"
2130096116,"022113",1,NA,"00300","0000000400","0000120000"
2130096121,"022113",1,NA,"00600","0000000400","0000240000"
2130100052,"022113",1,NA,"00040","0000000550","0000022000"
2130100058,"022111",1,NA,"00600","0000000300","0000180000"
2130100063,"022111",1,NA,"00600","0000000250","0000150000"
2130104058,"022111",1,NA,"00300","0000000120","0000036000"
2130104063,"022113",1,NA,"00600","0000000500","0000300000"
2130104068,"022113",1,NA,"01200","0000000400","0000480000"
2130064122,"022113",1,NA,"00600","0000000600","0000360000"
2130064127,"022111",1,NA,"00200","0000000250","0000050000"
2130064128,"022111",1,NA,"00200","0000000250","0000050000"
2130072176,"022113",1,NA,"00600","0000000750","0000450000"
2130072182,"022111",1,NA,"00600","0000000250","0000150000"
2130076148,"022111",1,NA,"00600","0000000250","0000150000"
2130080159,"022111",1,NA,"00030","0000000250","0000007500"
2130084054,"022111",1,NA,"00300","0000002500","0000750000"
2130084057,"022111",1,NA,"00600","0000000250","0000150000"
2130084060,"022113",1,NA,"00600","0000000700","0000420000"
2130116173,"022113",1,NA,"00300","0000000500","0000150000"
2130116178,"022111",1,NA,"00600","0000000300","0000180000"
2130116178,"023111",1,NA,NA,NA,"0000500000"
2130120010,"022111",1,NA,"00300","0000000250","0000075000"
2130124004,"023111",1,NA,NA,NA,"0001500000"
2130124008,"022113",1,NA,"00300","0000000250","0000075000"
2130124014,"022111",1,NA,"00300","0000000300","0000090000"
2130124017,"022113",1,NA,"00600","0000000250","0000150000"
2130064117,"022113",1,NA,"00150","0000000650","0000097500"
2130080153,"022111",1,NA,"00600","0000000250","0000150000"
2140057074,"022111",1,NA,"00300","0000000500","0000150000"
2140021009,"022115",1,NA,NA,NA,"0000050000"
2140037067,"022111",1,NA,"00620","0000000300","0000186000"
2140021015,"022111",1,NA,"01200","0000000600","0000720000"
2140057063,"022113",1,NA,"00600","0000000700","0000420000"
2140077064,"022111",1,NA,"01800","0000000300","0000540000"
2140081063,"022111",1,NA,"00200","0000000600","0000120000"
2140033215,"022111",1,NA,"00620","0000000300","0000186000"
2140033209,"022113",1,NA,"00150","0000000900","0000135000"
2140073312,"022113",1,NA,"00600","0000000700","0000420000"
2140073312,"023111",1,NA,NA,NA,"0000300000"
2140093121,"022111",1,NA,"00300","0000000300","0000090000"
2140033212,"022111",1,NA,"00300","0000000250","0000075000"
2140041173,"022111",1,NA,"01200","0000000250","0000300000"
2140101065,"022111",7,NA,"00600","0000000300","0000180000"
2140029104,"022111",1,NA,"00600","0000000300","0000180000"
2140005130,"022111",1,NA,"00120","0000000300","0000036000"
2140025054,"022111",1,NA,"00400","0000000200","0000080000"
2140069172,"022111",1,NA,"00600","0000000350","0000210000"
2140069186,"022113",1,NA,"00300","0000000800","0000240000"
2140097017,"022111",1,NA,"00900","0000000250","0000225000"
2140089118,"022111",1,NA,"00600","0000000300","0000180000"
2140009065,"022111",1,NA,"00600","0000000300","0000180000"
2140041169,"022111",1,NA,"01200","0000000300","0000360000"
2140041180,"022111",1,NA,"00600","0000000300","0000180000"
2140041176,"022111",1,NA,"00600","0000000250","0000150000"
2140089117,"022111",1,NA,"01200","0000000300","0000360000"
2140081055,"022111",1,NA,"00300","0000000350","0000105000"
2140049053,"022111",1,NA,"00600","0000000200","0000120000"
2140045175,"022113",1,NA,"00600","0000000700","0000420000"
2140005123,"022113",1,NA,"00300","0000000300","0000090000"
2140041166,"022111",1,NA,"00180","0000000150","0000027000"
2140069182,"022111",1,NA,"00600","0000000225","0000135000"
2140010014,"022111",1,NA,"00600","0000000300","0000180000"
2140038066,"022111",1,NA,"00600","0000000500","0000300000"
2140014058,"022111",1,NA,"00600","0000000300","0000180000"
2140010018,"022113",1,NA,"00600","0000001000","0000600000"
2140038064,"022111",1,NA,"00600","0000000300","0000180000"
2140078126,"022111",1,NA,"00600","0000000400","0000240000"
2140002016,"022111",1,NA,"00600","0000000300","0000180000"
2140018074,"022111",1,NA,"00600","0000000300","0000180000"
2140018069,"022111",1,NA,"00600","0000000300","0000180000"
2140050012,"022111",1,NA,"00600","0000000400","0000240000"
2140026169,"022111",1,NA,"00600","0000000300","0000180000"
2140090163,"022111",1,NA,"00300","0000000300","0000090000"
2140090158,"022115",1,NA,NA,NA,"0000100000"
2140042007,"022111",1,NA,"02000","0000000300","0000600000"
2140006122,"022111",1,NA,"00600","0000000300","0000180000"
2140006125,"022111",1,NA,"01200","0000000300","0000360000"
2140014068,"022111",1,NA,"00600","0000000800","0000480000"
2140098112,"022111",1,NA,"00300","0000000300","0000090000"
2140098123,"022111",1,NA,"00600","0000000300","0000180000"
2140054173,"022111",1,NA,"00600","0000000300","0000180000"
2140098113,"022111",1,NA,"00400","0000000250","0000100000"
2140026174,"022111",1,NA,"00600","0000000300","0000180000"
2140046214,"022113",1,NA,"00720","0000001200","0000864000"
2140034112,"022111",1,NA,"01240","0000000300","0000372000"
2140034102,"022111",1,NA,"00600","0000000300","0000180000"
2140090156,"022111",1,NA,"00600","0000000300","0000180000"
2140046210,"022113",1,NA,"00432","0000000500","0000216000"
2140030099,"022111",1,NA,"00300","0000000300","0000090000"
2140030108,"022111",1,NA,"00600","0000000300","0000180000"
2140030106,"022111",1,NA,"00600","0000000250","0000150000"
2140054184,"022113",1,NA,"00600","0000001000","0000600000"
2140011008,"022111",1,NA,"00600","0000000400","0000240000"
2140011017,"022111",1,NA,"00300","0000000350","0000105000"
2140095106,"022111",1,NA,"00600","0000000400","0000240000"
2140083201,"022111",1,NA,"00600","0000000400","0000240000"
2140083204,"022111",1,NA,"00900","0000000400","0000360000"
2140083204,"023111",1,NA,NA,NA,"0000400000"
2140083210,"022111",1,NA,"00300","0000000400","0000120000"
2140083197,"022111",1,NA,"00600","0000000400","0000240000"
2140035171,"022111",1,NA,"00600","0000000400","0000240000"
2140035166,"022111",1,NA,"00600","0000000400","0000240000"
2140035158,"022111",1,NA,"00600","0000000400","0000240000"
2140051105,"022111",1,NA,"00600","0000000500","0000300000"
2140027057,"022111",1,NA,"00600","0000000400","0000240000"
2140027068,"022111",1,NA,"00300","0000000400","0000120000"
2140027064,"022111",1,NA,"00600","0000000400","0000240000"
2140039113,"022111",1,NA,"00300","0000000300","0000090000"
2140003299,"022111",1,NA,"01200","0000000300","0000360000"
2140075340,"022111",1,NA,"00600","0000000500","0000300000"
2140055116,"022111",1,NA,"00600","0000000300","0000180000"
2140019156,"022111",1,NA,"00600","0000000200","0000120000"
2140043113,"022111",1,NA,"00600","0000000300","0000180000"
2140087063,"022111",1,NA,"00300","0000000400","0000120000"
2140087057,"022111",1,NA,"00300","0000000300","0000090000"
2140055110,"022111",1,NA,"00600","0000000300","0000180000"
2140055119,"022111",1,NA,"00600","0000000300","0000180000"
2140091153,"022111",1,NA,"00600","0000000300","0000180000"
2140091155,"022111",1,NA,"00900","0000000300","0000270000"
2140103243,"022111",1,NA,"00600","0000000300","0000180000"
2140007143,"022111",1,NA,"03000","0000000300","0000900000"
2140019151,"022111",1,NA,"00600","0000000300","0000180000"
2140079070,"022111",1,NA,"00600","0000000300","0000180000"
2140079067,"022111",1,NA,"00600","0000001000","0000600000"
2140079064,"022111",1,NA,"01200","0000000300","0000360000"
2140079059,"022111",1,NA,"00600","0000000300","0000180000"
2140023123,"022111",1,NA,"00090","0000000300","0000027000"
2140063108,"022111",1,NA,"00600","0000000400","0000240000"
2140063108,"023111",1,NA,NA,NA,"0001000000"
2140028112,"022111",1,NA,"00600","0000000300","0000180000"
2140004315,"022111",1,NA,"00600","0000000300","0000180000"
2140004318,"022111",1,NA,"00300","0000000300","0000090000"
2140016018,"022111",1,NA,"00600","0000000400","0000240000"
2140028106,"022111",1,NA,"00300","0000000300","0000090000"
2140052152,"022113",1,NA,"00600","0000000400","0000240000"
2140076060,"022111",1,NA,"00600","0000000500","0000300000"
2140096006,"022111",1,NA,"00300","0000001000","0000300000"
2140096015,"022111",1,NA,"00100","0000003000","0000300000"
2140096018,"022111",1,NA,"00300","0000003000","0000900000"
2140012121,"022111",1,NA,"00600","0000000600","0000360000"
2140012118,"022111",1,NA,"00070","0000000600","0000042000"
2140088007,"022111",1,NA,"00300","0000000400","0000120000"
2140020194,"022111",1,NA,"00600","0000000600","0000360000"
2140084168,"022111",1,NA,"00300","0000000500","0000150000"
2140084164,"022111",1,NA,"00600","0000000500","0000300000"
2140080015,"022111",1,NA,"00600","0000000600","0000360000"
2140040063,"022111",1,NA,"01000","0000000300","0000300000"
2140040067,"021111",1,NA,NA,NA,"0000250000"
2140040067,"022111",1,NA,"01800","0000000450","0000810000"
2140040067,"023111",1,NA,NA,NA,"0000400000"
2140024010,"022111",1,NA,"00600","0000000500","0000300000"
2140048192,"022111",1,NA,"00600","0000000600","0000360000"
2140048195,"022111",1,NA,"00600","0000000500","0000300000"
2140048205,"022111",1,NA,"00600","0000000500","0000300000"
2140048202,"022111",1,NA,"00600","0000000500","0000300000"
2140008103,"022111",1,NA,"00600","0000000250","0000150000"
2140032123,"022111",1,NA,"00240","0000000250","0000060000"
2140036158,"022111",1,NA,"00300","0000000300","0000090000"
2140064156,"022111",1,NA,"00150","0000001250","0000187500"
2140036160,"022113",1,NA,"00300","0000000600","0000180000"
2140064162,"022111",1,NA,"00300","0000000300","0000090000"
2140068072,"022111",1,NA,"00600","0000000300","0000180000"
2140076068,"022113",1,NA,"01200","0000000600","0000720000"
2140100056,"022111",1,NA,"00600","0000000200","0000120000"
2150077150,"022113",1,NA,"00200","0000001000","0000200000"
2150073162,"022111",1,NA,"00300","0000000900","0000270000"
2150097060,"022113",1,NA,"00150","0000000500","0000075000"
2150085009,"022111",1,NA,"00090","0000000600","0000054000"
2150085011,"022111",1,NA,"00030","0000000500","0000015000"
2150085011,"022113",1,NA,"00030","0000001000","0000030000"
2150009242,"022111",1,NA,"00300","0000001000","0000300000"
2150101259,"022113",1,NA,"00140","0000001000","0000140000"
2150065062,"022111",1,NA,"00200","0000000500","0000100000"
2150001122,"022113",1,NA,"00150","0000001000","0000150000"
2150009236,"022111",1,NA,"01000","0000000500","0000500000"
2150009245,"022111",1,NA,"00300","0000000500","0000150000"
2150029062,"023111",1,NA,NA,NA,"0000250000"
2150009247,"022111",1,NA,"00300","0000000700","0000210000"
2150005015,"022113",1,NA,"00600","0000001000","0000600000"
2150017054,"022111",1,NA,"00600","0000001500","0000900000"
2150017062,"022111",1,NA,"00600","0000000500","0000150000"
2150017062,"023111",1,NA,NA,NA,"0000004000"
2150017064,"022111",1,NA,"00600","0000001500","0000900000"
2150037161,"022111",1,NA,"00600","0000001000","0000600000"
2150065057,"022113",1,NA,"00400","0000001000","0000400000"
2150029063,"022113",1,NA,"00100","0000001000","0000100000"
2150049216,"022111",1,NA,"00600","0000000250","0000150000"
2150053349,"022111",1,NA,"00600","0000000500","0000300000"
2150093006,"022113",1,NA,"00300","0000001000","0000300000"
2150101273,"022113",1,NA,"00100","0000002000","0000200000"
2150109104,"022111",1,NA,"00020","0000000800","0000016000"
2150109107,"022113",1,NA,"00040","0000001000","0000040000"
2150109110,"022113",1,NA,"00030","0000001000","0000030000"
2150113206,"022113",1,NA,"00120","0000000500","0000060000"
2150077154,"022113",1,NA,"00600","0000000600","0000360000"
2150081056,"022113",1,NA,"00130","0000001000","0000130000"
2150085017,"022111",1,NA,"00500","0000000300","0000150000"
2150093015,"022111",1,NA,"00200","0000000250","0000050000"
2150093015,"022113",1,NA,"00300","0000001000","0000300000"
2150113209,"022113",1,NA,"00200","0000000500","0000100000"
2150001110,"022113",1,NA,"00100","0000001000","0000100000"
2150013207,"022111",1,NA,"00080","0000000300","0000024000"
2150053352,"022111",1,NA,"01200","0000000300","0000360000"
2150073153,"022111",1,NA,"00600","0000000250","0000150000"
2150085004,"022111",1,NA,"00600","0000000900","0000540000"
2150005008,"022113",1,NA,"00400","0000001000","0000400000"
2150041168,"022113",1,NA,"00600","0000000500","0000300000"
2150065053,"022111",1,NA,"00200","0000000500","0000100000"
2150065053,"022113",1,NA,"00100","0000001000","0000100000"
2150074177,"022113",1,NA,"00600","0000000500","0000300000"
2150074171,"023111",1,NA,NA,NA,"0003000000"
2150002062,"022111",1,NA,"00600","0000000100","0000060000"
2150002065,"022111",1,NA,"00050","0000000250","0000012500"
2150090171,"022111",1,NA,"00600","0000000200","0000120000"
2150102189,"022113",1,NA,"01200","0000000400","0000480000"
2150094064,"022111",1,NA,"00600","0000000150","0000090000"
2150102202,"022113",1,NA,"00600","0000000550","0000330000"
2150026018,"022111",1,NA,"00600","0000001200","0000720000"
2150102192,"022113",1,NA,"00600","0000000550","0000330000"
2150026009,"022111",1,NA,"00600","0000001000","0000600000"
2150026009,"023111",1,NA,NA,NA,"0000600000"
2150086253,"022113",1,NA,"00400","0000001000","0000400000"
2150086253,"023111",1,NA,NA,NA,"0000500000"
2150078161,"022111",1,NA,"00600","0000000250","0000150000"
2150078152,"022111",1,NA,"00350","0000000250","0000087500"
2150114010,"022113",1,NA,"00400","0000000200","0000080000"
2150050365,"022111",1,NA,"00600","0000000300","0000180000"
2150098061,"022113",1,NA,"00300","0000001000","0000300000"
2150006200,"022111",1,NA,"00300","0000000300","0000090000"
2150026006,"022111",1,NA,"00120","0000001000","0000120000"
2150094061,"022111",1,NA,"00300","0000000200","0000060000"
2150054149,"022113",1,NA,"00600","0000000500","0000300000"
2150103058,"022111",1,NA,"01000","0000000150","0000150000"
2150043058,"022111",1,NA,"00300","0000000250","0000075000"
2150043058,"023111",1,NA,NA,NA,"0003000000"
2150087015,"022113",1,NA,"00500","0000001000","0000500000"
2150087009,"022113",1,NA,"00300","0000001000","0000300000"
2150011148,"022113",1,NA,"00050","0000006000","0000300000"
2150011148,"023111",1,NA,NA,NA,"0000450000"
2150071056,"022113",1,NA,"00600","0000000500","0000300000"
2150095055,"022113",1,NA,"00500","0000001000","0000500000"
2150095051,"022113",1,NA,"00500","0000001000","0000500000"
2150103066,"022113",1,NA,"00500","0000001000","0000500000"
2150111317,"022111",1,NA,"00400","0000000250","0000100000"
2150023275,"022111",1,NA,"00400","0000000200","0000080000"
2150023275,"023111",1,NA,NA,NA,"0000200000"
2150023266,"022111",1,NA,"00600","0000000250","0000150000"
2150023266,"023111",1,NA,NA,NA,"0000300000"
2150007014,"022111",1,NA,"00300","0000000250","0000075000"
2150007014,"022113",1,NA,"00300","0000001000","0000300000"
2150051062,"022111",1,NA,"01000","0000000150","0000150000"
2150051057,"022111",1,NA,"00800","0000000200","0000160000"
2150051057,"023111",1,NA,NA,NA,"0000600000"
2150059158,"022113",1,NA,"00600","0000001000","0000600000"
2150031223,"022113",1,NA,"00700","0000001000","0000700000"
2150027258,"022111",1,NA,"00600","0000000150","0000090000"
2150027258,"023111",1,NA,NA,NA,"0000300000"
2150027251,"022111",1,NA,"01200","0000000150","0000180000"
2150027251,"023111",1,NA,NA,NA,"0001000000"
2150003064,"022111",1,NA,"00060","0000000300","0000018000"
2150003069,"022113",1,NA,"00500","0000001000","0000500000"
2150003069,"023111",1,NA,NA,NA,"0000500000"
2150023270,"022111",1,NA,"00700","0000000300","0000210000"
2150023270,"023111",1,NA,NA,NA,"0000400000"
2150047202,"022111",1,NA,"00700","0000000200","0000140000"
2150047195,"022113",1,NA,"00500","0000001000","0000500000"
2150027247,"022113",1,NA,"00600","0000000700","0000420000"
2150052110,"022111",1,NA,"00200","0000000750","0000150000"
2150052108,"022111",1,NA,"00300","0000000750","0000225000"
2150048348,"022113",1,NA,"00300","0000000500","0000150000"
2150092067,"022113",1,NA,"00600","0000001500","0000900000"
2150092059,"022113",1,NA,"00600","0000001500","0000900000"
2150100170,"022113",1,NA,"00600","0000001000","0000600000"
2150020222,"022111",1,NA,"00050","0000001000","0000050000"
2150020222,"023111",1,NA,NA,NA,"0000300000"
2150040009,"022111",1,NA,"00600","0000000250","0000150000"
2150004018,"022111",1,NA,"00900","0000000250","0000225000"
2150004012,"022111",1,NA,"00600","0000000250","0000150000"
2150040017,"022113",1,NA,"00600","0000000500","0000300000"
2150068004,"022111",1,NA,"00600","0000000100","0000060000"
2150068004,"023111",1,NA,NA,NA,"0000500000"
2150084008,"022111",1,NA,"00900","0000000250","0000225000"
2150100165,"022113",1,NA,"00500","0000001000","0000500000"
2150004015,"022111",1,NA,"00600","0000000250","0000150000"
2150088117,"022113",1,NA,"00060","0000000750","0000045000"
2150064165,"022111",1,NA,"01000","0000000800","0000800000"
2150064172,"022111",1,NA,"00600","0000000800","0000480000"
2150104105,"022111",1,NA,"00350","0000001000","0000350000"
2150032285,"022113",1,NA,"00600","0000000700","0000420000"
2150060118,"022113",1,NA,"00300","0000001250","0000375000"
2150060109,"022113",1,NA,"00300","0000001000","0000300000"
2150072059,"022113",1,NA,"00500","0000001000","0000500000"
2150104100,"022111",1,NA,"00120","0000000750","0000090000"
2150116151,"022111",1,NA,"01000","0000000150","0000150000"
2150116156,"022113",1,NA,"00250","0000001000","0000250000"
2150008209,"022111",1,NA,"00600","0000000250","0000150000"
2150060115,"022113",1,NA,"00600","0000001000","0000600000"
2150056213,"022111",1,NA,"00300","0000000750","0000225000"
2150084005,"022111",1,NA,"01200","0000000250","0000300000"
2150088124,"022113",1,NA,"00030","0000001000","0000030000"
2150088124,"023111",1,NA,NA,NA,"0000300000"
2160073065,"022113",1,NA,"00720","0000001000","0000720000"
2160077114,"022115",1,NA,NA,NA,"0000070000"
2160053210,"022113",1,NA,"00720","0000000500","0000360000"
2160073066,"022113",1,NA,"00720","0000000500","0000360000"
2160065065,"022113",1,NA,"00600","0000000500","0000300000"
2160065062,"022115",1,NA,NA,NA,"0000050000"
2160041169,"022113",1,NA,"00720","0000000500","0000360000"
2160081180,"022113",1,NA,"00600","0000000500","0000300000"
2160081172,"022115",1,NA,NA,NA,"0000035000"
2160021013,"022111",1,NA,"00600","0000000500","0000300000"
2160081175,"022115",1,NA,NA,NA,"0000196000"
2160093223,"022111",1,NA,"01200","0000000250","0000300000"
2160045063,"022115",1,NA,NA,NA,"0000100000"
2160057168,"022111",1,NA,"00300","0000000500","0000150000"
2160069347,"022113",1,NA,"00600","0000000250","0000150000"
2160081181,"022111",1,NA,"00600","0000000250","0000150000"
2160033057,"022111",1,NA,"00600","0000000500","0000300000"
2160045061,"022111",1,NA,"01200","0000000150","0000180000"
2160045069,"022111",1,NA,"01200","0000000250","0000300000"
2160069351,"022113",1,NA,"00600","0000000500","0000300000"
2160069353,"022111",1,NA,"00800","0000000400","0000320000"
2160090218,"022111",1,NA,"00800","0000000500","0000400000"
2160090213,"022113",1,NA,"00600","0000001000","0000600000"
2160010005,"022113",1,NA,"00600","0000000500","0000300000"
2160066267,"022111",1,NA,"00600","0000000600","0000360000"
2160066270,"022113",1,NA,"00600","0000000500","0000300000"
2160070101,"022113",1,NA,"00600","0000000600","0000360000"
2160046059,"022111",1,NA,"00600","0000000500","0000300000"
2160082208,"022111",1,NA,"00600","0000000500","0000300000"
2160022067,"022113",1,NA,"00300","0000000500","0000150000"
2160070098,"022111",1,NA,"01200","0000000500","0000600000"
2160042225,"022111",1,NA,"00600","0000000500","0000300000"
2160014062,"022111",1,NA,"00600","0000000600","0000360000"
2160026120,"022111",1,NA,"01200","0000000500","0000600000"
2160038098,"022111",1,NA,"01200","0000000500","0000600000"
2160062012,"022113",1,NA,"00120","0000000500","0000060000"
2160050111,"022115",1,NA,NA,NA,"0000100000"
2160026108,"022111",1,NA,"01200","0000000250","0000300000"
2160074265,"022111",1,NA,"00600","0000000350","0000210000"
2160078108,"022113",1,NA,"00600","0000000600","0000360000"
2160099065,"022113",1,NA,"00600","0000000700","0000420000"
2160003166,"022111",1,NA,"00120","0000000700","0000084000"
2160027218,"022111",1,NA,"00020","0000000500","0000010000"
2160075173,"022111",1,NA,"00600","0000000700","0000420000"
2160015166,"022113",1,NA,"00600","0000001000","0000600000"
2160063173,"022113",1,NA,"00600","0000000700","0000420000"
2160099060,"022113",1,NA,"00600","0000000700","0000420000"
2160063171,"022113",1,NA,"00600","0000000400","0000240000"
2160063167,"022113",1,NA,"00600","0000001000","0000600000"
2160051006,"022111",1,NA,"00600","0000000500","0000300000"
2160063175,"023111",1,NA,NA,NA,"0001000000"
2160055251,"022113",1,NA,"00600","0000001100","0000660000"
2160055250,"022111",1,NA,"00600","0000001100","0000660000"
2160043210,"022111",1,NA,"01200","0000000500","0000600000"
2160019158,"022111",1,NA,"00180","0000000500","0000090000"
2160071208,"022111",1,NA,"00040","0000001000","0000040000"
2160027207,"022111",1,NA,"00600","0000000700","0000420000"
2160027215,"022113",1,NA,"02400","0000000500","0001200000"
2170001108,"022113",1,NA,"00200","0000000600","0000120000"
2170001118,"022113",1,NA,"00200","0000000500","0000100000"
2170013230,"022113",1,NA,"00600","0000000300","0000180000"
2170013233,"022113",1,NA,"00600","0000000200","0000120000"
2170013220,"022113",1,NA,"00600","0000000500","0000300000"
2170013223,"022115",1,NA,NA,NA,"0000070000"
2170021005,"022111",1,NA,"00300","0000000250","0000075000"
2170033015,"022113",1,NA,"00200","0000000600","0000120000"
2170061164,"022111",1,NA,"00450","0000000600","0000270000"
2170073015,"022111",1,NA,"00450","0000000300","0000135000"
2170113141,"022111",1,NA,"01200","0000000250","0000300000"
2170113151,"022111",1,NA,"01200","0000000250","0000300000"
2170117009,"022113",1,NA,"00600","0000000500","0000300000"
2170001104,"022113",1,NA,"00200","0000000700","0000140000"
2170001112,"022113",1,NA,"00200","0000000600","0000120000"
2170017475,"022113",1,NA,"00600","0000000500","0000300000"
2170021015,"022113",1,NA,"00600","0000000500","0000300000"
2170029126,"022113",1,NA,"00600","0000000500","0000300000"
2170089067,"022111",1,NA,"00340","0000000500","0000170000"
2170105113,"022115",1,NA,NA,NA,"0000100000"
2170117014,"022113",1,NA,"00600","0000000300","0000180000"
2170077013,"022111",1,NA,"00360","0000000600","0000216000"
2170009219,"022111",1,NA,"00200","0000000300","0000060000"
2170009224,"022113",1,NA,"00300","0000000500","0000150000"
2170065053,"022111",1,NA,"00420","0000000600","0000252000"
2170081107,"022111",1,NA,"00470","0000000600","0000282000"
2170101159,"022111",1,NA,"00600","0000000400","0000240000"
2170105106,"022113",1,NA,"00600","0000000200","0000120000"
2170109177,"022113",1,NA,"00120","0000001400","0000168000"
2170109174,"022113",1,NA,"00600","0000000200","0000120000"
2170129058,"022113",1,NA,"00600","0000000500","0000300000"
2170065062,"022115",1,NA,NA,NA,"0000045000"
2170045005,"022113",1,NA,"00300","0000000400","0000120000"
2170049100,"022113",1,NA,"00300","0000000400","0000120000"
2170069262,"022111",1,NA,"00480","0000000600","0000288000"
2170129069,"022113",1,NA,"00150","0000000500","0000075000"
2170129066,"022113",1,NA,"00600","0000000500","0000300000"
2170125055,"022113",1,NA,"00200","0000000400","0000080000"
2170125057,"022113",1,NA,"00200","0000000600","0000120000"
2170125060,"022113",1,NA,"00300","0000000500","0000150000"
2170037008,"022113",1,NA,"00400","0000000500","0000200000"
2170037017,"022113",1,NA,"00300","0000000500","0000150000"
2170045012,"022115",1,NA,NA,NA,"0000030000"
2170049108,"022113",1,NA,"00200","0000000500","0000100000"
2170049111,"022111",1,NA,"00150","0000000500","0000075000"
2170057208,"022111",1,NA,"00450","0000000700","0000315000"
2170129063,"022111",1,NA,"00600","0000000300","0000180000"
2170137173,"022111",1,NA,"00380","0000000600","0000228000"
2170045015,"022113",1,NA,"00300","0000000500","0000150000"
2170062250,"022111",1,NA,"00150","0000000600","0000090000"
2170026163,"022111",1,NA,"00600","0000000250","0000150000"
2170014110,"022113",1,NA,"00300","0000000250","0000075000"
2170014115,"022111",1,NA,"00600","0000000250","0000150000"
2170014117,"022115",1,NA,NA,NA,"0000030000"
2170026159,"022115",1,NA,NA,NA,"0000040000"
2170038153,"022113",1,NA,"00200","0000000600","0000120000"
2170062252,"022111",1,NA,"00360","0000000600","0000216000"
2170006012,"022113",1,NA,"00200","0000000500","0000100000"
2170134008,"022115",1,NA,NA,NA,"0000050000"
2170010300,"022113",1,NA,"00150","0000000500","0000075000"
2170014106,"022111",1,NA,"00600","0000000250","0000150000"
2170014106,"022115",1,NA,NA,NA,"0000040000"
2170046240,"022111",1,NA,"01200","0000000300","0000360000"
2170098158,"022113",1,NA,"00600","0000000750","0000450000"
2170110278,"022113",1,NA,"00200","0000002000","0000400000"
2170110278,"022115",1,NA,NA,NA,"0000088000"
2170110273,"022113",1,NA,"00900","0000000300","0000270000"
2170110271,"022115",1,NA,NA,NA,"0000010000"
2170118011,"022113",1,NA,"00200","0000000500","0000100000"
2170122156,"022113",1,NA,"00200","0000000500","0000100000"
2170046253,"022113",1,NA,"01200","0000000500","0000600000"
2170138056,"022115",1,NA,NA,NA,"0000065000"
2170066059,"022115",1,NA,NA,NA,"0000070000"
2170066066,"022115",1,NA,NA,NA,"0000070000"
2170078113,"022115",1,NA,NA,NA,"0000050000"
2170018065,"022111",1,NA,"00600","0000000250","0000150000"
2170058018,"022115",1,NA,NA,NA,"0000100000"
2170034062,"022113",1,NA,"00300","0000000500","0000150000"
2170070222,"022115",1,NA,NA,NA,"0000085000"
2170078116,"022115",1,NA,NA,NA,"0000070000"
2170082246,"022115",1,NA,NA,NA,"0000050000"
2170058004,"022115",1,NA,NA,NA,"0000070000"
2170058008,"022115",1,NA,NA,NA,"0000080000"
2170058012,"022115",1,NA,NA,NA,"0000100000"
2170058012,"023111",1,NA,NA,NA,"0000350000"
2170098171,"022113",1,NA,"00600","0000000350","0000210000"
2170102068,"022113",1,NA,"01200","0000000250","0000300000"
2170106055,"022111",1,NA,"01800","0000000175","0000315000"
2170138059,"022115",1,NA,NA,NA,"0000070000"
2170034064,"022113",1,NA,"00200","0000000600","0000120000"
2170002161,"022115",1,NA,NA,NA,"0000020000"
2170006004,"022113",1,NA,"00250","0000000300","0000075000"
2170006007,"022113",1,NA,"00300","0000000400","0000120000"
2170006013,"022113",1,NA,"00300","0000000500","0000150000"
2170030007,"022111",1,NA,"00600","0000000300","0000180000"
2170030014,"022113",1,NA,"00300","0000000600","0000180000"
2170030018,"022111",1,NA,"00600","0000000300","0000180000"
2170042119,"022113",1,NA,"00200","0000000600","0000120000"
2170054203,"022111",1,NA,"00420","0000000600","0000252000"
2170054208,"022111",1,NA,"00450","0000000500","0000225000"
2170054211,"022111",1,NA,"00260","0000000500","0000130000"
2170062259,"022111",1,NA,"00360","0000000600","0000216000"
2170086168,"022111",1,NA,"00430","0000000600","0000258000"
2170090006,"022111",1,NA,"00380","0000000500","0000190000"
2170098162,"022111",1,NA,"00600","0000000300","0000180000"
2170098167,"022113",1,NA,"00600","0000000250","0000150000"
2170102060,"022111",1,NA,"00600","0000000150","0000090000"
2170106052,"022113",1,NA,"01200","0000000175","0000210000"
2170114014,"022113",1,NA,"00200","0000000500","0000100000"
2170122160,"022113",1,NA,"00150","0000000600","0000090000"
2170134016,"022115",1,NA,NA,NA,"0000070000"
2170138060,"022115",1,NA,NA,NA,"0000050000"
2170007069,"022111",1,NA,"00600","0000000500","0000300000"
2170067203,"022111",1,NA,"00460","0000000250","0000115000"
2170051143,"022115",1,NA,NA,NA,"0000150000"
2170071161,"022115",1,NA,NA,NA,"0000150000"
2170095215,"022115",2,NA,NA,NA,"0000030000"
2170007059,"022111",1,NA,"00600","0000000500","0000300000"
2170075128,"022115",1,NA,NA,NA,"0000070000"
2170075128,"023111",1,NA,NA,NA,"0000500000"
2170011010,"022111",2,NA,"00200","0000000400","0000080000"
2170103064,"022115",1,NA,NA,NA,"0000080000"
2170107004,"022113",1,NA,"00200","0000000600","0000120000"
2170119112,"022113",1,NA,"00200","0000000600","0000120000"
2170119117,"022113",1,NA,"00030","0000005000","0000150000"
2170055152,"022115",1,NA,NA,NA,"0000150000"
2170059005,"022115",1,NA,NA,NA,"0000150000"
2170059005,"023111",1,NA,NA,NA,"0000700000"
2170059007,"022115",1,NA,NA,NA,"0000120000"
2170083156,"022115",1,NA,NA,NA,"0000100000"
2170091117,"022111",1,NA,"00440","0000000300","0000132000"
2170107018,"022113",1,NA,"00300","0000000500","0000150000"
2170003113,"022115",1,NA,NA,NA,"0000030000"
2170011013,"022113",1,NA,"00250","0000000500","0000125000"
2170019013,"022115",1,NA,NA,NA,"0000060000"
2170019017,"022111",1,NA,"00600","0000000500","0000300000"
2170023013,"022111",1,NA,"00600","0000000500","0000300000"
2170027072,"022111",1,NA,"00600","0000000500","0000300000"
2170031060,"022111",1,NA,"00600","0000000500","0000300000"
2170031068,"022111",1,NA,"00600","0000000500","0000300000"
2170035160,"022113",1,NA,"00200","0000000600","0000120000"
2170111149,"022111",1,NA,"00600","0000000400","0000240000"
2170111153,"022113",1,NA,"00300","0000000600","0000180000"
2170043165,"022115",1,NA,NA,NA,"0000030000"
2170047117,"022113",1,NA,"00300","0000000500","0000150000"
2170047120,"022113",1,NA,"00200","0000000400","0000080000"
2170047123,"022113",1,NA,"00300","0000000500","0000150000"
2170047126,"022115",1,NA,NA,NA,"0000040000"
2170051145,"022115",1,NA,NA,NA,"0000100000"
2170051145,"023111",1,NA,NA,NA,"0000500000"
2170067208,"022115",1,NA,NA,NA,"0000055000"
2170095226,"022113",1,NA,"00200","0000000600","0000120000"
2170115146,"022113",1,NA,"00200","0000000500","0000100000"
2170115153,"022113",1,NA,"00300","0000000500","0000150000"
2170127098,"022111",1,NA,"00600","0000000300","0000180000"
2170127099,"022111",1,NA,"00300","0000000500","0000150000"
2170051150,"022115",1,NA,NA,NA,"0000100000"
2170099070,"022113",1,NA,"00200","0000000700","0000140000"
2170127107,"022111",1,NA,"00600","0000000300","0000180000"
2170139246,"022111",1,NA,"00480","0000000300","0000144000"
2170139251,"022111",1,NA,"00440","0000000250","0000110000"
2170139256,"022111",1,NA,"00580","0000000250","0000145000"
2170027062,"022111",1,NA,"00600","0000000500","0000300000"
2170099063,"022113",1,NA,"00300","0000000500","0000150000"
2170131062,"022111",1,NA,"00300","0000000300","0000090000"
2170131071,"022115",1,NA,NA,NA,"0000240000"
2170072106,"022111",1,NA,"01020","0000000600","0000612000"
2170072106,"023111",1,NA,NA,NA,"0000920000"
2170024207,"022111",1,NA,"00600","0000000300","0000180000"
2170024207,"022115",1,NA,NA,NA,"0000050000"
2170048142,"022111",1,NA,"00600","0000000300","0000180000"
2170068009,"022111",1,NA,"00420","0000000250","0000105000"
2170068012,"022111",1,NA,"00470","0000000300","0000141000"
2170096004,"022115",1,NA,NA,NA,"0000020000"
2170096007,"022113",1,NA,"00100","0000000600","0000060000"
2170108016,"022113",1,NA,"00250","0000000600","0000150000"
2170116014,"022113",1,NA,"00150","0000000500","0000075000"
2170128105,"022113",1,NA,"00150","0000000500","0000075000"
2170024213,"022111",1,NA,"01050","0000000300","0000315000"
2170020104,"022111",1,NA,"00600","0000000300","0000180000"
2170008121,"022111",1,NA,"00200","0000000600","0000120000"
2170016153,"022111",1,NA,"00600","0000000300","0000180000"
2170016156,"022115",1,NA,NA,NA,"0000060000"
2170092110,"022113",1,NA,"00200","0000000700","0000140000"
2170112146,"022113",1,NA,"00200","0000000500","0000100000"
2170128110,"022113",1,NA,"00300","0000000600","0000180000"
2170136250,"022111",1,NA,"00540","0000000250","0000135000"
2170108011,"022113",1,NA,"00200","0000000500","0000100000"
2170116012,"022113",1,NA,"00200","0000000700","0000140000"
2170128102,"022113",1,NA,"00200","0000000500","0000100000"
2170112143,"022113",1,NA,"00250","0000000600","0000150000"
2170100158,"022113",1,NA,"00200","0000000700","0000140000"
2170100163,"022113",1,NA,"00150","0000000500","0000075000"
2170064250,"022111",1,NA,"00510","0000000300","0000153000"
2170016159,"022111",1,NA,"00600","0000000300","0000180000"
2170036109,"022113",1,NA,"00300","0000000500","0000150000"
2170064244,"022111",1,NA,"00320","0000000250","0000080000"
2170064253,"022111",1,NA,"00360","0000000250","0000090000"
2170072117,"022111",1,NA,"00480","0000000400","0000192000"
2170096010,"022113",1,NA,"00150","0000000500","0000075000"
2170136247,"022111",1,NA,"00480","0000000300","0000144000"
2170024218,"022111",1,NA,"00600","0000000350","0000210000"
2170024218,"022115",1,NA,NA,NA,"0000050000"
2170136254,"022111",1,NA,"00580","0000000250","0000145000"
2170044254,"022111",1,NA,"00300","0000000300","0000090000"
2170056016,"022115",1,NA,NA,NA,"0000060000"
2170072111,"022111",1,NA,"00530","0000000700","0000371000"
2170108015,"022115",1,NA,NA,NA,"0000040000"
2170120004,"022111",1,NA,"00250","0000000500","0000125000"
2170072108,"022111",1,NA,"00480","0000000300","0000144000"
2170136257,"022111",1,NA,"00920","0000000500","0000460000"
2170120007,"022113",1,NA,"00200","0000000500","0000100000"
2170108007,"022113",1,NA,"00200","0000000650","0000130000"
2170120015,"022113",1,NA,"00200","0000000600","0000120000"
2170140266,"022111",1,NA,"00480","0000000500","0000240000"
2170140262,"022111",1,NA,"00960","0000000300","0000288000"
2180061162,"022115",1,NA,NA,NA,"0000120000"
2180045177,"022115",1,NA,NA,NA,"0000050000"
2180025106,"022113",1,NA,"00750","0000000500","0000375000"
2180025097,"022113",1,NA,"00300","0000000200","0000060000"
2180081068,"022115",1,NA,NA,NA,"0000500000"
2180081060,"022115",1,NA,NA,NA,"0000150000"
2180109117,"022115",1,NA,NA,NA,"0000080000"
2180069174,"022115",1,NA,NA,NA,"0000100000"
2180069167,"022115",1,NA,NA,NA,"0000080000"
2180037145,"022115",1,NA,NA,NA,"0000080000"
2180045164,"022115",1,NA,NA,NA,"0000080000"
2180045172,"022113",1,NA,"00300","0000000200","0000060000"
2180045169,"022115",1,NA,NA,NA,"0000100000"
2180097004,"022115",1,NA,NA,NA,"0000100000"
2180037149,"022115",1,NA,NA,NA,"0000120000"
2180041059,"022115",1,NA,NA,NA,"0000060000"
2180041068,"022115",1,NA,NA,NA,"0000080000"
2180037155,"022115",1,NA,NA,NA,"0000090000"
2180061150,"022115",1,NA,NA,NA,"0000100000"
2180061154,"022115",1,NA,NA,NA,"0000080000"
2180073072,"022113",1,NA,"00400","0000000200","0000080000"
2180085173,"022111",1,NA,"00350","0000000300","0000105000"
2180069165,"022113",1,NA,"00300","0000000200","0000060000"
2180069165,"022115",1,NA,NA,NA,"0000100000"
2180065192,"022115",1,NA,NA,NA,"0000080000"
2180077007,"022115",1,NA,NA,NA,"0000080000"
2180065199,"022115",1,NA,NA,NA,"0000120000"
2180029206,"022115",6,NA,NA,NA,"0000250000"
2180017150,"022115",1,NA,NA,NA,"0000030000"
2180033112,"022115",1,NA,NA,NA,"0000080000"
2180033121,"022115",1,NA,NA,NA,"0000100000"
2180001062,"022115",1,NA,NA,NA,"0000060000"
2180005171,"022115",1,NA,NA,NA,"0000100000"
2180005165,"022111",1,NA,"00500","0000000300","0000150000"
2180005165,"022115",1,NA,NA,NA,"0000100000"
2180029202,"022115",6,NA,NA,NA,"0000200000"
2180013117,"022115",1,NA,NA,NA,"0000120000"
2180093063,"022111",1,NA,"00600","0000000400","0000240000"
2180093063,"022115",1,NA,NA,NA,"0000050000"
2180090195,"022115",1,NA,NA,NA,"0000100000"
2180094064,"022115",1,NA,NA,NA,"0000010000"
2180094061,"022113",1,NA,"00600","0000000200","0000120000"
2180094057,"022113",1,NA,"00600","0000000250","0000150000"
2180006158,"022113",1,NA,"01200","0000000500","0000600000"
2180006158,"022115",1,NA,NA,NA,"0000030000"
2180030204,"022115",1,NA,NA,NA,"0000100000"
2180058110,"022115",1,NA,NA,NA,"0000120000"
2180106208,"022115",1,NA,NA,NA,"0000350000"
2180022150,"022111",1,NA,"00080","0000000250","0000020000"
2180106206,"022115",1,NA,NA,NA,"0000350000"
2180106196,"022111",1,NA,"00300","0000000500","0000150000"
2180074253,"022115",1,NA,NA,NA,"0000100000"
2180062070,"022115",1,NA,NA,NA,"0000100000"
2180062066,"022115",1,NA,NA,NA,"0000100000"
2180010182,"022113",1,NA,"00200","0000001000","0000200000"
2180098114,"022115",1,NA,NA,NA,"0000150000"
2180038124,"022115",1,NA,NA,NA,"0000350000"
2180014167,"022113",1,NA,"00150","0000000500","0000075000"
2180014167,"022115",1,NA,NA,NA,"0000100000"
2180014176,"022115",1,NA,NA,NA,"0000120000"
2180014172,"022115",1,NA,NA,NA,"0000080000"
2180050008,"022111",1,NA,"00600","0000000150","0000090000"
2180078051,"022113",1,NA,"00300","0000000200","0000060000"
2180078053,"022115",1,NA,NA,NA,"0000120000"
2180078057,"022115",1,NA,NA,NA,"0000100000"
2180026008,"022115",1,NA,NA,NA,"0000250000"
2180078059,"022115",1,NA,NA,NA,"0000080000"
2180018231,"022111",1,NA,"00600","0000000250","0000150000"
2180102011,"022115",1,NA,NA,NA,"0000120000"
2180102009,"022115",1,NA,NA,NA,"0000020000"
2180102006,"022113",1,NA,"00600","0000000500","0000300000"
2180102006,"022115",1,NA,NA,NA,"0000060000"
2180054154,"022113",1,NA,"00600","0000000450","0000270000"
2180054154,"022115",1,NA,NA,NA,"0000240000"
2180070168,"022115",1,NA,NA,NA,"0000090000"
2180070159,"022115",1,NA,NA,NA,"0000100000"
2180070161,"022113",1,NA,"00300","0000000250","0000075000"
2180066061,"022115",1,NA,NA,NA,"0000120000"
2180066054,"022115",1,NA,NA,NA,"0000100000"
2180034189,"022115",1,NA,NA,NA,"0000500000"
2180042015,"022113",1,NA,"00500","0000000250","0000125000"
2180042016,"022115",1,NA,NA,NA,"0000300000"
2180086072,"022111",1,NA,"01200","0000000300","0000360000"
2180002102,"022115",1,NA,NA,NA,"0000150000"
2180010174,"022113",1,NA,"01200","0000000500","0000600000"
2180110117,"022113",1,NA,"00300","0000000300","0000090000"
2180002116,"022115",1,NA,NA,NA,"0000100000"
2180110123,"022113",1,NA,"00500","0000000250","0000125000"
2180062071,"022115",1,NA,NA,NA,"0000150000"
2180074245,"022115",1,NA,NA,NA,"0000120000"
2180062061,"022115",1,NA,NA,NA,"0000080000"
2180026013,"022111",1,NA,"00100","0000000300","0000030000"
2180102018,"022115",1,NA,NA,NA,"0000280000"
2180019170,"022115",1,NA,NA,NA,"0000150000"
2180007117,"022111",1,NA,"01200","0000000250","0000300000"
2180007117,"022115",1,NA,NA,NA,"0000210000"
2180019177,"022113",1,NA,"01200","0000000250","0000300000"
2180019182,"022113",1,NA,"00600","0000000250","0000150000"
2180051068,"022111",1,NA,"00600","0000000175","0000105000"
2180019178,"022113",1,NA,"00120","0000000200","0000024000"
2180007112,"022115",1,NA,NA,NA,"0000100000"
2180031058,"022111",1,NA,"00600","0000000250","0000150000"
2180059057,"022115",1,NA,NA,NA,"0000070000"
2180015056,"022115",1,NA,NA,NA,"0000300000"
2180003009,"022115",1,NA,NA,NA,"0000020000"
2180015053,"022111",1,NA,"00400","0000000300","0000120000"
2180051059,"022111",1,NA,"00600","0000000175","0000105000"
2180003005,"022111",1,NA,"00600","0000000300","0000180000"
2180051061,"022113",1,NA,"00400","0000000100","0000040000"
2180107112,"022115",1,NA,NA,NA,"0000400000"
2180003013,"022113",1,NA,"00200","0000001000","0000200000"
2180067011,"022115",1,NA,NA,NA,"0000120000"
2180071058,"022115",1,NA,NA,NA,"0000080000"
2180047052,"022113",1,NA,"00300","0000000250","0000075000"
2180035120,"022115",1,NA,NA,NA,"0000080000"
2180035112,"022115",1,NA,NA,NA,"0000120000"
2180075018,"022115",1,NA,NA,NA,"0000180000"
2180079139,"022115",1,NA,NA,NA,"0000080000"
2180079146,"022115",1,NA,NA,NA,"0000120000"
2180075013,"022115",1,NA,NA,NA,"0000150000"
2180063065,"022115",1,NA,NA,NA,"0000180000"
2180063061,"022115",1,NA,NA,NA,"0000100000"
2180063059,"022115",1,NA,NA,NA,"0000100000"
2180063072,"022115",1,NA,NA,NA,"0000120000"
2180039014,"022115",1,NA,NA,NA,"0000150000"
2180055072,"022113",1,NA,"00600","0000000250","0000150000"
2180055058,"022113",1,NA,"00600","0000000250","0000150000"
2180055061,"022111",1,NA,"01200","0000000500","0000600000"
2180015051,"022115",1,NA,NA,NA,"0000600000"
2180015060,"022115",1,NA,NA,NA,"0000160000"
2180023014,"022115",1,NA,NA,NA,"0000120000"
2180055065,"022115",1,NA,NA,NA,"0000240000"
2180091249,"022111",1,NA,"00600","0000000150","0000090000"
2180084053,"022115",1,NA,NA,NA,"0000100000"
2180084058,"022111",1,NA,"00300","0000000250","0000075000"
2180060121,"022115",1,NA,NA,NA,"0000150000"
2180064152,"022115",1,NA,NA,NA,"0000140000"
2180076061,"022115",1,NA,NA,NA,"0000140000"
2180060122,"022115",1,NA,NA,NA,"0000140000"
2180076067,"022115",1,NA,NA,NA,"0000150000"
2180076058,"022115",1,NA,NA,NA,"0000140000"
2180064159,"022115",1,NA,NA,NA,"0000150000"
2180064155,"022115",1,NA,NA,NA,"0000150000"
2180060111,"022115",1,NA,NA,NA,"0000120000"
2180004056,"022113",1,NA,"00600","0000000300","0000180000"
2180004056,"022115",1,NA,NA,NA,"0000600000"
2180024109,"022115",1,NA,NA,NA,"0000100000"
2180024103,"022115",1,NA,NA,NA,"0000120000"
2180068007,"022115",1,NA,NA,NA,"0000120000"
2180032206,"022113",1,NA,"00200","0000000500","0000100000"
2180008052,"022113",1,NA,"00300","0000001000","0000300000"
2180008057,"022115",1,NA,NA,NA,"0000150000"
2180056117,"022115",1,NA,NA,NA,"0000130000"
2180056128,"022113",1,NA,"00600","0000000400","0000240000"
2180040101,"022111",1,NA,"00600","0000000250","0000150000"
2180008054,"022113",1,NA,"00550","0000000600","0000330000"
2180092106,"022115",1,NA,NA,NA,"0000500000"
2180044172,"022115",1,NA,NA,NA,"0000040000"
2180068015,"022115",1,NA,NA,NA,"0000100000"
2180092113,"022111",1,NA,"00600","0000000300","0000180000"
2180036112,"022115",1,NA,NA,NA,"0000040000"
2180016174,"022113",1,NA,"00150","0000000500","0000075000"
2180016174,"022115",1,NA,NA,NA,"0000150000"
2180112173,"022115",1,NA,NA,NA,"0000150000"
2180092115,"022111",1,NA,"00600","0000000300","0000180000"
2180108117,"022115",1,NA,NA,NA,"0000045000"
2180016178,"022115",1,NA,NA,NA,"0000150000"
2180020063,"022115",1,NA,NA,NA,"0000150000"
2180100060,"022115",1,NA,NA,NA,"0000100000"
2180100054,"022111",1,NA,"00600","0000000300","0000180000"
2180072009,"022115",1,NA,NA,NA,"0000120000"
2180072015,"022115",1,NA,NA,NA,"0000140000"
2180060113,"022115",1,NA,NA,NA,"0000120000"
2180088004,"022111",1,NA,"00600","0000000400","0000240000"
2180036107,"022115",1,NA,NA,NA,"0000600000"
2180020060,"022115",1,NA,NA,NA,"0000050000"
2190029109,"022111",1,NA,"00100","0000000200","0000020000"
2190089057,"022111",1,NA,"00600","0000000250","0000150000"
2190077018,"022113",1,NA,"00200","0000000500","0000100000"
2190021171,"022111",1,NA,"00600","0000000200","0000120000"
2190101069,"022113",1,NA,"00600","0000000500","0000300000"
2190005147,"022111",1,NA,"00600","0000000250","0000150000"
2190077011,"022113",1,NA,"00600","0000000400","0000240000"
2190077009,"022113",1,NA,"00600","0000000500","0000300000"
2190089063,"022111",1,NA,"00600","0000000200","0000120000"
2190057108,"022111",1,NA,"00600","0000000250","0000150000"
2190081066,"022111",1,NA,"00150","0000000400","0000060000"
2190073016,"022111",1,NA,"00600","0000000250","0000150000"
2190001165,"022111",1,NA,"00600","0000000400","0000240000"
2190001168,"022111",1,NA,"00600","0000000250","0000150000"
2190049289,"022111",1,NA,"00600","0000002000","0001200000"
2190057098,"022111",1,NA,"00600","0000000200","0000120000"
2190081063,"022111",1,NA,"00300","0000000200","0000060000"
2190109180,"022111",1,NA,"00100","0000000100","0000010000"
2190073008,"022111",1,NA,"00600","0000000200","0000120000"
2190093289,"022111",1,NA,"00600","0000000200","0000120000"
2190081056,"022111",1,NA,"00600","0000000300","0000180000"
2190061064,"022111",1,NA,"00300","0000000150","0000045000"
2190009063,"022111",1,NA,"00600","0000000250","0000150000"
2190009061,"022111",1,NA,"00300","0000000200","0000060000"
2190009067,"022111",1,NA,"00600","0000000200","0000120000"
2190037103,"022113",1,NA,"00600","0000000500","0000300000"
2190033061,"022111",1,NA,"01200","0000000300","0000360000"
2190061059,"022111",1,NA,"00600","0000000250","0000150000"
2190041139,"022111",1,NA,"02400","0000000250","0000600000"
2190061060,"022111",1,NA,"00600","0000000250","0000150000"
2190105108,"022113",1,NA,"00600","0000000500","0000300000"
2190045155,"022111",1,NA,"00600","0000000200","0000120000"
2190109171,"022111",1,NA,"01200","0000000200","0000240000"
2190049288,"022111",1,NA,"00600","0000000200","0000120000"
2190042005,"022111",1,NA,"00600","0000000250","0000150000"
2190090113,"022111",1,NA,"00600","0000000250","0000150000"
2190066195,"022111",1,NA,"00300","0000000200","0000060000"
2190066189,"022111",1,NA,"00040","0000000500","0000020000"
2190102120,"022111",1,NA,"00300","0000000250","0000075000"
2190102111,"022111",1,NA,"01200","0000000300","0000360000"
2190030013,"022111",1,NA,"00300","0000000200","0000060000"
2190030018,"022111",1,NA,"00600","0000000250","0000150000"
2190090117,"022111",1,NA,"01200","0000000300","0000360000"
2190030007,"022111",1,NA,"00600","0000000200","0000120000"
2190102109,"022111",1,NA,"01800","0000000300","0000540000"
2190106148,"022111",1,NA,"00600","0000000250","0000150000"
2190078116,"022111",1,NA,"00600","0000000250","0000150000"
2190022016,"022111",1,NA,"00600","0000000250","0000150000"
2190070017,"022111",1,NA,"00600","0000000150","0000030000"
2190082100,"022111",1,NA,"00900","0000000250","0000225000"
2190054265,"022111",1,NA,"01200","0000000150","0000180000"
2190006151,"022111",1,NA,"00600","0000000250","0000150000"
2190070012,"022113",1,NA,"00600","0000000500","0000300000"
2190010112,"022111",1,NA,"00300","0000000250","0000075000"
2190034060,"022111",1,NA,"00300","0000000250","0000075000"
2190022010,"022111",1,NA,"00300","0000000250","0000075000"
2190110064,"022111",1,NA,"00600","0000000250","0000150000"
2190094018,"022111",1,NA,"00600","0000000150","0000090000"
2190094004,"022111",1,NA,"00800","0000000200","0000160000"
2190094008,"022115",1,NA,NA,NA,"0000100000"
2190110067,"022111",1,NA,"00600","0000000250","0000150000"
2190098164,"022111",1,NA,"00500","0000000250","0000125000"
2190002316,"022111",1,NA,"01200","0000000100","0000120000"
2190022007,"022111",1,NA,"00300","0000000200","0000060000"
2190098162,"022111",1,NA,"00600","0000000250","0000150000"
2190062172,"022111",1,NA,"01200","0000000200","0000240000"
2190110062,"022111",1,NA,"00600","0000000125","0000075000"
2190006149,"022111",1,NA,"00900","0000000250","0000225000"
2190038004,"022113",1,NA,"00600","0000000500","0000300000"
2190086172,"022111",1,NA,"00600","0000000250","0000150000"
2190014115,"022115",1,NA,NA,NA,"0000150000"
2190014108,"022111",1,NA,"01200","0000000250","0000300000"
2190058218,"022111",1,NA,"00400","0000000150","0000060000"
2190058211,"022111",1,NA,"01200","0000000250","0000300000"
2190014120,"022111",1,NA,"00600","0000000150","0000090000"
2190007013,"022111",1,NA,"00600","0000000250","0000150000"
2190007011,"022111",1,NA,"00600","0000000150","0000090000"
2190031200,"022111",1,NA,"01200","0000000250","0000250000"
2190031198,"022111",1,NA,"00300","0000000200","0000060000"
2190059293,"022111",1,NA,"00600","0000000300","0000180000"
2190071172,"022111",1,NA,"00600","0000000200","0000120000"
2190051198,"022111",1,NA,"00300","0000000200","0000060000"
2190071163,"022111",1,NA,"00600","0000000200","0000120000"
2190043312,"022111",1,NA,"00600","0000000250","0000150000"
2190111244,"022111",1,NA,"00600","0000000100","0000060000"
2190059291,"022111",1,NA,"00900","0000000300","0000270000"
2190111237,"022113",1,NA,"00600","0000000500","0000300000"
2190071167,"022111",1,NA,"00600","0000000200","0000120000"
2190051189,"022111",1,NA,"00600","0000000250","0000150000"
2190015301,"022111",1,NA,"00600","0000000200","0000120000"
2190087066,"022111",1,NA,"00600","0000000200","0000120000"
2190111246,"022111",1,NA,"01200","0000000150","0000180000"
2190003010,"022111",1,NA,"00600","0000000250","0000150000"
2190083142,"022111",1,NA,"00600","0000000150","0000090000"
2190083141,"022111",1,NA,"00300","0000000200","0000060000"
2190075125,"022113",1,NA,"00600","0000000500","0000300000"
2190019016,"022111",1,NA,"00100","0000000400","0000040000"
2190019008,"022111",1,NA,"00600","0000000300","0000180000"
2190079004,"022111",1,NA,"00600","0000000200","0000120000"
2190079008,"022111",1,NA,"01200","0000000250","0000300000"
2190067052,"022111",1,NA,"00600","0000000300","0000180000"
2190067057,"022111",1,NA,"01200","0000000100","0000120000"
2190067050,"022111",1,NA,"00600","0000000150","0000090000"
2190027165,"022111",1,NA,"02400","0000000200","0000480000"
2190087056,"022111",1,NA,"00600","0000000300","0000180000"
2190027168,"022111",1,NA,"00400","0000000200","0000080000"
2190007005,"022111",1,NA,"00600","0000000150","0000090000"
2190043298,"022111",1,NA,"00600","0000000250","0000150000"
2190039247,"022111",1,NA,"00600","0000000200","0000120000"
2190027173,"022111",1,NA,"00400","0000000500","0000200000"
2190048067,"022111",7,NA,"00600","0000000250","0000150000"
2190080243,"022113",1,NA,"01800","0000000400","0000720000"
2190080237,"022111",1,NA,"00600","0000000200","0000120000"
2190072053,"022111",1,NA,"00600","0000000250","0000150000"
2190072062,"022111",1,NA,"00300","0000000600","0000180000"
2190032016,"022111",1,NA,"00600","0000000250","0000150000"
2190032013,"022111",1,NA,"00600","0000000200","0000120000"
2190056163,"022111",1,NA,"01200","0000000250","0000300000"
2190036012,"022111",1,NA,"00600","0000000600","0000360000"
2190108167,"022111",1,NA,"00600","0000000200","0000120000"
2190108170,"022111",1,NA,"00600","0000000250","0000150000"
2190056160,"022111",1,NA,"00600","0000000250","0000150000"
2190096267,"022111",1,NA,"00600","0000000200","0000120000"
2190036014,"022111",1,NA,"00600","0000000250","0000150000"
2190036009,"022111",1,NA,"01800","0000000250","0000450000"
2190076214,"022111",1,NA,"00900","0000000500","0000450000"
2190092306,"022111",1,NA,"00600","0000000150","0000090000"
2190104122,"022111",1,NA,"00600","0000000250","0000150000"
2190004010,"022111",1,NA,"00600","0000000200","0000120000"
2190004016,"022111",1,NA,"00300","0000000250","0000075000"
2190068186,"022113",1,NA,"00600","0000001000","0000600000"
2190076201,"022111",1,NA,"00600","0000000500","0000300000"
2190092295,"022113",1,NA,"00600","0000000500","0000300000"
2190092299,"022111",1,NA,"00600","0000000200","0000120000"
2190004006,"022111",1,NA,"00150","0000000500","0000075000"
2190004008,"022111",1,NA,"00600","0000000200","0000120000"
2190112012,"022111",1,NA,"00600","0000000250","0000150000"
2190060216,"022111",1,NA,"01800","0000000200","0000360000"
2190068183,"022113",1,NA,"00300","0000000500","0000150000"
2190016018,"022113",1,NA,"01200","0000000350","0000420000"
2190044094,"022111",1,NA,"00600","0000000150","0000090000"
2190088262,"022111",1,NA,"00600","0000000150","0000090000"
2190052114,"022111",1,NA,"00600","0000000200","0000120000"
2190024118,"022111",1,NA,"00200","0000001000","0000200000"
2190100168,"022113",1,NA,"00600","0000000400","0000240000"
2190024114,"022111",1,NA,"00600","0000000150","0000090000"
2190064170,"022111",1,NA,"00600","0000000400","0000240000"
2190108160,"022111",1,NA,"00600","0000000300","0000180000"
2190084214,"022111",1,NA,"01200","0000000300","0000360000"
2190064164,"022111",1,NA,"00600","0000000300","0000180000"
2190064167,"022111",1,NA,"00050","0000000300","0000015000"
2190068179,"022111",1,NA,"00600","0000000250","0000150000"
2190084205,"022111",1,NA,"00600","0000000200","0000120000"
2190028016,"022111",1,NA,"00300","0000000250","0000075000"
2190016010,"022111",1,NA,"00600","0000000350","0000210000"
2190060220,"022111",1,NA,"00600","0000000400","0000240000"
2190032012,"022111",1,NA,"00030","0000000300","0000009000"
2190052105,"022111",1,NA,"00900","0000000300","0000270000"
2190104111,"022111",1,NA,"00300","0000000200","0000060000"
2190064160,"022111",1,NA,"00100","0000000150","0000015000"
2190096263,"022111",1,NA,"00300","0000000500","0000150000"
2190068176,"022113",1,NA,"00600","0000001000","0000600000"
2190092292,"022111",1,NA,"01200","0000000300","0000360000"
2190068174,"022113",1,NA,"00600","0000001000","0000600000"
2190068174,"023111",1,NA,NA,NA,"0000600000"
2190072056,"022113",1,NA,"01200","0000001000","0001200000"
2200017176,"022111",1,NA,"00300","0000000250","0000075000"
2200017184,"022111",1,NA,"00300","0000000300","0000090000"
2200033118,"022111",1,NA,"00600","0000000200","0000120000"
2200045326,"023111",1,NA,NA,NA,"0001000000"
2200097145,"022113",1,NA,"00300","0000000400","0000120000"
2200025016,"022111",1,NA,"00600","0000000250","0000150000"
2200061068,"022113",1,NA,"00200","0000000400","0000080000"
2200013119,"022113",1,NA,"00600","0000000300","0000180000"
2200001058,"022111",1,NA,"00300","0000000250","0000075000"
2200097151,"022111",1,NA,"00300","0000000250","0000075000"
2200005109,"022111",1,NA,"00600","0000000125","0000075000"
2200097142,"022111",1,NA,"00300","0000000250","0000075000"
2200025014,"022113",1,NA,"00600","0000000500","0000300000"
2200085177,"022113",1,NA,"00300","0000000500","0000150000"
2200082110,"022111",1,NA,"00600","0000000250","0000150000"
2200026112,"022113",1,NA,"00600","0000000500","0000300000"
2200090165,"022111",1,NA,"00600","0000000250","0000150000"
2200098069,"022113",1,NA,"00300","0000000500","0000150000"
2200026116,"022111",1,NA,"00600","0000000250","0000150000"
2200086110,"022113",1,NA,"00600","0000000300","0000180000"
2200082112,"022113",1,NA,"00300","0000000550","0000165000"
2200102364,"022111",1,NA,"00600","0000000250","0000150000"
2200090155,"022113",1,NA,"00600","0000000500","0000300000"
2200090161,"022111",7,NA,"00600","0000000200","0000120000"
2200054258,"022113",1,NA,"00300","0000000500","0000150000"
2200002162,"022111",1,NA,"00700","0000000250","0000175000"
2200002159,"022111",1,NA,"00600","0000000250","0000150000"
2200066015,"022111",1,NA,"00600","0000000200","0000120000"
2200034318,"022111",1,NA,"00100","0000000250","0000025000"
2200070068,"022111",1,NA,"00600","0000000250","0000150000"
2200002154,"022111",1,NA,"00600","0000000300","0000180000"
2200019119,"022111",1,NA,"00120","0000000250","0000030000"
2200019129,"022111",1,NA,"00300","0000000250","0000075000"
2200099072,"022111",1,NA,"00300","0000000250","0000075000"
2200099062,"022113",1,NA,"00300","0000000300","0000090000"
2200007118,"022111",1,NA,"00600","0000000200","0000120000"
2200067054,"022111",1,NA,"00020","0000000250","0000005000"
2200087064,"022113",1,NA,"00300","0000000500","0000150000"
2200003154,"022111",1,NA,"00600","0000000250","0000150000"
2200003157,"022111",1,NA,"00600","0000000250","0000150000"
2200087067,"022113",1,NA,"00300","0000000600","0000180000"
2200035008,"022111",1,NA,"00600","0000000150","0000090000"
2200011116,"022113",1,NA,"00300","0000000300","0000090000"
2200011126,"022111",1,NA,"00600","0000000300","0000180000"
2200059056,"022111",1,NA,"00200","0000000250","0000050000"
2200023057,"022111",1,NA,"00600","0000000250","0000150000"
2200083161,"022111",1,NA,"00600","0000000200","0000120000"
2200063164,"022113",1,NA,"00600","0000000900","0000540000"
2200028015,"022113",1,NA,"00600","0000000300","0000180000"
2200016067,"022111",1,NA,"00600","0000000250","0000150000"
2200016064,"022111",7,NA,"00600","0000000250","0000150000"
2200016071,"022111",1,NA,"00600","0000000220","0000132000"
2200052114,"022111",1,NA,"00100","0000000500","0000050000"
2200052111,"022111",1,NA,"00600","0000000200","0000120000"
2200088112,"022111",1,NA,"00600","0000000250","0000150000"
2200088113,"022111",1,NA,"00600","0000000250","0000150000"
2200088116,"022111",1,NA,"00600","0000000250","0000150000"
2200104120,"022113",1,NA,"00300","0000001000","0000300000"
2200056068,"022111",1,NA,"00300","0000000200","0000060000"
2200072010,"022111",1,NA,"00200","0000000150","0000030000"
2200024163,"022113",1,NA,"00600","0000000500","0000300000"
2200036115,"022111",1,NA,"00600","0000000250","0000150000"
2200012008,"022111",1,NA,"00600","0000000350","0000210000"
2200012012,"022111",1,NA,"00300","0000000350","0000105000"
2210001012,"022111",1,NA,"01200","0000000150","0000180000"
2210029304,"022113",1,NA,"00400","0000001500","0000600000"
2210033155,"022111",1,NA,"00200","0000000225","0000045000"
2210093070,"022111",1,NA,"00600","0000000150","0000090000"
2210097212,"022111",1,NA,"00600","0000000150","0000090000"
2210009443,"022111",1,NA,"00280","0000000150","0000042000"
2210053121,"022111",1,NA,"01240","0000000150","0000186000"
2210061115,"022115",1,NA,NA,NA,"0000036000"
2210005051,"022111",1,NA,"00600","0000000200","0000120000"
2210005059,"022111",1,NA,"00600","0000000150","0000090000"
2210009439,"022111",1,NA,"00600","0000000250","0000150000"
2210049006,"022111",1,NA,"00124","0000000250","0000031000"
2210053119,"022111",1,NA,"01240","0000000250","0000310000"
2210061120,"022111",1,NA,"00620","0000000150","0000093000"
2210037105,"022111",1,NA,"00020","0000000225","0000004500"
2210041069,"023111",1,NA,NA,NA,"0000600000"
2210045166,"022111",1,NA,"00600","0000000250","0000150000"
2210069195,"022111",1,NA,"00620","0000000225","0000139500"
2210081121,"022113",1,NA,"00620","0000000500","0000310000"
2210101119,"022111",1,NA,"00035","0000000150","0000005250"
2210101122,"022111",1,NA,"00040","0000000170","0000005800"
2210117006,"022111",1,NA,"01200","0000000150","0000180000"
2210117011,"022111",1,NA,"00600","0000000170","0000102000"
2210133200,"022111",1,NA,"00620","0000000250","0000155000"
2210133202,"022111",1,NA,"01240","0000000175","0000217000"
2210085168,"022111",1,NA,"00300","0000000225","0000067500"
2210089015,"022113",1,NA,"00620","0000000350","0000217000"
2210089016,"022111",1,NA,"00310","0000000200","0000062000"
2210105120,"022111",1,NA,"00400","0000000250","0000100000"
2210113122,"022111",1,NA,"00600","0000000225","0000135000"
2210117007,"022111",1,NA,"00500","0000000120","0000060000"
2210022008,"023111",1,NA,NA,NA,"0000060000"
2210026065,"022111",1,NA,"00080","0000000175","0000014000"
2210030317,"022111",1,NA,"00080","0000000250","0000020000"
2210038208,"022111",1,NA,"01000","0000000050","0000050000"
2210038217,"022111",1,NA,"00600","0000000150","0000090000"
2210042004,"022111",1,NA,"00200","0000000175","0000035000"
2210046161,"022113",1,NA,"00600","0000000900","0000540000"
2210106065,"022113",1,NA,"00600","0000000500","0000300000"
2210110159,"022111",1,NA,"00600","0000000250","0000150000"
2210154004,"022111",1,NA,"00200","0000000150","0000030000"
2210158061,"022111",1,NA,"00300","0000000150","0000045000"
2210002175,"022111",1,NA,"00600","0000000150","0000090000"
2210058063,"022111",1,NA,"00310","0000000225","0000069750"
2210066004,"022111",1,NA,"00300","0000000300","0000090000"
2210078011,"022113",1,NA,"00600","0000000500","0000300000"
2210086172,"023111",1,NA,NA,NA,"0000050000"
2210094185,"022111",1,NA,"00300","0000000250","0000075000"
2210094188,"022111",1,NA,"00300","0000000200","0000060000"
2210094195,"022111",1,NA,"00600","0000000250","0000150000"
2210130115,"022111",1,NA,"00600","0000000250","0000150000"
2210134058,"022111",1,NA,"01200","0000000250","0000300000"
2210134065,"022111",1,NA,"00900","0000000250","0000225000"
2210110165,"022111",1,NA,"00600","0000000300","0000180000"
2210110171,"022111",1,NA,"00600","0000000225","0000135000"
2210114054,"022111",1,NA,"00600","0000000250","0000150000"
2210114054,"023111",1,NA,NA,NA,"0000500000"
2210114056,"022111",1,NA,"00060","0000000175","0000010500"
2210158069,"022111",1,NA,"00100","0000000150","0000015000"
2210095129,"022111",1,NA,"00450","0000000200","0000090000"
2210103205,"022111",1,NA,"00200","0000000150","0000030000"
2210063015,"022113",1,NA,"00190","0000001400","0000266000"
2210067072,"023111",1,NA,NA,NA,"0000070000"
2210079004,"022111",1,NA,"01200","0000000300","0000360000"
2210083017,"022111",1,NA,"00450","0000000225","0000101250"
2210087196,"022111",1,NA,"00600","0000000250","0000150000"
2210103200,"022111",1,NA,"01500","0000000200","0000300000"
2210035061,"022111",1,NA,"00120","0000000250","0000030000"
2210087206,"022111",1,NA,"00450","0000000250","0000112500"
2210031199,"022111",1,NA,"00600","0000000225","0000135000"
2210039113,"022111",1,NA,"00600","0000000150","0000090000"
2210107006,"022111",1,NA,"00060","0000000225","0000013500"
2210119107,"022111",1,NA,"00800","0000000200","0000160000"
2210119115,"022111",1,NA,"00600","0000000300","0000180000"
2210123264,"022111",1,NA,"00600","0000000200","0000120000"
2210123272,"022111",1,NA,"00600","0000000250","0000150000"
2210131058,"022111",1,NA,"01200","0000000250","0000300000"
2210159265,"022111",1,NA,"00300","0000000150","0000045000"
2210135486,"022111",1,NA,"00600","0000000210","0000126000"
2210135490,"022111",1,NA,"00190","0000000210","0000039900"
2210028064,"022111",1,NA,"00500","0000000225","0000112500"
2210032209,"022111",1,NA,"01200","0000000225","0000270000"
2210048158,"022111",1,NA,"00600","0000000250","0000150000"
2210052006,"022111",1,NA,"00300","0000000250","0000075000"
2210052018,"022111",1,NA,"00090","0000000250","0000022500"
2210060062,"022111",1,NA,"00600","0000000300","0000180000"
2210064171,"023111",1,NA,NA,NA,"0000160000"
2210064177,"022113",1,NA,"00600","0000000350","0000210000"
2210068195,"022111",1,NA,"00150","0000000225","0000033750"
2210076150,"022111",1,NA,"00600","0000000225","0000135000"
2210104115,"022111",1,NA,"00300","0000000300","0000090000"
2210104118,"022111",1,NA,"00080","0000000250","0000020000"
2210108114,"022111",1,NA,"01200","0000000200","0000240000"
2210112162,"022111",1,NA,"00900","0000000225","0000202500"
2210112170,"022111",1,NA,"00600","0000000175","0000105000"
2210112170,"023111",1,NA,NA,NA,"0000150000"
2210024194,"022111",1,NA,"00150","0000000225","0000033750"
2210036059,"022111",1,NA,"00600","0000000225","0000135000"
2210036064,"022111",1,NA,"00600","0000000175","0000105000"
2210044066,"022111",1,NA,"00600","0000000150","0000090000"
2210088059,"022111",1,NA,"00120","0000000250","0000030000"
2210120058,"023111",1,NA,NA,NA,"0000050000"
2210116009,"022115",1,NA,NA,NA,"0000010000"
2220093165,"022115",1,NA,NA,NA,"0000150000"
2220101064,"022115",1,NA,NA,NA,"0000100000"
2220093158,"022113",1,NA,"00300","0000000300","0000090000"
2220093158,"022115",1,NA,NA,NA,"0000160000"
2220093162,"022115",1,NA,NA,NA,"0000120000"
2220057067,"022113",1,NA,"00040","0000001000","0000040000"
2220057065,"022115",6,NA,NA,NA,"0000180000"
2220009206,"022113",1,NA,"00600","0000000250","0000150000"
2220081165,"022115",1,NA,NA,NA,"0000030000"
2220117169,"022113",1,NA,"00600","0000000250","0000150000"
2220137064,"022115",1,NA,NA,NA,"0000025000"
2220017017,"022115",1,NA,NA,NA,"0000080000"
2220017004,"022113",1,NA,"00300","0000000300","0000090000"
2220137053,"022111",1,NA,"00090","0000000500","0000045000"
2220097010,"022115",1,NA,NA,NA,"0000200000"
2220097014,"022115",1,NA,NA,NA,"0000250000"
2220097004,"022115",1,NA,NA,NA,"0000250000"
2220101056,"022115",1,NA,NA,NA,"0000250000"
2220093168,"022115",1,NA,NA,NA,"0000240000"
2220109108,"022115",1,NA,NA,NA,"0000025000"
2220113200,"022115",1,NA,NA,NA,"0000050000"
2220069193,"022115",1,NA,NA,NA,"0000180000"
2220165169,"022113",1,NA,"00600","0000000250","0000150000"
2220089052,"022111",1,NA,"00200","0000000750","0000150000"
2220085150,"022111",1,NA,"00200","0000000400","0000080000"
2220073061,"022115",1,NA,NA,NA,"0000150000"
2220073069,"022111",1,NA,"00300","0000000500","0000150000"
2220161141,"022113",1,NA,"00300","0000000500","0000150000"
2220161142,"022111",1,NA,"00300","0000000500","0000150000"
2220161142,"023111",1,NA,NA,NA,"0000450000"
2220161149,"022115",1,NA,NA,NA,"0000150000"
2220161145,"022111",1,NA,"00200","0000000750","0000150000"
2220013125,"022113",1,NA,"00600","0000000250","0000150000"
2220013120,"022113",1,NA,"00300","0000000250","0000075000"
2220013122,"022113",1,NA,"00300","0000000250","0000075000"
2220061014,"022111",1,NA,"00600","0000000500","0000300000"
2220118161,"022115",1,NA,NA,NA,"0000050000"
2220090115,"022115",1,NA,NA,NA,"0000100000"
2220090113,"022111",1,NA,"00300","0000000500","0000150000"
2220162301,"022111",1,NA,"00150","0000001000","0000150000"
2220162294,"022111",1,NA,"00200","0000001000","0000200000"
2220166158,"022111",1,NA,"00300","0000001000","0000300000"
2220166158,"022115",1,NA,NA,NA,"0000150000"
2220058271,"022111",1,NA,"00150","0000001000","0000150000"
2220058268,"022111",1,NA,"00150","0000001000","0000150000"
2220130199,"022113",1,NA,"00600","0000000250","0000150000"
2220110167,"022115",1,NA,NA,NA,"0000055000"
2220110161,"022115",1,NA,NA,NA,"0000075000"
2220086150,"022111",1,NA,"00100","0000001000","0000100000"
2220066158,"022111",1,NA,"00150","0000001000","0000150000"
2220066151,"022111",1,NA,"00150","0000001000","0000150000"
2220098169,"022115",1,NA,NA,NA,"0000200000"
2220098176,"022115",1,NA,NA,NA,"0000150000"
2220098172,"022111",1,NA,"00150","0000000500","0000075000"
2220018008,"022113",1,NA,"00600","0000000250","0000150000"
2220030015,"022113",1,NA,"00300","0000000300","0000090000"
2220094060,"022115",1,NA,NA,NA,"0000070000"
2220094052,"022115",1,NA,NA,NA,"0000080000"
2220119017,"022111",1,NA,"00150","0000001000","0000150000"
2220119006,"022113",1,NA,"00200","0000001000","0000200000"
2220119008,"022111",1,NA,"00100","0000001000","0000100000"
2220111012,"022113",1,NA,"00100","0000001500","0000150000"
2220071065,"022113",1,NA,"00100","0000001500","0000150000"
2220107220,"022111",1,NA,"00150","0000001000","0000150000"
2220103010,"022115",1,NA,NA,NA,"0000120000"
2220103013,"022115",1,NA,NA,NA,"0000100000"
2220023064,"022113",1,NA,"00300","0000000300","0000090000"
2220023060,"022113",1,NA,"00300","0000000300","0000090000"
2220059096,"022113",1,NA,"00100","0000001000","0000100000"
2220003205,"022113",1,NA,"00300","0000000600","0000180000"
2220063059,"022113",1,NA,"00100","0000001500","0000150000"
2220091225,"022115",1,NA,NA,NA,"0000100000"
2220091229,"022115",1,NA,NA,NA,"0000080000"
2220095191,"022115",1,NA,NA,NA,"0000110000"
2220099153,"022115",1,NA,NA,NA,"0000100000"
2220099157,"022115",1,NA,NA,NA,"0000150000"
2220099163,"022115",1,NA,NA,NA,"0000100000"
2220043108,"022113",1,NA,"00300","0000000600","0000180000"
2220151218,"022113",1,NA,"00300","0000000300","0000090000"
2220092355,"022111",1,NA,"00100","0000000500","0000050000"
2220084006,"022113",1,NA,"00200","0000002000","0000400000"
2220120112,"022113",1,NA,"00020","0000001000","0000020000"
2220108005,"022113",1,NA,"00100","0000001500","0000150000"
2220108014,"022113",1,NA,"00100","0000001500","0000150000"
2220072165,"022113",1,NA,"00100","0000001500","0000150000"
2220128121,"022115",1,NA,NA,NA,"0000020000"
2220024259,"022111",1,NA,"00300","0000000500","0000150000"
2220024256,"022111",1,NA,"00300","0000000500","0000150000"
2220160004,"022113",1,NA,"00100","0000002000","0000200000"
2220096116,"022113",1,NA,"00150","0000001000","0000150000"
2220096116,"022115",1,NA,NA,NA,"0000300000"
2220096123,"022111",1,NA,"00150","0000001000","0000150000"
2220096115,"022111",1,NA,"00120","0000001000","0000120000"
2220060212,"022113",1,NA,"00100","0000001500","0000150000"
2220088014,"022113",1,NA,"00150","0000001000","0000150000"
2220124111,"022113",1,NA,"00300","0000000300","0000090000"
2220008008,"022113",1,NA,"00200","0000000200","0000040000"
2220016206,"022115",1,NA,NA,NA,"0000040000"
2220028104,"022113",1,NA,"00100","0000001500","0000150000"
2220028104,"022115",1,NA,NA,NA,"0000050000"
2220028109,"022115",1,NA,NA,NA,"0000070000"
2230081201,"022111",1,NA,"01200","0000000150","0000180000"
2230057006,"022111",1,NA,"00150","0000000250","0000037500"
2230057018,"022111",1,NA,"00060","2000","0000120000"
2230057012,"022111",1,NA,"00600","0000000200","0000120000"
2230033006,"022113",1,NA,"01000","0000000500","0000500000"
2230021204,"022113",1,NA,"00600","0000000800","0000480000"
2230025065,"022113",1,NA,"00600","0000000650","0000390000"
2230049068,"022111",1,NA,"01000","0000000250","0000250000"
2230105117,"022111",1,NA,"00600","0000000150","0000090000"
2230033017,"022113",1,NA,"00060","0000001000","0000060000"
2230017007,"022113",1,NA,"00600","0000000350","0000210000"
2230017014,"022113",1,NA,"01800","0000000300","0000540000"
2230041160,"022113",1,NA,"00080","0000000700","0000056000"
2230101008,"022113",1,NA,"00500","0000000750","0000375000"
2230101015,"022111",1,NA,"00700","0000000250","0000175000"
2230077062,"022113",1,NA,"00100","0000000500","0000050000"
2230049063,"022113",1,NA,"00500","0000000550","0000275000"
2230073015,"022111",1,NA,"00300","0000000250","0000075000"
2230094056,"022113",1,NA,"00600","0000000550","0000330000"
2230034066,"022113",1,NA,"01200","0000000450","0000540000"
2230086112,"022113",1,NA,"00600","0000000550","0000330000"
2230090065,"022113",1,NA,"00600","0000000500","0000300000"
2230082165,"022113",1,NA,"01200","0000000400","0000480000"
2230046150,"022113",1,NA,"00630","0000000600","0000378000"
2230046147,"022113",1,NA,"00650","0000000350","0000227500"
2230014064,"022113",1,NA,"00100","0000000500","0000050000"
2230014056,"022113",1,NA,"00600","0000000600","0000360000"
2230086120,"022113",1,NA,"00600","0000000650","0000390000"
2230050105,"022113",1,NA,"00600","0000000500","0000300000"
2230050108,"022113",1,NA,"00600","0000000400","0000240000"
2230050102,"022113",1,NA,"00600","0000000450","0000270000"
2230102107,"022113",1,NA,"00800","0000000450","0000360000"
2230006168,"022113",1,NA,"00600","0000000600","0000360000"
2230050100,"022113",1,NA,"00600","0000000500","0000300000"
2230026068,"022113",1,NA,"00600","0000000650","0000390000"
2230090074,"022113",1,NA,"00600","0000000550","0000330000"
2230042241,"022113",1,NA,"00250","0000000500","0000125000"
2230002113,"022113",1,NA,"00600","0000000550","0000330000"
2230054144,"022111",1,NA,"00600","0000000500","0000300000"
2230070016,"022113",1,NA,"00150","0000001500","0000225000"
2230038009,"022113",1,NA,"00300","0000000400","0000120000"
2230023200,"022113",1,NA,"01200","0000000650","0000780000"
2230107058,"022113",1,NA,"00600","0000000650","0000390000"
2230071164,"022113",1,NA,"00600","0000000600","0000360000"
2230051062,"022113",1,NA,"00600","0000000650","0000390000"
2230059064,"022111",1,NA,"00400","0000000250","0000100000"
2230063172,"022111",1,NA,"00600","0000000350","0000210000"
2230103057,"022113",1,NA,"00700","0000000500","0000350000"
2230011150,"022113",1,NA,"00600","0000000450","0000270000"
2230107064,"022113",1,NA,"00600","0000000600","0000360000"
2230103064,"022113",1,NA,"00620","0000000500","0000310000"
2230039167,"022113",1,NA,"01200","0000000600","0000720000"
2230048054,"022113",1,NA,"00600","0000000650","0000390000"
2230032018,"022113",1,NA,"00750","0000000670","0000502500"
2230032008,"022113",1,NA,"00400","0000000900","0000360000"
2230084157,"022111",1,NA,"00600","0000000750","0000450000"
2230100069,"022113",1,NA,"00600","0000000580","0000348000"
2230012177,"022113",1,NA,"00800","0000000780","0000624000"
2230032012,"022113",1,NA,"00600","0000000800","0000480000"
2230100072,"022111",1,NA,"00600","0000000500","0000300000"
2230100063,"022111",1,NA,"01200","0000000600","0000720000"
2230040196,"022111",1,NA,"00600","0000000560","0000336000"
2230016009,"022113",1,NA,"00600","0000000780","0000468000"
2230016014,"022113",1,NA,"00600","0000000700","0000420000"
2230060174,"022113",1,NA,"00600","0000000670","0000402000"
2230008126,"022111",1,NA,"00600","0000000650","0000390000"
2230036113,"022113",1,NA,"00700","0000000480","0000336000"
2230052345,"022113",1,NA,"00600","0000000700","0000420000"
2230052350,"022111",1,NA,"00400","0000000450","0000180000"
2230096004,"022111",1,NA,"00600","0000000500","0000300000"
2230108055,"022113",7,NA,"00500","0000000550","0000275000"
2230068112,"022113",1,NA,"00120","0000000750","0000090000"
2230076055,"022111",1,NA,"00300","0000000500","0000150000"
2230076068,"022111",1,NA,"00160","0000000500","0000080000"
2230036118,"022113",1,NA,"01200","0000000500","0000600000"
2230036122,"022113",1,NA,"01200","0000000650","0000780000"
2230052346,"022113",1,NA,"01600","0000000650","0001040000"
2230084168,"022113",1,NA,"00600","0000000670","0000402000"
2230108059,"022113",1,NA,"01200","0000000600","0000720000"
2240085212,"022111",1,NA,"00620","0000000250","0000155000"
2240097066,"022111",1,NA,"00620","0000000250","0000155000"
2240097066,"023111",1,NA,NA,NA,"0000150000"
2240093054,"022113",1,NA,"00620","0000000600","0000372000"
2240085211,"022111",1,NA,"00400","0000000250","0000100000"
2240097055,"022111",1,NA,"00900","0000000225","0000202500"
2240097056,"022113",1,NA,"00060","0000000750","0000045000"
2240097063,"022113",1,NA,"00300","0000000500","0000150000"
2240089121,"022113",1,NA,"00124","0000001000","0000124000"
2240017063,"022113",1,NA,"00040","0000001000","0000040000"
2240041322,"022111",1,NA,"00900","0000000150","0000135000"
2240089124,"022113",1,NA,"00310","0000000750","0000232500"
2240017058,"022111",1,NA,"00620","0000000200","0000124000"
2240041310,"022111",1,NA,"00620","0000000350","0000217000"
2240077225,"022113",7,NA,"00780","0000000577","0000450000"
2240077230,"022113",1,NA,"00620","0000000450","0000279000"
2240065015,"022113",1,NA,"01100","0000000150","0000165000"
2240045244,"022111",1,NA,"00500","0000000250","0000125000"
2240033064,"022111",1,NA,"02400","0000000150","0000360000"
2240057154,"022111",1,NA,"00620","0000000125","0000077500"
2240057157,"022111",1,NA,"00060","0000000250","0000015000"
2240057157,"022113",1,NA,"00620","0000000250","0000155000"
2240013054,"022113",1,NA,"01240","0000000450","0000558000"
2240013054,"023111",1,NA,NA,NA,"0000100000"
2240001142,"022111",1,NA,"00620","0000000300","0000186000"
2240013051,"022113",1,NA,"01200","0000000500","0000600000"
2240013063,"022113",1,NA,"00620","0000000500","0000310000"
2240025161,"022111",7,NA,"00930","0000000150","0000139500"
2240025164,"022113",1,NA,"00620","0000000250","0000155000"
2240025166,"022113",1,NA,"00620","0000000500","0000330000"
2240053105,"022113",1,NA,"00200","0000000130","0000026000"
2240053112,"022111",1,NA,"00320","0000000125","0000040000"
2240009228,"022113",1,NA,"00620","0000000450","0000279000"
2240049063,"022111",1,NA,"00300","0000000200","0000060000"
2240053107,"022111",1,NA,"00620","0000000250","0000155000"
2240009217,"022113",1,NA,"00310","0000001000","0000310000"
2240009219,"022111",1,NA,"00200","0000000300","0000060000"
2240021063,"022111",1,NA,"00160","0000000350","0000056000"
2240021067,"022113",1,NA,"00160","0000000500","0000080000"
2240001154,"022113",1,NA,"00800","0000000875","0000700000"
2240029203,"022111",1,NA,"00620","0000000250","0000155000"
2240069230,"022113",1,NA,"00090","0000000500","0000045000"
2240069220,"022111",1,NA,"01240","0000000100","0000124000"
2240069234,"022111",1,NA,"00940","0000000225","0000211500"
2240081149,"022111",1,NA,"01240","0000000150","0000186000"
2240081149,"023111",1,NA,NA,NA,"0000300000"
2240081152,"022111",1,NA,"00620","0000000125","0000077500"
2240081161,"022111",1,NA,"01240","0000000150","0000186000"
2240013061,"022113",1,NA,"00620","0000000500","0000310000"
2240097060,"022113",1,NA,"00620","0000000600","0000372000"
2240090006,"022113",1,NA,"00800","0000000450","0000360000"
2240090009,"022113",1,NA,"00620","0000000550","0000341000"
2240030110,"022113",1,NA,"00200","0000000550","0000110000"
2240042058,"022111",1,NA,"00620","0000000250","0000155000"
2240006006,"022111",1,NA,"00930","0000000250","0000232500"
2240006016,"022111",1,NA,"00620","0000000175","0000108500"
2240094207,"022111",1,NA,"00310","0000000150","0000046500"
2240094209,"022111",1,NA,"01240","0000000250","0000310000"
2240046100,"022111",1,NA,"00200","0000000250","0000050000"
2240018103,"022111",1,NA,"00062","0000000300","0000018600"
2240058259,"022113",1,NA,"01000","0000000250","0000250000"
2240058262,"022113",1,NA,"01240","0000000175","0000217000"
2240034017,"022111",1,NA,"01240","0000000250","0000310000"
2240082199,"022113",1,NA,"01240","0000000250","0000310000"
2240010172,"022113",1,NA,"00620","0000000500","0000310000"
2240098014,"022111",1,NA,"00620","0000000250","0000155000"
2240086175,"022113",1,NA,"00320","0000000550","0000176000"
2240070168,"022111",1,NA,"00620","0000000250","0000155000"
2240086163,"022113",1,NA,"01000","0000000500","0000500000"
2240086166,"022111",1,NA,"00620","0000000250","0000155000"
2240086166,"023111",1,NA,NA,NA,"0001500000"
2240086174,"022113",1,NA,"01240","0000000500","0000620000"
2240050010,"022113",1,NA,"00620","0000000500","0000310000"
2240002198,"022111",1,NA,"00140","0000000250","0000035000"
2240022112,"022111",1,NA,"00620","0000000150","0000093000"
2240038007,"022111",1,NA,"00620","0000000250","0000155000"
2240050014,"022111",1,NA,"00300","0000000150","0000045000"
2240062004,"022111",1,NA,"00620","0000000250","0000155000"
2240074154,"022113",1,NA,"00300","0000000400","0000120000"
2240078103,"022111",1,NA,"00620","0000000150","0000093000"
2240018106,"022111",1,NA,"00620","0000000175","0000108500"
2240022108,"022113",1,NA,"00620","0000000600","0000372000"
2240062016,"022111",1,NA,"00620","0000000200","0000124000"
2240066110,"022111",1,NA,"00400","0000000250","0000100000"
2240074144,"022113",1,NA,"00200","0000000750","0000150000"
2240074146,"022111",1,NA,"00620","0000000250","0000155000"
2240090010,"022113",1,NA,"01240","0000000500","0000620000"
2240059104,"022111",1,NA,"01000","0000000150","0000150000"
2240079065,"022111",1,NA,"00600","0000000550","0000330000"
2240011055,"022111",1,NA,"00600","0000000300","0000180000"
2240067262,"022111",1,NA,"00620","0000000150","0000093000"
2240071111,"022113",1,NA,"00600","0000000250","0000150000"
2240023278,"022113",1,NA,"00100","0000001000","0000100000"
2240047111,"022113",1,NA,"01200","0000000300","0000360000"
2240015166,"022113",1,NA,"00300","0000000550","0000165000"
2240031198,"022111",1,NA,"01400","0000000150","0000210000"
2240055240,"022111",1,NA,"00900","0000000150","0000135000"
2240043068,"022113",1,NA,"00060","0000000500","0000030000"
2240071122,"022113",1,NA,"00200","0000001200","0000240000"
2240031201,"022113",1,NA,"00920","0000000413","0000388000"
2240031209,"022111",1,NA,"01200","0000000325","0000390000"
2240039342,"022113",1,NA,"00600","0000000500","0000300000"
2240023267,"022113",1,NA,"00720","0000000500","0000360000"
2240063054,"022111",1,NA,"00600","0000000250","0000150000"
2240063050,"023111",1,NA,NA,NA,"0001500000"
2240003106,"022111",1,NA,"00600","0000000200","0000120000"
2240075327,"022113",1,NA,"01200","0000000650","0000780000"
2240015165,"022113",1,NA,"00600","0000000550","0000330000"
2240015173,"022113",1,NA,"01800","0000000750","0001350000"
2240003108,"022113",1,NA,"00300","0000000150","0000045000"
2240015162,"022111",1,NA,"00600","0000000250","0000150000"
2240019208,"022111",1,NA,"00600","0000000250","0000150000"
2240031198,"022113",1,NA,"00050","0000001000","0000050000"
2240043063,"022111",1,NA,"00140","0000000150","0000021000"
2240055235,"022113",1,NA,"00400","0000000300","0000120000"
2240059110,"022111",1,NA,"00600","0000000225","0000135000"
2240059114,"022111",1,NA,"00900","0000000225","0000202500"
2240095388,"022111",1,NA,"00100","0000000150","0000015000"
2240071108,"022113",1,NA,"00600","0000000750","0000450000"
2240083146,"022113",1,NA,"00100","0000000500","0000050000"
2240083149,"022111",1,NA,"00300","0000000175","0000052500"
2240027016,"022111",1,NA,"00200","0000000250","0000050000"
2240092300,"022113",1,NA,"00600","0000000600","0000360000"
2240092301,"022113",1,NA,"00600","0000000650","0000390000"
2240032186,"022111",1,NA,"00600","0000000300","0000180000"
2240008114,"022111",1,NA,"01200","0000000150","0000180000"
2240068063,"022111",1,NA,"00320","0000000250","0000080000"
2240080120,"022113",1,NA,"00060","0000000500","0000030000"
2240068065,"022111",1,NA,"01200","0000000250","0000300000"
2240056192,"022113",1,NA,"00300","0000000650","0000195000"
2240056197,"022113",1,NA,"00600","0000000150","0000090000"
2240056198,"022113",1,NA,"01200","0000000150","0000180000"
2240056202,"022113",1,NA,"00060","0000000250","0000015000"
2240020155,"022111",1,NA,"00160","0000000250","0000040000"
2240068055,"023111",1,NA,NA,NA,"0000350000"
2240068059,"022111",1,NA,"00600","0000000150","0000090000"
2240080112,"022113",7,NA,"00600","0000000450","0000270000"
2240080119,"022113",1,NA,"01200","0000000750","0000900000"
2240020157,"022113",1,NA,"01200","0000000350","0000420000"
2240024152,"022111",1,NA,"00004","0000000500","0000002000"
2240012063,"022111",1,NA,"00600","0000000150","0000090000"
2240020150,"022111",1,NA,"00160","0000000300","0000048000"
2240020151,"022111",1,NA,"00600","0000000300","0000180000"
2240024145,"022111",1,NA,"01200","0000000150","0000180000"
2240100156,"022111",1,NA,"00600","0000000250","0000150000"
2240064206,"022113",1,NA,"00600","0000000750","0000450000"
2240096053,"022111",1,NA,"01200","0000000300","0000360000"
2240096062,"022111",1,NA,"00600","0000000150","0000090000"
2240060110,"022111",1,NA,"00400","0000000150","0000060000"
2240088018,"022111",1,NA,"00200","0000000400","0000080000"
2240004011,"022113",1,NA,"00116","0000001000","0000116000"
2240028201,"022111",1,NA,"00600","0000000350","0000210000"
2240016106,"022113",1,NA,"00400","0000000500","0000200000"
2240072168,"022113",1,NA,"00600","0000000175","0000105000"
2240076112,"022111",1,NA,"00580","0000000150","0000087000"
2240036109,"022111",1,NA,"00400","0000000150","0000060000"
2240016114,"022111",1,NA,"00580","0000000225","0000130500"
2240016117,"022111",1,NA,"01160","0000000175","0000203000"
2240016110,"022111",1,NA,"00300","0000000350","0000105000"
2240060118,"022113",1,NA,"00100","0000000750","0000075000"
2240040162,"022111",1,NA,"00600","0000000300","0000180000"
2240044111,"022111",1,NA,"01200","0000000250","0000300000"
2240048191,"022111",1,NA,"00600","0000000250","0000150000"
2240092310,"022111",1,NA,"00300","0000000300","0000090000"
2240100144,"022111",1,NA,"00290","0000000500","0000145000"
2250121007,"022111",1,NA,"00600","0000000250","0000150000"
2250121018,"022111",1,NA,"00600","0000000250","0000150000"
2250009128,"022111",1,NA,"00600","0000000250","0000150000"
2250105169,"022113",1,NA,"00600","0000000500","0000300000"
2250037167,"022111",1,NA,"00600","0000000250","0000150000"
2250017273,"022113",1,NA,"00120","0000000500","0000060000"
2250017278,"022113",1,NA,"00600","0000001250","0000750000"
2250085168,"022113",1,NA,"00150","0000000500","0000075000"
2250093145,"022113",1,NA,"00300","0000000500","0000150000"
2250097064,"022113",1,NA,"00080","0000000400","0000032000"
2250105162,"022111",1,NA,"00600","0000000250","0000150000"
2250105174,"022111",1,NA,"00600","0000000250","0000150000"
2250109185,"022113",1,NA,"00600","0000000500","0000300000"
2250109190,"022111",1,NA,"00300","0000000250","0000075000"
2250109195,"022113",1,NA,"00450","0000000500","0000225000"
2250073175,"022113",1,NA,"00300","0000000500","0000150000"
2250113018,"022111",1,NA,"00600","0000000250","0000150000"
2250013171,"022113",1,NA,"00600","0000000500","0000300000"
2250045279,"022111",1,NA,"00300","0000000300","0000090000"
2250045284,"022111",1,NA,"00600","0000000250","0000150000"
2250101162,"022113",1,NA,"00300","0000000350","0000105000"
2250013158,"022111",1,NA,"00150","0000000150","0000022500"
2250013167,"022111",1,NA,"00600","0000000250","0000150000"
2250017275,"022113",1,NA,"00300","0000000500","0000150000"
2250053015,"022113",1,NA,"00100","0000000500","0000050000"
2250053017,"022113",1,NA,"00150","0000000500","0000075000"
2250073173,"022111",1,NA,"00300","0000000250","0000075000"
2250101163,"022113",7,NA,"00600","0000000400","0000240000"
2250101167,"022111",1,NA,"01200","0000000300","0000360000"
2250113005,"022113",1,NA,"00600","0000000500","0000300000"
2250045287,"022113",1,NA,"01800","0000000400","0000720000"
2250033114,"022111",1,NA,"00300","0000000250","0000075000"
2250025219,"022113",1,NA,"01200","0000000400","0000480000"
2250041063,"022113",1,NA,"00450","0000000400","0000180000"
2250041065,"022113",1,NA,"00600","0000000400","0000240000"
2250005070,"022113",1,NA,"01200","0000000400","0000480000"
2250033109,"022113",1,NA,"00600","0000000500","0000300000"
2250033115,"022111",1,NA,"00600","0000000250","0000150000"
2250029248,"022113",1,NA,"01200","0000000400","0000480000"
2250089120,"022111",1,NA,"00600","0000000300","0000180000"
2250061007,"022113",1,NA,"00200","0000000400","0000080000"
2250017271,"022111",1,NA,"00300","0000000250","0000075000"
2250017281,"022111",1,NA,"00600","0000000300","0000180000"
2250049066,"022113",1,NA,"00200","0000000500","0000100000"
2250065122,"022111",1,NA,"01200","0000000150","0000180000"
2250069172,"022113",1,NA,"00450","0000000400","0000180000"
2250081067,"022111",1,NA,"00200","0000000250","0000050000"
2250117011,"022111",1,NA,"00600","0000000300","0000180000"
2250030014,"022111",1,NA,"00600","0000000250","0000150000"
2250086211,"022111",1,NA,"00600","0000000400","0000240000"
2250086222,"022111",1,NA,"00450","0000000300","0000135000"
2250110104,"022111",1,NA,"00300","0000000300","0000090000"
2250002303,"022111",1,NA,"00600","0000000225","0000135000"
2250050171,"022111",1,NA,"00600","0000000250","0000150000"
2250050173,"022111",1,NA,"00300","0000000225","0000067500"
2250030017,"022111",1,NA,"00600","0000000250","0000150000"
2250038060,"022111",1,NA,"00300","0000000225","0000067500"
2250050178,"022111",1,NA,"00300","0000000250","0000075000"
2250110094,"022111",1,NA,"00600","0000000300","0000180000"
2250110099,"022111",1,NA,"00600","0000000300","0000180000"
2250110102,"022111",1,NA,"00600","0000000250","0000150000"
2250118331,"022111",1,NA,"01200","0000000250","0000300000"
2250010018,"022113",1,NA,"00600","0000000500","0000300000"
2250006217,"022111",1,NA,"00600","0000000400","0000240000"
2250022201,"022111",1,NA,"00100","0000000300","0000030000"
2250022212,"022111",1,NA,"00120","0000000300","0000036000"
2250042008,"022111",1,NA,"00600","0000000300","0000180000"
2250046114,"022111",1,NA,"00060","0000000300","0000018000"
2250066015,"022111",1,NA,"00180","0000000200","0000036000"
2250094195,"022113",1,NA,"00200","0000000500","0000100000"
2250102222,"022111",1,NA,"00600","0000000300","0000180000"
2250106214,"022111",1,NA,"00150","0000000250","0000037500"
2250114219,"022111",1,NA,"00600","0000000250","0000150000"
2250094193,"022111",1,NA,"00150","0000000250","0000037500"
2250074017,"022113",1,NA,"01200","0000000400","0000480000"
2250015279,"022111",1,NA,"00600","0000000300","0000180000"
2250039181,"022111",1,NA,"00300","0000000400","0000120000"
2250091124,"022111",1,NA,"00600","0000000250","0000150000"
2250091118,"022111",1,NA,"00030","0000000300","0000009000"
2250067117,"022111",1,NA,"00360","0000000200","0000072000"
2250115116,"022111",1,NA,"00400","0000000300","0000120000"
2250087067,"022111",1,NA,"00600","0000000300","0000180000"
2250007070,"022113",1,NA,"00300","0000000700","0000210000"
2250015273,"022111",1,NA,"00600","0000000400","0000240000"
2250067125,"022111",1,NA,"00150","0000000300","0000045000"
2250087062,"022111",1,NA,"00600","0000000400","0000240000"
2250091123,"022111",1,NA,"00600","0000000300","0000180000"
2250111104,"022111",1,NA,"00300","0000000400","0000120000"
2250111107,"022111",1,NA,"00240","0000000300","0000072000"
2250071007,"022111",1,NA,"00240","0000000400","0000096000"
2250071017,"022111",1,NA,"00300","0000000400","0000120000"
2250099012,"022111",1,NA,"00600","0000000250","0000150000"
2250075106,"022111",1,NA,"00600","0000000250","0000150000"
2250003011,"022111",1,NA,"00600","0000000250","0000150000"
2250011050,"022111",1,NA,"00600","0000000250","0000150000"
2250047174,"022111",1,NA,"00300","0000000250","0000075000"
2250047180,"022111",1,NA,"01200","0000000250","0000300000"
2250059016,"022111",1,NA,"00120","0000000300","0000036000"
2250083054,"022113",1,NA,"00300","0000000500","0000150000"
2250095102,"022113",1,NA,"00300","0000000500","0000150000"
2250107106,"022111",1,NA,"00300","0000000250","0000075000"
2250107112,"022111",1,NA,"00300","0000000250","0000075000"
2250111097,"022111",1,NA,"00600","0000000300","0000180000"
2250096158,"022111",1,NA,"00600","0000000250","0000150000"
2250016006,"022111",1,NA,"00450","0000000400","0000180000"
2250016013,"022111",1,NA,"00600","0000000300","0000180000"
2250084061,"022111",1,NA,"00750","0000000400","0000300000"
2250048174,"022111",1,NA,"00900","0000000500","0000450000"
2250048180,"022111",1,NA,"00150","0000000400","0000060000"
2250060128,"022111",1,NA,"00090","0000000500","0000045000"
2250068224,"022111",1,NA,"00600","0000000250","0000150000"
2250088058,"022111",1,NA,"01200","0000000500","0000600000"
2250036013,"022111",1,NA,"00600","0000000150","0000090000"
2250048170,"022111",1,NA,"01200","0000000400","0000480000"
2250068212,"022111",1,NA,"00600","0000000150","0000090000"
2250068219,"022111",1,NA,"00200","0000000150","0000030000"
2250072013,"022111",1,NA,"00300","0000000150","0000045000"
2250096145,"022113",1,NA,"00600","0000000500","0000300000"
2250108064,"022111",1,NA,"00600","0000000150","0000090000"
2250004225,"022113",1,NA,"01200","0000000500","0000600000"
2250004213,"022111",1,NA,"00600","0000000500","0000300000"
2250008171,"022111",1,NA,"00600","0000000250","0000150000"
2250008174,"022113",1,NA,"01200","0000000500","0000600000"
2250008183,"022111",1,NA,"00600","0000000150","0000090000"
2250028062,"022111",1,NA,"00600","0000000250","0000150000"
2250028065,"022111",1,NA,"00600","0000000150","0000090000"
2250044163,"022111",1,NA,"00300","0000000200","0000060000"
2250040015,"022111",1,NA,"01200","0000000400","0000480000"
2250044162,"022111",1,NA,"00300","0000000400","0000120000"
2250044170,"022111",1,NA,"00900","0000000300","0000270000"
2250064008,"022113",1,NA,"00600","0000000500","0000300000"
2250092101,"022111",1,NA,"00300","0000000400","0000120000"
2250116065,"022111",1,NA,"00600","0000000250","0000150000"
2250120120,"022111",1,NA,"00600","0000000250","0000150000"
2250080017,"022111",1,NA,"01200","0000000300","0000360000"
2250012007,"022111",1,NA,"01200","0000000250","0000300000"
2250032159,"022111",1,NA,"00600","0000000250","0000150000"
2250032171,"022111",1,NA,"00300","0000000250","0000075000"
2250120115,"022111",1,NA,"00120","0000000400","0000048000"
2250092099,"022111",1,NA,"00200","0000000400","0000080000"
2260037012,"022111",1,NA,"01240","0000000250","0000310000"
2260025164,"022111",1,NA,"00620","0000000175","0000108500"
2260025166,"022113",1,NA,"00620","0000000500","0000310000"
2260097113,"022111",1,NA,"00600","0000000250","0000150000"
2260089147,"022113",1,NA,"00620","0000000600","0000372000"
2260085114,"022113",1,NA,"00155","0000001000","0000155000"
2260037006,"022111",1,NA,"00620","0000000250","0000155000"
2260005015,"022111",1,NA,"00620","0000000250","0000155000"
2260049059,"022111",1,NA,"00620","0000000250","0000155000"
2260049065,"022111",1,NA,"00620","0000000150","0000093000"
2260097101,"022111",1,NA,"00160","0000000150","0000024000"
2260101201,"022113",1,NA,"00620","0000000500","0000310000"
2260109121,"022111",1,NA,"00620","0000000250","0000155000"
2260017128,"022113",7,NA,"00207","0000001000","0000207000"
2260029110,"022111",1,NA,"00620","0000000300","0000186000"
2260001007,"022111",1,NA,"00300","0000000250","0000075000"
2260013018,"022111",1,NA,"00620","0000000250","0000155000"
2260001004,"022111",1,NA,"00600","0000000250","0000150000"
2260013012,"022113",1,NA,"00620","0000000200","0000124000"
2260013013,"022113",1,NA,"00620","0000000500","0000310000"
2260017120,"022111",1,NA,"00620","0000000150","0000093000"
2260069013,"022111",1,NA,"00310","0000000250","0000077500"
2260077063,"022111",1,NA,"00620","0000000225","0000139500"
2260121116,"022113",1,NA,"00300","0000000550","0000165000"
2260109114,"022111",1,NA,"00080","0000000150","0000012000"
2260029105,"022113",1,NA,"00620","0000000500","0000310000"
2260077070,"022111",1,NA,"00620","0000000200","0000124000"
2260077070,"023111",1,NA,NA,NA,"0000500000"
2260069016,"022111",1,NA,"00620","0000000300","0000186000"
2260053179,"022111",1,NA,"00310","0000000250","0000077500"
2260101208,"022111",1,NA,"00200","0000000250","0000050000"
2260113017,"022113",1,NA,"00200","0000000550","0000110000"
2260053173,"022113",1,NA,"00155","0000000750","0000116250"
2260105118,"022111",1,NA,"00620","0000000250","0000155000"
2260009015,"022111",1,NA,"00620","0000000250","0000155000"
2260009006,"022111",1,NA,"00620","0000000250","0000155000"
2260113004,"022111",1,NA,"00200","0000000120","0000024000"
2260093065,"022113",1,NA,"00620","0000000250","0000155000"
2260113007,"022113",1,NA,"00300","0000000350","0000105000"
2260041119,"022111",1,NA,"00620","0000000250","0000155000"
2260045165,"022111",1,NA,"01240","0000000250","0000310000"
2260093056,"022113",1,NA,"00155","0000001000","0000155000"
2260113013,"022113",1,NA,"00200","0000000250","0000050000"
2260029097,"022111",1,NA,"00600","0000000250","0000150000"
2260117109,"022113",1,NA,"00300","0000000550","0000165000"
2260041116,"022111",1,NA,"00620","0000000250","0000155000"
2260045177,"022111",1,NA,"01200","0000000250","0000300000"
2260101205,"022111",1,NA,"00310","0000000250","0000077500"
2260117105,"022113",1,NA,"00300","0000000300","0000090000"
2260081005,"022113",1,NA,"00310","0000000500","0000155000"
2260041111,"022113",1,NA,"00620","0000000550","0000341000"
2260045167,"022111",1,NA,"00200","0000000300","0000060000"
2260045171,"022113",1,NA,"00620","0000000500","0000310000"
2260045174,"022113",1,NA,"03000","0000000250","0000750000"
2260081007,"022111",1,NA,"00310","0000000250","0000077500"
2260081011,"022111",1,NA,"00310","0000000150","0000046500"
2260037013,"022113",1,NA,"00620","0000000550","0000341000"
2260061293,"022111",1,NA,"01500","0000000200","0000300000"
2260002329,"022111",1,NA,"00620","0000000250","0000155000"
2260086206,"022111",1,NA,"00620","0000000250","0000155000"
2260066110,"022111",1,NA,"00620","0000000150","0000093000"
2260042200,"022111",1,NA,"00620","0000000250","0000155000"
2260074158,"022111",1,NA,"00620","0000000250","0000155000"
2260014009,"022111",1,NA,"01240","0000000300","0000372000"
2260014012,"022113",1,NA,"00020","0000000500","0000010000"
2260050120,"022111",1,NA,"00200","0000000250","0000050000"
2260050121,"022113",1,NA,"00620","0000000250","0000155000"
2260050126,"022113",1,NA,"00620","0000000250","0000155000"
2260050121,"023111",1,NA,NA,NA,"0004000000"
2260018006,"022111",1,NA,"00620","0000000250","0000155000"
2260018015,"022113",1,NA,"00124","0000001000","0000124000"
2260038017,"022111",1,NA,"00620","0000000250","0000155000"
2260038008,"022111",1,NA,"00620","0000000250","0000155000"
2260006007,"022111",1,NA,"01240","0000000250","0000310000"
2260042196,"022111",1,NA,"00320","0000000250","0000080000"
2260030057,"022113",1,NA,"00093","0000001000","0000093000"
2260030066,"022111",1,NA,"00620","0000000250","0000155000"
2260090197,"022113",1,NA,"01240","0000000550","0000682000"
2260102111,"022111",1,NA,"00620","0000000175","0000108500"
2260102114,"022113",1,NA,"00620","0000000500","0000310000"
2260122017,"022111",1,NA,"00400","0000000500","0000200000"
2260046006,"022113",1,NA,"00620","0000000550","0000341000"
2260034057,"022113",1,NA,"00620","0000000550","0000341000"
2260034064,"022111",1,NA,"00620","0000000250","0000155000"
2260122009,"022111",1,NA,"00620","0000000250","0000155000"
2260078006,"022111",1,NA,"00620","0000000200","0000124000"
2260058067,"022113",1,NA,"00620","0000000550","0000341000"
2260118192,"022111",1,NA,"00310","0000000300","0000093000"
2260094065,"022113",1,NA,"00620","0000000500","0000310000"
2260010004,"022113",1,NA,"00620","0000000550","0000341000"
2260070012,"022113",1,NA,"00620","0000000550","0000341000"
2260106170,"022113",1,NA,"00310","0000000250","0000077500"
2260038012,"022111",1,NA,"00620","0000000225","0000139500"
2260046014,"022111",1,NA,"00620","0000000150","0000093000"
2260078011,"022113",1,NA,"00620","0000000600","0000372000"
2260114115,"022111",1,NA,"00620","0000000150","0000093000"
2260086199,"022111",1,NA,"00620","0000000150","0000093000"
2260110067,"022113",1,NA,"00620","0000000650","0000403000"
2260110070,"022113",1,NA,"00620","0000000900","0000558000"
2260022161,"022111",1,NA,"00620","0000000150","0000093000"
2260006017,"022111",1,NA,"00930","0000000250","0000232500"
2260086203,"022111",1,NA,"00620","0000000200","0000124000"
2260050112,"022113",1,NA,"00620","0000000300","0000186000"
2260070009,"022111",1,NA,"01240","0000000200","0000248000"
2260067058,"022111",1,NA,"00200","0000000250","0000050000"
2260067055,"023111",1,NA,NA,NA,"0000500000"
2260115117,"022111",7,NA,"00600","0000000250","0000150000"
2260039073,"022111",1,NA,"00200","0000000250","0000050000"
2260039060,"022113",1,NA,"01200","0000000550","0000660000"
2260111057,"022113",1,NA,"00300","0000000550","0000165000"
2260067060,"022111",1,NA,"01200","0000000150","0000180000"
2260067060,"023111",1,NA,NA,NA,"0001000000"
2260055112,"022113",1,NA,"00600","0000000550","0000330000"
2260079170,"022111",1,NA,"00600","0000000250","0000150000"
2260079175,"022111",1,NA,"00600","0000000250","0000150000"
2260043163,"022113",1,NA,"00600","0000000500","0000300000"
2260019166,"022113",1,NA,"00320","0000000584","0000186880"
2260075164,"022113",1,NA,"00120","0000000550","0000066000"
2260019159,"022111",1,NA,"01800","0000000250","0000450000"
2260123014,"022111",1,NA,"00600","0000000150","0000090000"
2260115115,"022113",1,NA,"00060","0000000750","0000045000"
2260079172,"022111",1,NA,"00600","0000000500","0000300000"
2260007351,"022111",1,NA,"00600","0000000250","0000150000"
2260043169,"022111",1,NA,"00300","0000000250","0000075000"
2260003203,"022111",1,NA,"00600","0000000250","0000150000"
2260031263,"022111",1,NA,"00200","0000000250","0000050000"
2260099066,"022113",1,NA,"01200","0000000500","0000600000"
2260047239,"022113",1,NA,"00090","0000001000","0000090000"
2260119009,"022111",1,NA,"00600","0000000250","0000150000"
2260119009,"023111",1,NA,NA,NA,"0001000000"
2260103115,"022111",1,NA,"00600","0000000275","0000165000"
2260111066,"022115",1,NA,NA,NA,"0000030000"
2260035007,"022111",1,NA,"00300","0000000750","0000225000"
2260047243,"022113",1,NA,"01200","0000000550","0000660000"
2260027171,"022111",1,NA,"00600","0000000150","0000090000"
2260015198,"022113",1,NA,"00600","0000000300","0000180000"
2260083159,"022113",1,NA,"00180","0000001000","0000180000"
2260083160,"022115",1,NA,NA,NA,"0000120000"
2260039064,"022113",1,NA,"00600","0000000550","0000330000"
2260123011,"022111",1,NA,"00300","0000000250","0000075000"
2260003209,"022111",1,NA,"00600","0000000250","0000150000"
2260003209,"023111",1,NA,NA,NA,"0000500000"
2260047234,"022111",1,NA,"00200","0000000250","0000050000"
2260095171,"022113",1,NA,"00600","0000000550","0000330000"
2260099061,"022111",1,NA,"00600","0000000250","0000150000"
2260119010,"022111",1,NA,"01200","0000000250","0000300000"
2260119010,"023111",1,NA,NA,NA,"0002000000"
2260023142,"022111",1,NA,"00600","0000000250","0000150000"
2260023142,"023111",1,NA,NA,NA,"0000500000"
2260059172,"022113",1,NA,"00600","0000000300","0000018000"
2260112008,"022113",1,NA,"00300","0000001250","0000375000"
2260124114,"022111",1,NA,"00600","0000000225","0000135000"
2260016114,"022111",1,NA,"00600","0000000300","0000180000"
2260052004,"022113",1,NA,"00600","0000000550","0000330000"
2260052018,"022111",1,NA,"01200","0000000250","0000300000"
2260016111,"022111",1,NA,"00600","0000000250","0000150000"
2260004148,"022111",1,NA,"00120","0000000250","0000030000"
2260040058,"022111",1,NA,"00600","0000000250","0000150000"
2260064010,"022113",1,NA,"00600","0000000300","0000180000"
2260112013,"022111",1,NA,"00480","0000000250","0000120000"
2260064009,"022111",1,NA,"00200","0000000250","0000050000"
2260004151,"022111",1,NA,"01200","0000000300","0000360000"
2260088155,"022111",1,NA,"00600","0000000250","0000150000"
2260016121,"022113",1,NA,"00300","0000000375","0000112500"
2260028207,"022111",1,NA,"01200","0000000175","0000210000"
2260124122,"022113",1,NA,"00600","0000000500","0000300000"
2260076005,"022113",1,NA,"00600","0000000250","0000150000"
2260044247,"022111",1,NA,"01200","0000000150","0000180000"
2260044257,"022111",1,NA,"00600","0000000150","0000090000"
2260044254,"022111",1,NA,"00600","0000000150","0000090000"
2260116013,"022113",1,NA,"00300","0000000200","0000060000"
2260040063,"022113",1,NA,"00600","0000000500","0000300000"
2260080066,"022111",1,NA,"01200","0000000375","0000450000"
2260080070,"022111",1,NA,"00080","0000000350","0000028000"
2260116011,"022113",1,NA,"00090","0000001000","0000090000"
2260068605,"022113",1,NA,"00300","0000000300","0000090000"
2260068605,"023111",1,NA,NA,NA,"0000150000"
2260076007,"022113",1,NA,"00600","0000000275","0000165000"
2260032015,"022111",1,NA,"00600","0000000250","0000150000"
2260032007,"023111",1,NA,NA,NA,"0000150000"
2260056108,"022113",1,NA,"00100","0000000800","0000080000"
2260080061,"022113",1,NA,"00300","0000000250","0000075000"
2260080057,"022111",1,NA,"00600","0000000250","0000150000"
2260020209,"022113",1,NA,"00060","0000000500","0000030000"
2260020215,"022111",1,NA,"00600","0000000250","0000150000"
2260036164,"022111",1,NA,"00600","0000000200","0000120000"
2260020220,"022111",1,NA,"00200","0000000300","0000060000"
2260036171,"022111",1,NA,"00600","0000000350","0000210000"
2260024164,"022113",1,NA,"00120","0000001000","0000120000"
2260072013,"022111",1,NA,"00300","0000000300","0000090000"
2260072018,"022111",1,NA,"00300","0000000300","0000090000"
2260048059,"022111",1,NA,"00100","0000000250","0000025000"
2260048056,"022113",1,NA,"00200","0000000600","0000120000"
2260024174,"022111",1,NA,"00600","0000000300","0000180000"
2260096167,"022113",1,NA,"00600","0000001100","0000660000"
2260012118,"022113",1,NA,"00600","0000000750","0000450000"
2260096176,"022111",1,NA,"00300","0000000250","0000075000"
2260120169,"022113",1,NA,"00600","0000000500","0000300000"
2260060270,"022111",1,NA,"00300","0000000250","0000075000"
2260012116,"022111",1,NA,"00300","0000000250","0000075000"
2260012116,"023111",1,NA,NA,NA,"0000350000"
2260072008,"022111",1,NA,"00600","0000000300","0000180000"
2260084115,"022113",1,NA,"00600","0000000600","0000360000"
2260072006,"022111",1,NA,"00600","0000000300","0000180000"
2260108056,"022111",1,NA,"01200","0000000200","0000240000"
2260008015,"022113",1,NA,"00160","0000001000","0000160000"
2260008010,"022111",1,NA,"00300","0000000300","0000090000"
2270081113,"023111",1,NA,NA,NA,"0000600000"
2270137056,"023111",1,NA,NA,NA,"0000600000"
2270109106,"023111",1,NA,NA,NA,"0000100000"
2270029055,"022111",1,NA,"01200","0000000250","0000300000"
2270029056,"022111",1,NA,"00600","0000000250","0000150000"
2270029061,"023111",1,NA,NA,NA,"0000150000"
2270013170,"022111",1,NA,"00600","0000000150","0000090000"
2270105211,"022113",1,NA,"00620","0000000250","0000155000"
2270085180,"022113",1,NA,"00620","0000000250","0000155000"
2270085182,"022113",1,NA,"00620","0000000375","0000232500"
2270037165,"022111",1,NA,"00600","0000000250","0000150000"
2270129253,"022113",1,NA,"00600","0000000225","0000135000"
2270057106,"023111",1,NA,NA,NA,"0000050000"
2270133006,"023111",1,NA,NA,NA,"0000050000"
2270133007,"023111",1,NA,NA,NA,"0000040000"
2270113110,"023111",1,NA,NA,NA,"0000360000"
2270113113,"022113",1,NA,"00620","0000000250","0000155000"
2270113113,"023111",1,NA,NA,NA,"0000350000"
2270057101,"022113",1,NA,"00186","0000000250","0000046500"
2270117015,"022113",1,NA,"00100","0000000400","0000040000"
2270117015,"023111",1,NA,NA,NA,"0000065000"
2270089065,"022113",1,NA,"01240","0000000250","0000310000"
2270121329,"023111",1,NA,NA,NA,"0000350000"
2270009165,"022113",1,NA,"00600","0000000450","0000270000"
2270001017,"022115",1,NA,NA,NA,"0000032000"
2270033070,"023111",1,NA,NA,NA,"0000500000"
2270045100,"022115",1,NA,NA,NA,"0000020000"
2270045110,"022113",1,NA,"00080","0000000800","0000064000"
2270133014,"022115",1,NA,NA,NA,"0000045000"
2270133014,"023111",1,NA,NA,NA,"0000030000"
2270005066,"022111",1,NA,"01800","0000000300","0000540000"
2270114160,"022113",1,NA,"00600","0000000300","0000180000"
2270126106,"022113",1,NA,"00090","0000000250","0000022500"
2270122010,"022113",1,NA,"00310","0000000450","0000139500"
2270010152,"022113",1,NA,"00090","0000000400","0000036000"
2270010159,"022113",1,NA,"00100","0000000250","0000025000"
2270082157,"022113",1,NA,"00620","0000000200","0000124000"
2270066249,"022113",1,NA,"00620","0000000250","0000155000"
2270138171,"023111",1,NA,NA,NA,"0000080000"
2270118062,"022113",1,NA,"00620","0000000250","0000155000"
2270118062,"023111",1,NA,NA,NA,"0000450000"
2270118071,"022113",1,NA,"00620","0000000250","0000155000"
2270050062,"022113",1,NA,"00090","0000000400","0000036000"
2270058065,"023111",1,NA,NA,NA,"0000600000"
2270026123,"022111",1,NA,"00040","0000000300","0000012000"
2270026125,"022111",1,NA,"00600","0000000400","0000240000"
2270026121,"022113",1,NA,"00060","0000000400","0000024000"
2270062068,"022113",1,NA,"00620","0000000250","0000155000"
2270062071,"022113",1,NA,"00310","0000000500","0000155000"
2270062071,"023111",1,NA,NA,NA,"0000340000"
2270110057,"022113",1,NA,"00500","0000000250","0000125000"
2270086053,"022113",1,NA,"00620","0000000250","0000155000"
2270042188,"023111",1,NA,NA,NA,"0000600000"
2270006004,"022111",1,NA,"00300","0000000300","0000090000"
2270090009,"022115",1,NA,NA,NA,"0000045000"
2270090009,"023111",1,NA,NA,NA,"0000300000"
2270046256,"022113",1,NA,"00600","0000000380","0000228000"
2270002064,"022115",1,NA,NA,NA,"0000032000"
2270047004,"022113",1,NA,"00120","0000000500","0000060000"
2270095198,"022113",1,NA,"00600","0000000600","0000360000"
2270059054,"023111",1,NA,NA,NA,"0000030000"
2270059061,"023111",1,NA,NA,NA,"0000050000"
2270083108,"023111",1,NA,NA,NA,"0000360000"
2270067014,"022113",1,NA,"00300","0000000300","0000090000"
2270067014,"023111",1,NA,NA,NA,"0000100000"
2270055114,"022113",1,NA,"00120","0000000425","0000051000"
2270087175,"022113",1,NA,"00600","0000000350","0000210000"
2270007202,"022113",1,NA,"00300","0000000450","0000135000"
2270027157,"022113",1,NA,"00300","0000000450","0000135000"
2270027161,"022111",1,NA,"00030","0000000300","0000009000"
2270003063,"023111",1,NA,NA,NA,"0000600000"
2270055120,"022111",1,NA,"00600","0000000175","0000105000"
2270103011,"023111",1,NA,NA,NA,"0000350000"
2270103018,"023111",1,NA,NA,NA,"0000800000"
2270011014,"022113",1,NA,"00600","0000000400","0000240000"
2270031109,"022111",1,NA,"00600","0000000300","0000180000"
2270031109,"023111",1,NA,NA,NA,"0000300000"
2270127104,"022113",1,NA,"00600","0000000300","0000180000"
2270127104,"023111",1,NA,NA,NA,"0000320000"
2270008053,"022113",1,NA,"00240","0000000500","0000120000"
2270032287,"022113",1,NA,"00300","0000000250","0000075000"
2270108009,"022113",1,NA,"00600","0000000200","0000120000"
2270108009,"023111",1,NA,NA,NA,"0000500000"
2270108012,"022113",1,NA,"00600","0000000200","0000120000"
2270108012,"023111",1,NA,NA,NA,"0000250000"
2270108015,"022113",1,NA,"00600","0000000250","0000150000"
2270108015,"023111",1,NA,NA,NA,"0000360000"
2270108017,"022113",1,NA,"00300","0000000250","0000075000"
2270108017,"023111",1,NA,NA,NA,"0000300000"
2270080201,"022113",1,NA,"00300","0000000500","0000150000"
2270072153,"023111",1,NA,NA,NA,"0000120000"
2270068005,"022113",1,NA,"00600","0000000250","0000150000"
2270084110,"023111",1,NA,NA,NA,"0000030000"
2270128152,"022113",1,NA,"00600","0000000200","0000120000"
2270064108,"022113",1,NA,"00600","0000000200","0000120000"
2270064098,"023111",1,NA,NA,NA,"0000350000"
2270064105,"022113",1,NA,"00600","0000000250","0000150000"
2270064105,"023111",1,NA,NA,NA,"0000450000"
2270004066,"022113",1,NA,"00600","0000000450","0000270000"
2270036111,"022111",1,NA,"00600","0000000300","0000180000"
2270036124,"022113",1,NA,"01200","0000000500","0000600000"
2270044119,"022113",1,NA,"00095","0000000400","0000038000"
2270044123,"023111",1,NA,NA,NA,"0000600000"
2270064101,"023111",1,NA,NA,NA,"0000030000"
2270028139,"022113",1,NA,"00300","0000000450","0000135000"
2270048064,"022113",1,NA,"00600","0000000450","0000270000"
2270040198,"022113",1,NA,"00300","0000000400","0000120000"
2270076147,"022113",1,NA,"00250","0000000250","0000062500"
2270100103,"022113",1,NA,"00300","0000000500","0000150000"
2270120225,"022113",1,NA,"00500","0000000400","0000200000"
2270120225,"023111",1,NA,NA,NA,"0000600000"
2270012193,"022113",1,NA,"00600","0000000400","0000240000"
2280065128,"023111",1,NA,NA,NA,"0000600000"
2280133165,"022111",1,NA,"00600","0000000225","0000135000"
2280053017,"022111",1,NA,"00240","0000000425","0000102000"
2280053011,"022111",1,NA,"01200","0000000200","0000240000"
2280109067,"022111",1,NA,"00210","0000000250","0000052500"
2280005071,"022111",1,NA,"00060","0000000250","0000015000"
2280113058,"022111",1,NA,"00600","0000000250","0000150000"
2280101065,"022111",1,NA,"00300","0000000400","0000120000"
2280101070,"023111",1,NA,NA,NA,"0000500000"
2280101059,"022111",1,NA,"00200","0000000400","0000080000"
2280053014,"022111",1,NA,"00600","0000000250","0000150000"
2280017062,"022111",1,NA,"01200","0000000250","0000300000"
2280017062,"023111",1,NA,NA,NA,"0000550000"
2280013061,"022111",1,NA,"00200","0000000250","0000050000"
2280041066,"022111",1,NA,"00600","0000000300","0000180000"
2280041066,"023111",1,NA,NA,NA,"0001000000"
2280037118,"022111",1,NA,"00200","0000000250","0000050000"
2280037118,"023111",1,NA,NA,NA,"0000500000"
2280009162,"023111",1,NA,NA,NA,"0001200000"
2280081158,"022111",1,NA,"00040","0000000250","0000010000"
2280009164,"022111",1,NA,"00600","0000000250","0000150000"
2280069349,"023111",1,NA,NA,NA,"0000600000"
2280049198,"022111",1,NA,"00600","0000000250","0000150000"
2280037113,"023111",1,NA,NA,NA,"0000040000"
2280041060,"023111",1,NA,NA,NA,"0001000000"
2280069357,"023111",1,NA,NA,NA,"0001500000"
2280049202,"022113",1,NA,"00160","0000000500","0000080000"
2280049202,"023111",1,NA,NA,NA,"0000750000"
2280017065,"022111",1,NA,"01200","0000000250","0000300000"
2280017065,"023111",1,NA,NA,NA,"0000750000"
2280017057,"022111",1,NA,"00900","0000000150","0000135000"
2280017057,"023111",1,NA,NA,NA,"0001500000"
2280117163,"022111",1,NA,"00240","0000000300","0000072000"
2280057223,"022111",1,NA,"00600","0000000350","0000210000"
2280057223,"023111",1,NA,NA,NA,"0000300000"
2280001185,"022111",1,NA,"00600","0000000500","0000300000"
2280001185,"023111",1,NA,NA,NA,"0000900000"
2280001194,"022111",1,NA,"00300","0000000250","0000075000"
2280049207,"022111",1,NA,"00300","0000000200","0000060000"
2280049207,"023111",1,NA,NA,NA,"0000500000"
2280074062,"023111",1,NA,NA,NA,"0000600000"
2280074065,"023111",1,NA,NA,NA,"0002000000"
2280074068,"023111",1,NA,NA,NA,"0001000000"
2280014162,"022111",1,NA,"00300","0000000250","0000075000"
2280026062,"022111",1,NA,"00600","0000000250","0000150000"
2280026062,"023111",1,NA,NA,NA,"0000600000"
2280126069,"022111",1,NA,"00600","0000000200","0000120000"
2280126060,"022111",1,NA,"00600","0000000200","0000120000"
2280126065,"023111",1,NA,NA,NA,"0000600000"
2280014167,"022111",1,NA,"00300","0000000200","0000060000"
2280066127,"022111",1,NA,"00300","0000000200","0000060000"
2280070016,"022111",1,NA,"00600","0000000225","0000135000"
2280062155,"022111",1,NA,"00300","0000000200","0000060000"
2280062155,"023111",1,NA,NA,NA,"0000600000"
2280114015,"022111",1,NA,"00900","0000000250","0000225000"
2280050064,"022111",1,NA,"00600","0000000200","0000120000"
2280038056,"022111",1,NA,"00500","0000000400","0000200000"
2280058121,"023111",1,NA,NA,NA,"0000250000"
2280018170,"022111",1,NA,"00100","0000000300","0000030000"
2280054116,"023111",1,NA,NA,NA,"0001000000"
2280054111,"023111",1,NA,NA,NA,"0000600000"
2280018162,"022111",1,NA,"00600","0000000400","0000240000"
2280046058,"022111",1,NA,"00500","0000000300","0000150000"
2280046058,"023111",1,NA,NA,NA,"0001000000"
2280046061,"022111",1,NA,"00600","0000000200","0000120000"
2280046055,"022111",1,NA,"00750","0000000200","0000150000"
2280046055,"023111",1,NA,NA,NA,"0001500000"
2280022103,"022111",1,NA,"00700","0000000200","0000140000"
2280114004,"022111",1,NA,"00400","0000000250","0000100000"
2280018172,"022111",1,NA,"00600","0000000400","0000240000"
2280018172,"023111",1,NA,NA,NA,"0000600000"
2280118011,"022111",1,NA,"00300","0000000250","0000075000"
2280058108,"022111",1,NA,"00600","0000000250","0000150000"
2280002063,"022111",1,NA,"00080","0000000200","0000016000"
2280002063,"023111",1,NA,NA,NA,"0000300000"
2280122149,"022111",1,NA,"00180","0000000250","0000045000"
2280070011,"022111",1,NA,"00600","0000000300","0000180000"
2280070011,"023111",1,NA,NA,NA,"0000400000"
2280062165,"023111",1,NA,NA,NA,"0000500000"
2280130373,"022111",1,NA,"00600","0000000200","0000120000"
2280070008,"023111",1,NA,NA,NA,"0000900000"
2280130368,"022111",1,NA,"00650","0000000250","0000162500"
2280047160,"022111",1,NA,"00300","0000000150","0000045000"
2280047160,"023111",1,NA,NA,NA,"0000750000"
2280023109,"022111",1,NA,"00600","0000000250","0000150000"
2280023109,"023111",1,NA,NA,NA,"0000700000"
2280023108,"022111",1,NA,"00300","0000000250","0000075000"
2280047152,"022111",1,NA,"00600","0000000150","0000090000"
2280047152,"023111",1,NA,NA,NA,"0000900000"
2280035105,"023111",1,NA,NA,NA,"0001500000"
2280015007,"023111",1,NA,NA,NA,"0000300000"
2280043107,"022111",1,NA,"00600","0000000200","0000120000"
2280043103,"022111",1,NA,"00600","0000000200","0000120000"
2280043103,"023111",1,NA,NA,NA,"0001000000"
2280043100,"022111",1,NA,"00600","0000000200","0000120000"
2280043100,"023111",1,NA,NA,NA,"0000600000"
2280019168,"023111",1,NA,NA,NA,"0001000000"
2280039009,"023111",1,NA,NA,NA,"0000600000"
2280135166,"022111",1,NA,"00600","0000000400","0000240000"
2280011011,"023111",1,NA,NA,NA,"0000600000"
2280083006,"023111",1,NA,NA,NA,"0000900000"
2280107163,"022111",1,NA,"00100","0000000300","0000030000"
2280119159,"022111",1,NA,"00600","0000000300","0000180000"
2280119159,"023111",1,NA,NA,NA,"0000600000"
2280023105,"022111",1,NA,"00300","0000000300","0000090000"
2280011016,"022111",1,NA,"00300","0000000200","0000060000"
2280119155,"022111",1,NA,"00600","0000000250","0000150000"
2280119155,"023111",1,NA,NA,NA,"0001200000"
2280119164,"023111",1,NA,NA,NA,"0001500000"
2280040197,"023111",1,NA,NA,NA,"0000600000"
2280056011,"023111",1,NA,NA,NA,"0000600000"
2280056013,"022111",1,NA,"00600","0000000200","0000120000"
2280056013,"023111",1,NA,NA,NA,"0000600000"
2280036013,"022111",1,NA,"01800","0000000250","0000450000"
2280036005,"023111",1,NA,NA,NA,"0000300000"
2280040206,"023111",1,NA,NA,NA,"0000500000"
2280040208,"022111",1,NA,"00600","0000000300","0000180000"
2280068257,"022111",1,NA,"00600","0000000250","0000150000"
2280032292,"022111",1,NA,"00300","0000000250","0000075000"
2280016240,"022111",1,NA,"00900","0000000300","0000270000"
2280016240,"023111",1,NA,NA,NA,"0002000000"
2280036009,"022111",1,NA,"01200","0000000250","0000300000"
2280036009,"023111",1,NA,NA,NA,"0001200000"
2280016239,"022111",1,NA,"00900","0000000300","0000270000"
2280016239,"023111",1,NA,NA,NA,"0000600000"
2280016234,"022111",1,NA,"00300","0000000300","0000090000"
2280016234,"023111",1,NA,NA,NA,"0000700000"
2280012156,"022113",1,NA,"00900","0000000500","0000450000"
2280012156,"023111",1,NA,NA,NA,"0001200000"
2280008111,"023111",1,NA,NA,NA,"0001000000"
2280008113,"022113",1,NA,"00400","0000000500","0000200000"
2280008113,"023111",1,NA,NA,NA,"0001000000"
2280008118,"022111",1,NA,"00600","0000000300","0000180000"
2280008118,"023111",1,NA,NA,NA,"0001000000"
2280020018,"023111",1,NA,NA,NA,"0001500000"
2280020014,"023111",1,NA,NA,NA,"0001000000"
2280016245,"022113",1,NA,"00600","0000000500","0000300000"
2280104245,"022111",1,NA,"00100","0000000400","0000040000"
2280028007,"023111",1,NA,NA,NA,"0000800000"
2280048105,"023111",1,NA,NA,NA,"0000500000"
2280044178,"022111",1,NA,"00300","0000000400","0000120000"
2280132274,"022111",1,NA,"00600","0000000300","0000180000"
2280132274,"023111",1,NA,NA,NA,"0000700000"
2280116060,"022111",1,NA,"00600","0000000250","0000150000"
2290101069,"022111",1,NA,"00300","0000000250","0000075000"
2290101056,"022111",1,NA,"00400","0000000250","0000100000"
2290085252,"022111",1,NA,"00100","0000000250","0000025000"
2290029202,"022111",1,NA,"00310","0000000125","0000038750"
2290054255,"023111",1,NA,NA,NA,"0000600000"
2290018368,"022111",1,NA,"00250","0000000200","0000050000"
2290058214,"022111",1,NA,"00200","0000000250","0000050000"
2290026119,"022113",1,NA,"00200","0000000500","0000100000"
2290102066,"023111",1,NA,NA,NA,"0000700000"
2290078157,"022111",1,NA,"00600","0000000150","0000090000"
2290099100,"022111",1,NA,"00300","0000000200","0000060000"
2290039212,"022111",1,NA,"00150","0000000250","0000037500"
2290111068,"022111",1,NA,"00200","0000000500","0000100000"
2300101160,"022111",1,NA,"01800","0000000300","0000540000"
2300077013,"022111",1,NA,"00600","0000000300","0000180000"
2300077009,"022115",1,NA,NA,NA,"0000045000"
2300073174,"022113",1,NA,"00060","0000000500","0000030000"
2300073177,"022111",1,NA,"00300","0000000200","0000060000"
2300029013,"022113",1,NA,"00600","0000000500","0000300000"
2300013191,"022111",1,NA,"00300","0000000250","0000075000"
2300013195,"022111",1,NA,"00150","0000000300","0000045000"
2300113006,"022111",7,NA,"00150","0000000500","0000075000"
2300113018,"022115",1,NA,NA,NA,"0000045000"
2300081007,"022111",1,NA,"00600","0000000350","0000210000"
2300081010,"022113",1,NA,"00150","0000000900","0000135000"
2300081015,"022111",1,NA,"00600","0000000350","0000210000"
2300005245,"022113",1,NA,"00600","0000000150","0000090000"
2300021174,"022113",1,NA,"00600","0000000600","0000360000"
2300089052,"022111",1,NA,"00600","0000000300","0000180000"
2300089054,"022115",1,NA,NA,NA,"0000040000"
2300089054,"023111",1,NA,NA,NA,"0000035000"
2300025014,"022111",1,NA,"00300","0000000200","0000060000"
2300025010,"022113",1,NA,"00060","0000000450","0000027000"
2300121099,"022111",1,NA,"00600","0000000300","0000180000"
2300121103,"022111",1,NA,"00300","0000000300","0000090000"
2300121106,"022113",1,NA,"00150","0000000500","0000075000"
2300117006,"022111",1,NA,"00600","0000000250","0000150000"
2300045057,"022111",1,NA,"00900","0000000125","0000112500"
2300105120,"022113",1,NA,"00600","0000000500","0000300000"
2300053062,"022113",1,NA,"01200","0000000500","0000600000"
2300001063,"022111",1,NA,"00150","0000000300","0000045000"
2300085203,"022113",1,NA,"00300","0000000500","0000150000"
2300085200,"022113",1,NA,"00600","0000000500","0000300000"
2300105116,"022111",1,NA,"00600","0000000150","0000090000"
2300105112,"022113",1,NA,"00600","0000000350","0000210000"
2300009281,"022111",1,NA,"00450","0000000300","0000135000"
2300125120,"022111",1,NA,"00600","0000000150","0000090000"
2300125114,"022115",1,NA,NA,NA,"0000025000"
2300093106,"022111",1,NA,"00600","0000000250","0000150000"
2300093111,"022115",1,NA,NA,NA,"0000030000"
2300101164,"022113",1,NA,"00150","0000000500","0000075000"
2300017174,"022111",1,NA,"00600","0000000250","0000150000"
2300017160,"022111",1,NA,"00600","0000000200","0000120000"
2300061141,"022111",1,NA,"00600","0000000200","0000120000"
2300061141,"022113",1,NA,"00600","0000000800","0000480000"
2300122100,"022113",7,NA,"01200","0000000550","0000660000"
2300014111,"022111",1,NA,"00180","0000000250","0000045000"
2300086008,"022111",1,NA,"00300","0000000300","0000090000"
2300086010,"022111",1,NA,"00600","0000000300","0000180000"
2300014120,"022111",1,NA,"00600","0000000250","0000150000"
2300114157,"022113",1,NA,"00060","0000000400","0000024000"
2300114156,"022111",1,NA,"00600","0000000250","0000150000"
2300114153,"022111",1,NA,"00600","0000000300","0000180000"
2300090210,"022111",1,NA,"00600","0000000250","0000150000"
2300042012,"022111",1,NA,"00600","0000000250","0000150000"
2300002067,"022111",1,NA,"00600","0000000250","0000150000"
2300002060,"022111",1,NA,"00150","0000000250","0000037500"
2300066183,"022111",1,NA,"00600","0000000250","0000150000"
2300066178,"022111",1,NA,"00600","0000000250","0000150000"
2300098115,"022113",1,NA,"00600","0000000375","0000225000"
2300058070,"022111",1,NA,"00600","0000000400","0000240000"
2300070012,"022113",1,NA,"00600","0000000500","0000300000"
2300022205,"022113",1,NA,"00600","0000000500","0000300000"
2300022199,"022113",1,NA,"00600","0000000300","0000180000"
2300102008,"022111",1,NA,"00360","0000000583","0000210000"
2300018067,"022111",1,NA,"00360","0000000350","0000126000"
2300110060,"022113",1,NA,"01200","0000000550","0000660000"
2300026201,"022113",1,NA,"00600","0000000500","0000300000"
2300110070,"022111",1,NA,"00600","0000000350","0000210000"
2300074059,"022113",1,NA,"00150","0000000550","0000082500"
2300038101,"022111",1,NA,"00600","0000000250","0000150000"
2300102011,"022113",1,NA,"00600","0000000550","0000330000"
2300102013,"022113",1,NA,"00600","0000000550","0000330000"
2300018061,"022113",1,NA,"00600","0000000550","0000330000"
2300050065,"022113",1,NA,"00600","0000000175","0000105000"
2300078166,"022113",1,NA,"01200","0000000550","0000660000"
2300094008,"022113",1,NA,"00300","0000000500","0000150000"
2300094015,"022113",1,NA,"00150","0000000450","0000067500"
2300118116,"022111",1,NA,"00300","0000000400","0000120000"
2300091165,"022111",1,NA,"00300","0000000300","0000090000"
2300039160,"022113",1,NA,"00600","0000000300","0000180000"
2300115053,"022113",1,NA,"00600","0000000450","0000270000"
2300103167,"022111",1,NA,"00360","0000000250","0000090000"
2300123150,"022111",1,NA,"00360","0000000350","0000126000"
2300079017,"022111",1,NA,"00600","0000000300","0000180000"
2300039149,"022111",1,NA,"00600","0000000300","0000180000"
2300083066,"022111",1,NA,"00300","0000000350","0000105000"
2300055013,"022111",1,NA,"00180","0000000250","0000045000"
2300031179,"022113",1,NA,"00300","0000000500","0000150000"
2300107171,"022113",1,NA,"00150","0000000500","0000075000"
2300095067,"022111",1,NA,"00180","0000000400","0000072000"
2300015241,"022111",1,NA,"00300","0000000150","0000045000"
2300031186,"022111",1,NA,"00600","0000000300","0000180000"
2300039157,"022111",1,NA,"00600","0000000150","0000090000"
2300099060,"022111",1,NA,"00360","0000000300","0000108000"
2300115054,"022113",1,NA,"00150","0000001000","0000150000"
2300115057,"022111",1,NA,"00150","0000000300","0000045000"
2300115063,"022113",1,NA,"00150","0000000450","0000067500"
2300080112,"022113",1,NA,"00030","0000001000","0000030000"
2300092067,"022113",1,NA,"00120","0000000450","0000054000"
2300016014,"022111",1,NA,"00600","0000000350","0000210000"
2300016018,"022111",1,NA,"00600","0000000350","0000210000"
2300056116,"022111",1,NA,"00300","0000000350","0000105000"
2300040160,"022111",1,NA,"00600","0000000350","0000245000"
2300056111,"022111",1,NA,"00300","0000000150","0000045000"
2300080117,"022111",1,NA,"00600","0000000650","0000390000"
2300092065,"022113",1,NA,"00300","0000000450","0000135000"
2300004018,"022111",1,NA,"00600","0000000350","0000210000"
2300016007,"022113",1,NA,"00600","0000000450","0000270000"
2300076146,"022111",1,NA,"00600","0000000350","0000210000"
2300008165,"022111",1,NA,"00600","0000000350","0000210000"
2300008168,"022113",1,NA,"00300","0000000300","0000090000"
2300052169,"022111",1,NA,"00150","0000000250","0000037500"
2300060051,"022111",1,NA,"00600","0000000350","0000210000"
2300008171,"022111",1,NA,"00600","0000000350","0000210000"
2300112111,"022111",1,NA,"00180","0000000250","0000045000"
2300012126,"022111",1,NA,"00600","0000000300","0000180000"
2300068062,"022111",1,NA,"00600","0000000300","0000180000"
2300068066,"022111",1,NA,"00600","0000000300","0000180000"
2300096017,"022113",1,NA,"00090","0000000600","0000054000"
2300096005,"022111",1,NA,"00600","0000000275","0000165000"
2300104005,"022111",1,NA,"00300","0000000300","0000090000"
2300084314,"022111",1,NA,"00090","0000000350","0000031500"
2300036189,"022111",1,NA,"00300","0000000250","0000075000"
2300036193,"022113",1,NA,"00150","0000000500","0000075000"
2300124062,"022111",1,NA,"00300","0000000250","0000075000"
2300116205,"022111",1,NA,"00200","0000000300","0000060000"
2300100119,"022111",1,NA,"00180","0000000300","0000054000"
2300020013,"022111",1,NA,"00150","0000000300","0000045000"
2300020005,"022111",1,NA,"00300","0000000250","0000075000"
2300108067,"022113",1,NA,"00600","0000000500","0000300000"
2300120010,"022111",1,NA,"00300","0000000300","0000090000"
