"Address","DYCOL01","DYCOL02","DYCOL03","DYCOL04","DYCOL05","DYCOL06","DYCOL07","DYCOL08","DYCOL09","DYCOL10","DYCOL11","DYCOL12","DYCOL13","DYCOL14","DYCOL15"
1000073111,"01",1,"7113","2699",1,"10",6,"0004600000","0059700000","0004160334","0052155671",NA,"0005000000","4160334","57155671"
1000073119,"01",1,"1410","8532",1,"7",6,"0007276116","0092813392","0006646448","0079757276",NA,"0005500000","6646448","85257276"
1000073109,"03",1,"2411","2699",3,"9",6,"0004195382","0054344584","0003999598","0047995176",NA,"0004000000","3999598","51995176"
1000109153,"01",1,"8322","6023",3,"12",5,"0002500000","0032000000","0002500000","0032000000",NA,NA,"2500000","32000000"
1000109155,"01",1,"2320","8021",1,"6",4,"0004120000","0052440000","0003749200","0044990400",NA,"0003000000","3749200","47990400"
1000109148,"01",1,"4190","7512",1,"7",6,"0006700000","0083400000","0005864500","0070374000",NA,"0003000000","5864500","73374000"
1000109157,"03",1,"8333","6021",3,"8",7,"0002500000","0030000000","0002500000","0030000000",NA,NA,"2500000","30000000"
1000037059,"03",1,"2142","4521",1,"8",6,"0004500000","0026500000","0004277500","0021387500",NA,"0004000000","4277500","25387500"
1000037052,"03",1,"0112","7522",1,"8",6,"0000150000","0001200000","0000150000","0001200000",NA,NA,"150000","1200000"
1000037062,"01",1,"3416","5219",1,"8",6,"0003500000","0044000000","0003500000","0042000000",NA,"0002000000","3500000","44000000"
1000025204,"01",2,"9314","4521",3,NA,NA,"0","0020280000","0","0020280000",NA,NA,"0","20280000"
1000025198,"02",2,"9314","4521",3,NA,NA,"0","0020280000","0","0020280000",NA,NA,"0","20280000"
1000025200,"01",1,"5220","5221",3,"10",6,"0003000000","0036000000","0003000000","0036000000",NA,NA,"3000000","36000000"
1000025193,"01",1,"1429","8012",1,"10",6,"0007860000","0098120000","0006804100","0081649200",NA,"0003800000","6804100","85449200"
1000029097,"01",1,"8322","6302",3,"6",6,"0002800000","0034600000","0002669334","0032032008",NA,"0001000000","2669334","33032008"
1000017109,"01",1,"3231","8513",3,"4",3,"0002500000","0031000000","0002500000","0030000000",NA,"0001000000","2500000","31000000"
1000017109,"02",1,"2351","8031",1,"8",6,"0005900000","0079200000","0005472167","0065666004",NA,"0008400000","5472167","74066004"
1000113059,"02",1,"9211","0140",3,"8",2,"0000900000","0004000000","0000900000","0004000000",NA,NA,"900000","4000000"
1000017112,"01",1,"4190","4522",1,"10",6,"0009000000","0114000000","0008117500","0097410000",NA,"0006000000","8117500","103410000"
1000017102,"01",1,"9132","2413",3,"12",6,"0004500000","0036000000","0004165000","0033320000",NA,NA,"4165000","33320000"
1000017102,"01",2,"4221","6302",3,NA,NA,"0","0012000000","0","0011440000",NA,NA,"0","11440000"
1000097171,"04",1,"7224","2892",3,"8",6,"0000630000","0000630000","0000630000","0000630000",NA,NA,"630000","630000"
1000097160,"01",1,"2441","7511",1,"7",6,"0006785922","0086431064","0005934098","0071209176",NA,"0005000000","5934098","76209176"
1000073116,"04",1,"5220","5233",3,"10",7,"0002000000","0024000000","0002000000","0024000000",NA,NA,"2000000","24000000"
1000073106,"01",1,"7431","1711",3,"12",7,"0004500000","0057000000","0004277500","0051330000",NA,"0003000000","4277500","54330000"
1000061284,"03",1,"2432","8031",3,"8",5,"0003500000","0045000000","0003336667","0040040004",NA,"0003000000","3336667","43040004"
1000085168,"01",1,"8274","1546",3,"8",6,"0001840000","0037930000","0001754134","0030830800",NA,"0003750000","1754134","34580800"
1000085164,"01",1,"4113","1546",3,"8",6,"0001500000","0045500000","0001500000","0042973337",NA,NA,"1500000","42973337"
1000085162,"01",1,"4223","8022",1,"8",6,"0003250000","0039000000","0002957500","0035490000",NA,"0003000000","2957500","38490000"
1000085162,"02",2,"3231","8513",1,NA,NA,"0003100000","0037200000","0002821000","0033852000",NA,"0003000000","2821000","36852000"
1000085158,"01",1,"8232","3120",3,"8",6,"0006125641","0080507692","0005664714","0067976568",NA,"0007000000","5664714","74976568"
1000013173,"01",1,"2141","7511",1,"8",7,"0011000000","0139000000","0009824167","0117890004",NA,"0007000000","9824167","124890004"
1000001180,"01",1,"2320","8021",1,"5",6,"0005500000","0070600000","0004892500","0058710000",NA,"0004600000","4892500","63310000"
1000001172,"01",1,"7212","2812",1,"8",6,"0007000000","0091750000","0006410834","0076930008",NA,"0007750000","6410834","84680008"
1000013169,"01",1,"5220","5219",1,"8",6,"0005300000","0067600000","0004730500","0056766000",NA,"0004000000","4730500","60766000"
1000013168,"02",1,"7233","8511",3,"12",6,"0003800000","0050750000","0003622667","0043472004",NA,"0005150000","3622667","48622004"
1000009004,"01",1,"5220","5233",3,"8",7,"0002500000","0031800000","0002500000","0030000000",NA,"0001800000","2500000","31800000"
1000061292,"03",1,"7422","2022",3,"10",6,"0001500000","0019000000","0001500000","0018000000",NA,"0001000000","1500000","19000000"
1000089015,"01",1,"5220","5238",3,"10",6,"0002500000","0030000000","0002500000","0030000000",NA,NA,"2500000","30000000"
1000089001,"01",1,"9152","3430",3,"8",6,"0003820000","0049840000","0003641734","0043700808",NA,"0004000000","3641734","47700808"
1000101156,"01",1,"9314","4521",3,"10",5,"0003500000","0042000000","0003500000","0042000000",NA,NA,"3500000","42000000"
1000101158,"01",1,"5162","7523",1,"7",6,"0005295422","0066545064","0004726793","0056721516",NA,"0003000000","4726793","59721516"
1000101165,"01",1,"9132","2413",3,"10",6,"0003650000","0019750000","0003479667","0017398335",NA,"0001500000","3479667","18898335"
1000101165,"01",2,"9314","4521",3,NA,NA,"0","0009000000","0","0009000000",NA,NA,"0","9000000"
1000041168,"01",1,"2144","6421",1,"8",6,"0009000000","0114000000","0008117500","0097410000",NA,"0006000000","8117500","103410000"
1000105012,"01",1,"9314","4521",3,"8",5,"0004250000","0023000000","0004250000","0023000000",NA,NA,"4250000","23000000"
1000041162,"01",1,"2331","7512",1,"8",6,"0006800000","0084600000","0005945500","0071346000",NA,"0003000000","5945500","74346000"
1000105015,"01",1,"7113","2696",3,"12",6,"0006000000","0080000000","0006000000","0076000000",NA,"0004000000","6000000","80000000"
1000101168,"01",1,"7126","4521",3,"8",6,"0003568744","0045424928","0003402203","0040826436",NA,"0002600000","3402203","43426436"
1000025207,"01",2,"7422","2022",3,NA,NA,"0003000000","0037500000","0003000000","0036000000",NA,"0001500000","3000000","37500000"
1000093153,"01",1,"7211","2731",3,"8",6,"0004826551","0061118612","0004556157","0054673884",NA,"0003200000","4556157","57873884"
1000093159,"01",1,"8261","1711",3,"12",7,"0004829645","0062455740","0004558798","0054705576",NA,"0004500000","4558798","59205576"
1000093155,"01",1,"8232","2722",3,"8",6,"0005394677","0071736124","0005040959","0060491508",NA,"0007000000","5040959","67491508"
1000105002,"01",1,"7113","2696",3,"10",6,"0003495822","0045949864","0003332684","0039992208",NA,"0004000000","3332684","43992208"
1000005101,"02",1,"0111","7522",1,"10",6,"0008000000","0100000000","0007614167","0091370004",NA,"0004000000","7614167","95370004"
1000005109,"01",2,"9314","4521",3,NA,NA,"0","0024000000","0","0024000000",NA,NA,"0","24000000"
1000081104,"01",1,"9211","0126",3,"9",6,"0003940000","0050980000","0003756134","0045073608",NA,"0003700000","3756134","48773608"
1000069161,"01",1,"9314","4521",3,"10",4,"0002400000","0028800000","0002400000","0028800000",NA,NA,"2400000","28800000"
1000113065,"01",1,"9160","7511",1,"8",7,"0003165488","0037985856","0003017766","0036213192",NA,NA,"3017766","36213192"
1000113070,"01",1,"9314","4521",3,"8",5,"0001800000","0022000000","0001800000","0022000000",NA,NA,"1800000","22000000"
1000029107,"01",2,"8125","2722",3,NA,NA,"0","0012000000","0","0012000000",NA,NA,"0","12000000"
1000029107,"01",1,"9314","4521",3,"8",6,"0003380000","0010400000","0003380000","0010400000",NA,NA,"3380000","10400000"
1000029101,"02",1,"2331","8012",1,"4",6,"0004500000","0057000000","0004082500","0048990000",NA,"0003000000","4082500","51990000"
1000053059,"01",1,"8125","2722",3,"8",6,"0009000000","0113500000","0008117500","0097410000",NA,"0005500000","8117500","102910000"
1000081115,"01",1,"2320","8021",1,"8",6,"0004988720","0061364640","0004478364","0053724568",NA,"0001500000","4478364","55224568"
1000077115,"01",1,"7137","2511",1,"8",6,"0006285477","0080325724","0005801108","0069613296",NA,"0004900000","5801108","74513296"
1000077115,"02",1,"5141","9302",3,"6",3,"0001000000","0012000000","0001000000","0012000000",NA,NA,"1000000","12000000"
1000053063,"01",1,"7212","2812",3,"8",6,"0006300000","0078600000","0005813500","0069762000",NA,"0003000000","5813500","72762000"
1000045169,"01",1,"9314","4521",3,"8",5,"0004000000","0020000000","0004000000","0020000000",NA,NA,"4000000","20000000"
1000045169,"01",2,"9333","2812",3,NA,NA,"0","0011115000","0","0011115000",NA,NA,"0","11115000"
1000065055,"01",1,"7126","4523",3,"9",6,"0005000000","0025000000","0005000000","0025000000",NA,NA,"5000000","25000000"
1000065055,"01",2,"8323","6021",1,NA,NA,"0","0032372532","0","0030249564",NA,NA,"0","30249564"
1000033109,"01",1,"9314","4521",3,"10",6,"0002600000","0015600000","0002600000","0015600000",NA,NA,"2600000","15600000"
1000105005,"01",1,"7113","2696",3,"12",6,"0004245631","0058947572","0004047502","0048570024",NA,"0008000000","4047502","56570024"
1000021236,"01",2,"2331","8012",3,NA,NA,"0","0012000000","0","0012000000",NA,NA,"0","12000000"
1000081106,"01",1,"7222","2912",3,"12",6,"0003920000","0038280000","0003737067","0033633603",NA,"0003000000","3737067","36633603"
1000081112,"03",1,"9314","4521",3,"8",6,"0003800000","0040500000","0003800000","0038000000",NA,"0002500000","3800000","40500000"
1000105008,"01",1,"5162","7522",1,"8",6,"0004836336","0065036032","0004360527","0052326324",NA,"0003000000","4360527","55326324"
1000045164,"04",2,"7418","1546",3,NA,NA,"0","0015000000","0","0015000000",NA,NA,"0","15000000"
1000065051,"01",2,"9211","0126",3,NA,NA,"0","0010400000","0","0009914667",NA,NA,"0","9914667"
1000065051,"01",1,"9314","4521",3,"8",1,"0000750000","0003000000","0000750000","0003000000",NA,NA,"750000","3000000"
1000065051,"02",2,"7414","1531",3,NA,NA,"0","0000200000","0","0000200000",NA,NA,"0","200000"
1000053053,"01",2,"7224","2812",3,NA,NA,"0","0024500000","0","0023356669",NA,NA,"0","23356669"
1000093147,"03",1,"8322","4521",3,"8",6,"0003000000","0006000000","0003000000","0006000000",NA,NA,"3000000","6000000"
1000053050,"01",2,"9211","0140",3,NA,NA,"0","0007000000","0","0007000000",NA,NA,"0","7000000"
1000077124,"01",1,"4133","2710",3,"8",6,"0003500000","0045000000","0003336667","0040040004",NA,"0003000000","3336667","43040004"
1000017106,"03",1,"7214","2811",3,"8",6,"0003500000","0045000000","0003336667","0040040004",NA,"0003000000","3336667","43040004"
1000033111,"01",1,"8171","2921",3,"8",6,"0004500000","0060600000","0004277500","0051320000",NA,"0006600000","4277500","57920000"
1000057009,"03",1,"7231","5030",3,"8",6,"0002000000","0004000000","0002000000","0004000000",NA,NA,"2000000","4000000"
1000057010,"03",1,"9314","4521",3,"8",2,"0001500000","0013500000","0001500000","0013500000",NA,NA,"1500000","13500000"
1000033120,"01",2,"9314","4521",3,NA,NA,"0","0010500000","0","0010500000",NA,NA,"0","10500000"
1000077117,"01",1,"7241","3120",3,"8",6,"0004200000","0051600000","0004004000","0048048000","0","0001200000","4004000","49248000"
1000009001,"01",1,"7212","2812",3,"8",6,"0012500000","0081000000","0005984167","0071810004","0006000000","0003000000","11984167","74810004"
1000033118,"01",1,"7133","4521",3,"8",6,"0002600000","0020800000","0002600000","0020800000",NA,NA,"2600000","20800000"
1000033113,"01",1,"7233","2812",1,"8",6,"0006000000","0081000000","0005557500","0066690000",NA,"0009000000","5557500","75690000"
1000021247,"01",1,"2310","8031",1,"6",3,"0012000000","0147000000","0010677500","0128130000",NA,"0003000000","10677500","131130000"
1000021247,"02",1,"2320","8021",1,"12",4,"0005000000","0063000000","0004704167","0056450004",NA,"0003000000","4704167","59450004"
1000102263,"03",2,"7212","2892",3,NA,NA,"0","0014000000","0","0013346667",NA,NA,"0","13346667"
1000102263,"03",1,"9132","2320",3,"8",7,"0004200000","0004200000","0004004000","0004004000",NA,NA,"4004000","4004000"
1000078110,"02",2,"0112","7522",1,NA,NA,"0","0001750000","0","0001750000",NA,NA,"0","1750000"
1000078105,"01",1,"7327","2611",3,"12",5,"0004100000","0055200000","0003908667","0046904004",NA,"0006000000","3908667","52904004"
1000090051,"01",1,"7224","2899",3,"10",6,"0006235846","0080830152","0005758756","0069105072",NA,"0006000000","5758756","75105072"
1000090058,"03",1,"9314","4521",3,"8",4,"0001600000","0018000000","0001600000","0018000000",NA,NA,"1600000","18000000"
1000078115,"01",1,"9211","0140",3,"9",2,"0001000000","0012000000","0001000000","0012000000",NA,NA,"1000000","12000000"
1000074105,"02",1,"2331","8012",1,"4",6,"0005874322","0073491864","0005195702","0062348424",NA,"0003000000","5195702","65348424"
1000014063,"01",1,"4190","2921",3,"8",6,"0004800000","0060600000","0004573500","0054882000",NA,"0003000000","4573500","57882000"
1000026056,"02",1,"3429","5010",3,"9",6,"0002500000","0030000000","0002500000","0030000000",NA,NA,"2500000","30000000"
1000050226,"01",1,"9314","4521",3,"8",7,"0","0008000000","0","0008000000",NA,NA,"0","8000000"
1000014067,"02",1,"8125","2722",3,"8",6,"0005200000","0065400000","0004874834","0058498008",NA,"0003000000","4874834","61498008"
1000026063,"01",1,"8333","2811",3,"13",7,"0007000000","0087000000","0006500000","0078000000",NA,"0003000000","6500000","81000000"
1000038050,"03",1,"8331","0140",3,"6",3,"0003800000","0030900000","0002600000","0023400000","0000700000","0003000000","3300000","26400000"
1000038050,"04",1,"9211","0140",3,"4",7,"0003100000","0030900000","0002600000","0023400000",NA,"0003000000","2600000","26400000"
1000050225,"03",1,"7231","5020",3,"8",6,"0000600000","0000600000","0000600000","0000600000",NA,NA,"600000","600000"
1000002119,"01",1,"7221","2811",3,"8",6,"0003500000","0046000000","0003200000","0038400000",NA,"0004000000","3200000","42400000"
1000074111,"01",1,"8322","4100",3,"8",6,"0004300000","0054600000","0004099334","0049192008",NA,"0003000000","4099334","52192008"
1000074111,"04",2,"0112","7522",1,NA,NA,"0","0001200000","0","0001200000",NA,NA,"0","1200000"
1000074110,"01",1,"4190","6421",3,"8",6,"0004160000","0052920000","0003965867","0047590404",NA,"0003000000","3965867","50590404"
1000110341,"01",1,"9152","7513",1,"12",4,"0004300000","0054600000","0004099334","0049192008",NA,"0003000000","4099334","52192008"
1000062149,"01",1,"9211","8031",1,"9",6,"0004296882","0057562584","0004096361","0049156332",NA,"0006000000","4096361","55156332"
1000002127,"01",1,"9314","4521",3,"9",2,"0002000000","0020000000","0001300000","0013000000",NA,NA,"1300000","13000000"
1000002127,"04",1,"7413","1520",3,"8",6,"0003500000","0045000000","0003100000","0037200000",NA,"0003000000","3100000","40200000"
1000086111,"01",1,"9132","3410",3,"8",6,"0005000000","0063000000","0004704167","0056450004",NA,"0003000000","4704167","59450004"
1000086109,"01",1,"8281","3190",3,"8",7,"0005000000","0063000000","0004704167","0056450000",NA,"0003000000","4704167","59450000"
1000086101,"01",1,"9314","4521",3,"8",3,"0003000000","0018000000","0003000000","0018000000",NA,NA,"3000000","18000000"
1000062153,"02",1,"7431","1711",3,"8",6,"0003200000","0006400000","0003200000","0006400000",NA,NA,"3200000","6400000"
1000098004,"01",1,"7222","3430",3,"11",6,"0005785422","0079425064","0005374394","0064492728",NA,"0010000000","5374394","74492728"
1000098008,"01",1,"7126","4521",3,"10",4,"0004500000","0054000000","0004500000","0054000000",NA,NA,"4500000","54000000"
1000086104,"01",1,"7224","3591",3,"8",6,"0004780000","0063760000","0004516434","0054197208",NA,"0006400000","4516434","60597208"
1000098003,"01",1,"8124","3130",3,"8",6,"0004742955","0062415460","0004484823","0053817876",NA,"0005500000","4484823","59317876"
1000110335,"01",1,"2331","8012",1,"4",6,"0006845371","0085144452","0005982251","0071787012",NA,"0003000000","5982251","74787012"
1000086105,"01",2,"7241","3120",3,NA,NA,"0006370000","0084440000","0005873234","0070478808",NA,"0008000000","5873234","78478808"
1000050230,"04",1,"9314","4521",3,"8",3,"0000900000","0004500000","0000900000","0004500000",NA,NA,"900000","4500000"
1000050230,"05",1,"7231","5020",3,"10",6,"0000720000","0002980000","0000720000","0002880000",NA,"0000100000","720000","2980000"
1000050230,"06",1,"7231","5020",3,"10",6,"0000300000","0000300000","0000300000","0000300000",NA,NA,"300000","300000"
1000110332,"01",1,"7212","7491",3,"8",6,"0004365545","0056886540","0004161820","0049941840",NA,"0003000000","4161820","52941840"
1000098010,"01",1,"5122","3190",3,"8",6,"0005246522","0067458264","0004914532","0058974384",NA,"0004500000","4914532","63474384"
1000006006,"01",1,"3118","6421",3,"9",7,"0003500000","0048000000","0003336667","0040040004",NA,"0006000000","3336667","46040004"
1000006006,"02",1,"9320","2423",3,"8",6,"0003300000","0045600000","0003146000","0037752000",NA,"0006000000","3146000","43752000"
1000114199,"03",1,"9211","0140",3,"10",3,"0002000000","0023500000","0002000000","0023500000",NA,NA,"2000000","23500000"
1000114199,"04",1,"9211","0140",3,"10",3,"0001800000","0024500000","0001800000","0024500000",NA,NA,"1800000","24500000"
1000114199,"05",1,"9211","0140",3,"10",3,"0001800000","0024000000","0001800000","0024000000",NA,NA,"1800000","24000000"
1000042010,"03",2,"7450","3699",3,NA,NA,"0002700000","0034200000","0002700000","0033300000",NA,"0000900000","2700000","34200000"
1000042010,"04",1,"7433","1810",3,"10",7,"0000500000","0003000000","0000500000","0003000000",NA,NA,"500000","3000000"
1000090054,"01",1,"9314","4521",3,"10",6,"0003500000","0039500000","0003500000","0039500000",NA,NA,"3500000","39500000"
1000002116,"01",1,"4134","3190",3,"8",6,"0005000000","0054000000","0003813334","0045760008","0001000000","0006000000","4813334","51760008"
1000018056,"03",1,"4113","7229",3,"10",6,"0003267420","0042309040","0003032001","0036384012",NA,"0003000000","3032001","39384012"
1000042001,"01",1,"8125","2722",1,"8",6,"0006000000","0077500000","0005557500","0066690000",NA,"0005500000","5557500","72190000"
1000030060,"01",2,"9311","1310",3,NA,NA,"0","0045000000","0","0028991662",NA,"0010000000","0","38991662"
1000114208,"07",1,"9314","4521",3,"8",2,"0001500000","0017000000","0001500000","0017000000",NA,NA,"1500000","17000000"
1000090062,"01",1,"9314","4521",3,"8",5,"0003000000","0024000000","0003000000","0024000000",NA,NA,"3000000","24000000"
1000042004,"01",2,"7212","2812",3,NA,NA,"0005150000","0047600000","0003193667","0038324004","0001800000","0007400000","4993667","45724004"
1000030058,"01",1,"9314","4521",3,"12",2,"0001400000","0008400000","0001400000","0008400000",NA,NA,"1400000","8400000"
1000030052,"01",1,"7222","2912",3,"9",6,"0003100000","0043200000","0002955334","0035464008",NA,"0006000000","2955334","41464008"
1000030048,"01",1,"8232","3720",3,"12",7,"0004000000","0020000000","0004000000","0020000000",NA,NA,"4000000","20000000"
1000114205,"03",1,"9211","0140",3,"8",3,"0001800000","0012000000","0001800000","0012000000",NA,NA,"1800000","12000000"
1000114205,"04",1,"9314","4521",3,"8",1,"0000600000","0003000000","0000600000","0003000000",NA,NA,"600000","3000000"
1000018059,"03",1,"2411","6720",3,"8",6,"0003765422","0048185064","0003589703","0043076436",NA,"0003000000","3589703","46076436"
1000018051,"01",1,"2441","7498",3,"6",6,"0003644189","0046730268","0003474127","0041689524",NA,"0003000000","3474127","44689524"
1000018051,"02",1,"4113","7498",3,"6",6,"0001000000","0012000000","0001000000","0012000000",NA,NA,"1000000","12000000"
1000014056,"01",1,"7212","3520",1,"8",6,"0006000000","0075000000","0005557500","0066690000",NA,"0003000000","5557500","69690000"
1000014056,"03",1,"2147","3520",3,"8",6,"0004670000","0059040000","0004422567","0053070804",NA,"0003000000","4422567","56070804"
1000018061,"01",1,"4190","7511",1,"7",6,"0007985122","0098821464","0006905450","0082865400",NA,"0003000000","6905450","85865400"
1000018061,"03",1,"4190","4100",1,"7",6,"0003267420","0042209040","0003032001","0036384012",NA,"0003000000","3032001","39384012"
1000018061,"04",1,"0112","7522",1,"7",6,"0000400000","0002000000","0000400000","0002000000",NA,NA,"400000","2000000"
1000054001,"01",1,"7417","1545",3,"10",6,"0004000000","0054000000","0004000000","0051000000",NA,"0003000000","4000000","54000000"
1000054005,"01",2,"9211","0140",3,NA,NA,"0000850000","0005000000","0000850000","0005000000",NA,NA,"850000","5000000"
1000010159,"01",1,"4190","7523",1,"8",6,"0003500000","0045500000","0003336667","0040040004",NA,"0003500000","3336667","43540004"
1000010152,"01",1,"4134","7523",1,"9",6,"0004500000","0056500000","0004095000","0049140000",NA,"0002500000","4095000","51640000"
1000058209,"01",1,"2310","8032",1,"5",4,"0002000000","0043000000","0002000000","0033500000",NA,"0009500000","2000000","43000000"
1000058209,"01",1,"2461","9195",1,"4",7,"0002000000","0024000000","0002000000","0024000000",NA,NA,"2000000","24000000"
1000054001,"03",1,"8223","2892",3,"8",7,"0003500000","0007000000","0003336667","0006673334",NA,NA,"3336667","6673334"
1000094008,"01",1,"3211","2423",3,"8",5,"0004195621","0055547452","0003999826","0047997912",NA,"0005200000","3999826","53197912"
1000010162,"01",1,"1427","6512",1,"7",6,"0004000000","0051000000","0003760000","0045120000",NA,"0003000000","3760000","48120000"
1000034148,"01",1,"9314","7498",3,"12",6,"0005395622","6924746450","0005041765","0060501180",NA,"0004500000","5041765","65001180"
1000034144,"01",1,"7141","2811",3,"8",6,"0003875423","0050505076","0003694570","0044334840",NA,"0004000000","3694570","48334840"
1000010156,"01",1,"9152","7523",1,"12",4,"0003800000","0051600000","0003622667","0043472004",NA,"0006000000","3622667","49472004"
1000010149,"01",1,"4190","2424",1,"8",6,"0003750000","0046500000","0003412500","0040950000",NA,"0001500000","3412500","42450000"
1000082013,"01",1,"3113","2101",1,"8",6,"0004196552","0055358624","0004000719","0048008628",NA,"0005000000","4000719","53008628"
1000094015,"01",1,"9152","7511",1,"8",6,"0005500000","0069000000","0005130834","0061570008",NA,"0003000000","5130834","64570008"
1000094001,"01",1,"9132","8021",3,"6",6,"0002000000","0025400000","0001906667","0022880004",NA,"0001400000","1906667","24280004"
1000022118,"01",1,"8159","2411",3,"12",6,"0004000000","0044000000","0003146000","0037752000","0000700000","0004400000","3846000","42152000"
1000058218,"01",1,"4134","3430",3,"8",6,"0003500000","0045000000","0003418334","0041020008",NA,"0003000000","3418334","44020008"
1000070008,"03",1,"7231","5020",3,"9",6,"0000800000","0009600000","0000800000","0009600000",NA,NA,"800000","9600000"
1000022108,"01",1,"3152","2812",3,"8",6,"0009000000","0086900000","0006154834","0073858008","0002300000","0006500000","8454834","80358008"
1000022116,"01",1,"4190","7512",1,"8",6,"0006700000","0082400000","0005864500","0070374000",NA,"0002000000","5864500","72374000"
1000058212,"03",2,"5220","1920",3,NA,NA,"0","0010000000","0","0010000000",NA,NA,"0","10000000"
1000106015,"03",2,"7141","4540",3,NA,NA,"0","0011500000","0","0011500000",NA,NA,"0","11500000"
1000106011,"01",1,"8159","2699",3,"8",6,"0003862843","0050854116","0003682577","0044190924",NA,"0004500000","3682577","48690924"
1000070010,"01",1,"9211","0140",3,"10",6,"0003500000","0029200000","0003500000","0029200000",NA,NA,"3500000","29200000"
1000046114,"01",1,"5220","5222",3,"10",7,"0002000000","0024000000","0002000000","0024000000",NA,NA,"2000000","24000000"
1000046114,"03",1,"3211","8515",3,"4",6,"0001800000","0021600000","0001800000","0021600000",NA,NA,"1800000","21600000"
1000046108,"01",1,"5162","7523",1,"7",6,"0007892655","0097711860","0006830552","0081966624",NA,"0003000000","6830552","84966624"
1000094011,"01",1,"9314","4521",3,"8",5,"0001800000","0024000000","0001800000","0024000000",NA,NA,"1800000","24000000"
1000106001,"01",1,"1427","7511",1,"8",6,"0006425617","0080607404","0005918894","0071026728",NA,"0003500000","5918894","74526728"
1000058223,"01",1,"9314","4521",3,"8",4,"0","0012000000","0","0012000000",NA,NA,"0","12000000"
1000046106,"01",1,"8159","2411",3,"12",6,"0005966317","0075595804","0005528758","0066345096",NA,"0004000000","5528758","70345096"
1000106006,"01",1,"0111","7522",1,"8",6,"0005365427","0066385124","0004783497","0057401964",NA,"0002000000","4783497","59401964"
1000082004,"01",1,"9132","8515",1,"8",6,"0004295627","0055347524","0004095165","0049141980",NA,"0003800000","4095165","52941980"
1000082007,"03",1,"9320","1546",3,"8",6,"0003985626","0050827512","0003803831","0045645972",NA,"0003000000","3803831","48645972"
1000070005,"01",1,"6111","0111",3,"8",6,"0001800000","0023000000","0001800000","0023000000",NA,NA,"1800000","23000000"
1000110344,"01",1,"8231","2511",3,"8",6,"0004170000","0056540000","0003975400","0047704800",NA,"0006500000","3975400","54204800"
1000087200,"01",1,"9211","0140",3,"9",6,"0004000000","0040000000","0004000000","0040000000",NA,NA,"4000000","40000000"
1000099168,"03",1,"0112","7522",1,"8",6,"0000300000","0003300000","0000300000","0003300000",NA,NA,"300000","3300000"
1000099161,"02",1,"5111","6021",3,"12",2,"0001500000","0020000000","0001500000","0020000000",NA,NA,"1500000","20000000"
1000099170,"01",1,"4190","6421",3,"8",6,"0006300000","0078600000","0005813500","0069762000",NA,"0003000000","5813500","72762000"
1000039244,"01",1,"8125","2812",1,"8",7,"0007500000","0097000000","0006837500","0082050000",NA,"0007000000","6837500","89050000"
1000055014,"01",1,"7233","2915",3,"11",7,"0005750000","0066500000","0004200000","0050400000","0000500000","0003000000","4700000","53400000"
1000039246,"01",1,"9314","4521",3,"9",5,"0003000000","0024000000","0003000000","0024000000",NA,NA,"3000000","24000000"
1000039239,"01",2,"9314","4521",3,NA,NA,"0","0015000000","0","0015000000",NA,NA,"0","15000000"
1000087193,"01",1,"8112","2411",3,"8",6,"0007000000","0087000000","0006410834","0076930008",NA,"0003000000","6410834","79930008"
1000027166,"01",1,"9314","4521",3,"12",4,"0003000000","0027000000","0003000000","0027000000",NA,NA,"3000000","27000000"
1000039236,"01",2,"9314","4521",3,NA,NA,"0","0013500000","0","0013500000",NA,NA,"0","13500000"
1000051150,"01",1,"2331","8012",1,"5",6,"0006500000","0080500000","0005702500","0068430000",NA,"0002500000","5702500","70930000"
1000051160,"01",1,"7212","2812",1,"12",7,"0005100000","0081200000","0004789500","0057474000",NA,"0010000000","4789500","67474000"
1000051159,"01",1,"4190","8031",1,"10",6,"0003540000","0014160000","0003374000","0013496000",NA,NA,"3374000","13496000"
1000051159,"01",1,"4113","8021",3,"4",5,"0001500000","0012000000","0001500000","0012000000",NA,NA,"1500000","12000000"
1000027166,"03",1,"9314","4521",3,"12",4,"0003000000","0027000000","0003000000","0027000000",NA,NA,"3000000","27000000"
1000015310,"01",1,"7218","2812",1,"8",6,"0004500000","0061500000","0004290000","0051480000",NA,"0007500000","4290000","58980000"
1000039248,"04",1,"7218","2919",3,"10",6,"0003500000","0044000000","0003336667","0040040004",NA,"0002000000","3336667","42040004"
1000027164,"01",1,"7141","3520",1,"12",6,"0004700000","0061900000","0004480667","0053768004",NA,"0005500000","4480667","59268004"
1000063071,"01",1,"9141","8021",3,"8",6,"0003865687","0048888242","0003685289","0044223468",NA,"0002500000","3685289","46723468"
1000075204,"01",1,"8159","4521",3,"8",6,"0005500000","0066000000","0005130834","0061570008",NA,"0003000000","5130834","64570008"
1000051155,"01",2,"7411","1515",3,NA,NA,"0","0022080000","0","0021049602",NA,NA,"0","21049602"
1000051152,"01",1,"4141","7511",1,"10",6,"0007000000","0084000000","0006107500","0073290000",NA,"0003000000","6107500","76290000"
1000003143,"01",1,"7212","2812",1,"12",6,"0007550000","0073600000","0005173500","0062082000","0002000000","0007800000","7173500","69882000"
1000003140,"01",1,"5162","7523",1,"8",6,"0008450000","0103900000","0007282000","0087384000",NA,"0002500000","7282000","89884000"
1000063064,"02",1,"2331","8012",1,"6",5,"0004500000","0057000000","0004082500","0048990000",NA,"0003000000","4082500","51990000"
1000063062,"01",1,"2331","8012",1,"6",5,"0007000000","0087000000","0006107500","0073290000",NA,"0003000000","6107500","76290000"
1000063062,"02",1,"2320","8021",1,"6",4,"0006500000","0081000000","0005702500","0068430000",NA,"0003000000","5702500","71430000"
1000111052,"01",1,"9152","2423",3,"8",6,"0006000000","0075000000","0005557500","0066690000",NA,"0003000000","5557500","69690000"
1000027169,"01",1,"7231","7513",3,"10",7,"0006800000","0070000000","0005243334","0062920008","0001300000","0004000000","6543334","66920008"
1000111062,"02",1,"8232","2520",3,"8",6,"0003700000","0011100000","0003700000","0011100000",NA,NA,"3700000","11100000"
1000087195,"01",1,"8125","2731",3,"8",6,"0004286402","0056436824","0004086370","0049036440",NA,"0005000000","4086370","54036440"
1000099157,"01",1,"9152","8513",1,"6",3,"0003900000","0049800000","0003718000","0044616000",NA,"0003000000","3718000","47616000"
1000099157,"03",1,"4115","7411",3,"9",6,"0","0001500000","0","0001500000",NA,NA,"0","1500000"
1000111057,"01",1,"8159","2411",3,"8",6,"0004286402","0056436824","0004186386","0050236632",NA,"0005000000","4186386","55236632"
1000007013,"01",1,"4190","7511",1,"10",6,"0005500000","0069500000","0005130833","0061569996",NA,"0003500000","5130833","65069996"
1000079176,"01",1,"9314","4521",3,"8",5,"0002800000","0031850000","0002800000","0031850000",NA,NA,"2800000","31850000"
1000007010,"01",1,"3118","2812",3,"10",5,"0004450000","0058400000","0004234833","0050817996",NA,"0005200000","4234833","56017996"
1000015320,"01",1,"8322","6512",1,"8",6,"0004000000","0050700000","0003813334","0045760008",NA,"0002700000","3813334","48460008"
1000075209,"01",1,"4190","8031",3,"8",6,"0005000000","0063000000","0004704167","0056450004",NA,"0003000000","4704167","59450004"
1000091065,"01",1,"5220","5223",3,"6",7,"0001500000","0018000000","0001500000","0018000000",NA,NA,"1500000","18000000"
1000111053,"01",1,"7126","4521",3,"8",4,"0004000000","0030000000","0004000000","0030000000",NA,NA,"4000000","30000000"
1000091061,"01",1,"9314","4521",3,"8",4,"0002400000","0028800000","0002400000","0028800000",NA,NA,"2400000","28800000"
1000091063,"01",1,"9314","4521",3,"8",3,"0002000000","0030000000","0002000000","0030000000",NA,NA,"2000000","30000000"
1000079166,"01",1,"7327","2611",3,"8",6,"0004000000","0051000000","0003813334","0045760008",NA,"0003000000","3813334","48760008"
1000019174,"01",1,"4190","7511",1,"8",6,"0007000000","0087500000","0006673334","0080080008",NA,"0003500000","6673334","83580008"
1000067059,"01",1,"2331","8012",1,"6",3,"0004700000","0052900000","0004004000","0048048000","0000500000","0002500000","4504000","50548000"
1000007009,"01",1,"8323","2413",3,"16",4,"0005000000","0066000000","0004704167","0056450004",NA,"0006000000","4704167","62450004"
1000055005,"01",1,"8322","6022",3,"15",7,"0003000000","0036000000","0003000000","0036000000",NA,NA,"3000000","36000000"
1000019160,"02",1,"4190","7411",3,"8",6,"0007000000","0075500000","0005720000","0068640000","0001000000","0003500000","6720000","72140000"
1000031267,"01",1,"9314","4521",3,"10",6,"0002500000","0022500000","0002500000","0022500000",NA,NA,"2500000","22500000"
1000079173,"04",1,"0112","7522",1,"8",7,"0000150000","0001800000","0000150000","0001800000",NA,NA,"150000","1800000"
1000067064,"03",2,"8261","1711",3,NA,NA,"0","0006000000","0","0006000000",NA,NA,"0","6000000"
1000067054,"01",1,"9314","4521",3,"8",5,"0003000000","0036000000","0003000000","0036000000",NA,NA,"3000000","36000000"
1000031262,"01",1,"9314","4521",3,"8",5,"0003000000","0027000000","0003000000","0027000000",NA,NA,"3000000","27000000"
1000031275,"01",1,"8159","2429",3,"8",3,"0003200000","0039900000","0003050667","0036608004",NA,"0001500000","3050667","38108004"
1000043098,"03",1,"4190","7523",1,"8",6,"0003500000","0045500000","0003336667","0040040004",NA,"0003500000","3336667","43540004"
1000043098,"04",1,"3222","8012",3,"6",3,"0000400000","0003600000","0000400000","0003600000",NA,NA,"400000","3600000"
1000075202,"01",1,"9320","1711",3,"8",6,"0004341720","0030208600","0004240414","0029202070",NA,NA,"4240414","29202070"
1000075199,"01",1,"4190","7513",1,"8",6,"0005500000","0069000000","0005130833","0061569996",NA,"0003000000","5130833","64569996"
1000075199,"02",1,"2230","8513",1,"6",4,"0006300000","0078600000","0005540500","0066486000",NA,"0003000000","5540500","69486000"
1000007005,"01",1,"4190","2812",3,"10",7,"0018000000","0123000000","0008970834","0107650008","0008000000","0011000000","16970834","118650008"
1000035194,"01",1,"9314","4521",3,"12",4,"0002880000","0025920000","0002880000","0025920000",NA,NA,"2880000","25920000"
1000035196,"01",1,"9314","4521",3,"12",4,"0002880000","0025920000","0002880000","0025920000",NA,NA,"2880000","25920000"
1000035196,"04",2,"7417","1545",3,NA,NA,"0003000000","0037500000","0003000000","0036000000",NA,"0001500000","3000000","37500000"
1000107105,"01",1,"8333","1429",3,"10",6,"0008659433","0109913196","0007826884","0093922608",NA,"0006000000","7826884","99922608"
1000047152,"01",2,"8322","6023",3,NA,NA,"0","0055000000","0","0055000000",NA,NA,"0","55000000"
1000035203,"01",1,"9314","4521",3,"12",6,"0003900000","0039000000","0003900000","0039000000",NA,NA,"3900000","39000000"
1000011199,"01",1,"8125","2722",3,"8",6,"0005900000","0069000000","0004704167","0056450004","0000900000","0009500000","5604167","65950004"
1000011199,"03",1,"8125","2722",3,"8",6,"0003600000","0053000000","0003336667","0040040004","0000100000","0009000000","3436667","49040004"
1000023065,"01",1,"7133","4521",3,"9",6,"0006000000","0072000000","0006000000","0072000000",NA,NA,"6000000","72000000"
1000023057,"05",1,"7433","1810",3,"7",7,"0000600000","0007200000","0000600000","0007200000",NA,NA,"600000","7200000"
1000071280,"01",1,"8152","2694",3,"8",6,"0004591326","0059695912","0004355433","0052265196",NA,"0004600000","4355433","56865196"
1000059112,"01",1,"4190","8031",3,"8",7,"0007456242","0094474904","0006800143","0081601716",NA,"0005000000","6800143","86601716"
1000035205,"01",1,"9314","4521",3,"12",6,"0005200000","0052000000","0005200000","0052000000",NA,NA,"5200000","52000000"
1000059114,"01",1,"2320","8021",1,"8",6,"0004958425","0062501100","0004453825","0053445900",NA,"0003000000","4453825","56445900"
1000059110,"01",1,"3435","8513",1,"8",6,"0005368459","0067921508","0004885298","0058623576",NA,"0003500000","4885298","62123576"
1000071267,"01",2,"5220","5050",3,NA,NA,"0","0008000000","0","0008000000",NA,NA,"0","8000000"
1000071267,"01",2,"9314","4521",3,NA,NA,"0","0001500000","0","0001500000",NA,NA,"0","1500000"
1000071267,"01",1,"9320","2699",3,"8",5,"0003640000","0010920000","0003470134","0010410402",NA,NA,"3470134","10410402"
1000071269,"01",2,"8125","2710",3,NA,NA,"0","0029120000","0","0027761066",NA,NA,"0","27761066"
1000071269,"01",1,"8125","2710",3,"8",6,"0003640000","0014560000","0003470134","0013880536",NA,NA,"3470134","13880536"
1000107095,"01",2,"9320","2699",3,NA,NA,"0","0020580000","0","0019619604",NA,NA,"0","19619604"
1000107099,"01",1,"4190","2696",3,"9",6,"0004200000","0054400000","0004004000","0048048000",NA,"0004000000","4004000","52048000"
1000083058,"01",1,"8125","2710",3,"8",6,"0004573218","0062830616","0004339980","0052079760",NA,"0007952000","4339980","60031760"
1000095006,"01",1,"9132","2710",3,"8",6,"0003585251","0050023012","0003417940","0041015280",NA,"0007000000","3417940","48015280"
1000083056,"02",1,"4190","8031",3,"8",6,"0004327251","0056437212","0004125313","0049503756",NA,"0004510100","4125313","54013856"
1000083051,"03",1,"8125","2731",3,"8",6,"0005197210","0072111520","0004872453","0058469436",NA,"0009745000","4872453","68214436"
1000091056,"01",1,"9314","4521",3,"8",5,"0002600000","0030000000","0002600000","0030000000",NA,NA,"2600000","30000000"
1000011201,"02",2,"4190","7513",1,NA,NA,"0","0065700000",NA,"0060001506",NA,NA,"0","60001506"
1000095009,"04",1,"3152","7310",3,"8",6,"0003446821","0048361852","0003285970","0039431640",NA,"0007000000","3285970","46431640"
1000028055,"01",1,"4214","7020",3,"12",7,"0003000000","0036000000","0003000000","0036000000",NA,NA,"3000000","36000000"
1000064108,"01",1,"2320","8021",1,"4",6,"0005600000","0070200000","0004973500","0059682000",NA,"0003000000","4973500","62682000"
1000064108,"03",1,"0111","7522",1,"8",6,"0004400000","0055800000","0004001500","0048018000",NA,"0003000000","4001500","51018000"
1000088049,"01",1,"9314","4521",3,"10",4,"0002400000","0028800000","0002400000","0028800000",NA,NA,"2400000","28800000"
1000020069,"01",1,"4190","2899",3,"2",6,"0005000000","0065000000","0004310416","0051724992",NA,"0005000000","4310416","56724992"
1000016289,"01",1,"7212","2892",3,"12",7,"0004000000","0051500000","0004000000","0048000000",NA,"0003500000","4000000","51500000"
1000004001,"02",1,"8281","2812",1,"10",6,"0005000000","0062500000","0002075000","0024900000",NA,"0002500000","2075000","27400000"
1000032059,"01",1,"4212","6592",3,"8",6,"0006000000","0075000000","0005557500","0066690000",NA,"0003000000","5557500","69690000"
1000044215,"01",1,"7231","5020",3,"10",7,"0010000000","0127000000","0008970833","0107649996",NA,"0007000000","8970833","114649996"
1000044213,"01",1,"9314","4521",3,"10",6,"0004000000","0048000000","0004000000","0048000000",NA,NA,"4000000","48000000"
1000020055,"01",1,"4190","8031",1,"10",5,"0007000000","0089000000","0006410834","0076930008",NA,"0005000000","6410834","81930008"
1000020055,"02",1,"2411","8031",1,"7",5,"0003500000","0047000000","0003336667","0040040004",NA,"0005000000","3336667","45040004"
1000008155,"01",2,"7433","1810",3,NA,NA,"0","0004500000","0","0004500000",NA,NA,"0","4500000"
1000020061,"01",1,"7212","2812",1,"8",7,"0006000000","0078000000","0005557500","0066690000",NA,"0006000000","5557500","72690000"
1000032063,"01",2,"9211","7498",3,NA,NA,"0","0001050000","0","0001050000",NA,NA,"0","1050000"
1000092064,"03",1,"4134","3120",3,"8",7,"0003000000","0036000000","0002790000","0033480000",NA,NA,"2790000","33480000"
1000056110,"01",1,"9333","2320",1,"10",6,"0004180959","0055171508","0003985848","0047830176",NA,"0005000000","3985848","52830176"
1000068007,"03",1,"2142","2695",3,"8",6,"0003500000","0007000000","0003336667","0006673334",NA,NA,"3336667","6673334"
1000068007,"04",1,"0111","7523",1,"10",4,"0004500000","0046000000","0003185000","0038220000","0001000000","0003000000","4185000","41220000"
1000068013,"01",1,"9152","4522",3,"14",7,"0004000000","0048000000","0003813334","0045760008",NA,NA,"3813334","45760008"
1000068004,"01",1,"9314","4521",1,"10",6,"0003600000","0025200000","0003600000","0025200000",NA,NA,"3600000","25200000"
1000056121,"01",1,"9314","4521",3,"10",2,"0001200000","0023500000","0001200000","0023500000",NA,NA,"1200000","23500000"
1000112159,"01",1,"9132","8012",1,"12",6,"0003000000","0038500000","0002730000","0032760000","0000200000","0002500000","2930000","35260000"
1000040005,"03",1,"2320","8021",1,"8",6,"0003130000","0040060000","0002848300","0034179600",NA,"0002500000","2848300","36679600"
1000052109,"01",1,"4190","4521",1,"10",7,"0006500000","0086000000","0005984167","0071810004",NA,"0008000000","5984167","79810004"
1000052109,"02",1,"2310","8031",3,"6",4,"0002500000","0030000000","0002500000","0030000000",NA,NA,"2500000","30000000"
1000076180,"01",1,"5161","7523",3,"9",6,"0005385413","0069624956","0005033053","0060396639",NA,"0005000000","5033053","65396639"
1000076180,"04",1,"4190","7512",3,"8",6,"0004852621","0063231452","0004578044","0054936528",NA,"0005000000","4578044","59936528"
1000080062,"01",1,"7133","4540",3,"8",6,"0004500000","0027000000","0004500000","0027000000",NA,NA,"4500000","27000000"
1000056107,"01",1,"9314","4521",3,"10",6,"0003800000","0045600000","0003622667","0043472004",NA,NA,"3622667","43472004"
1000016297,"01",1,"9314","4521",3,"10",6,"0005500000","0069000000","0005259167","0063110004",NA,"0003000000","5259167","66110004"
1000044207,"01",1,"8143","2891",3,"8",7,"0003500000","0045000000","0003336667","0040040004",NA,"0003000000","3336667","43040004"
1000044210,"01",1,"7142","2924",3,"8",7,"0003500000","0045000000","0003336667","0040040004",NA,"0003000000","3336667","43040004"
1000080055,"05",1,"9314","4521",3,"10",4,"0000600000","0004800000","0000600000","0004800000",NA,NA,"600000","4800000"
1000088062,"01",1,"5220","5238",3,"8",6,"0002500000","0030000000","0001800000","0021600000",NA,NA,"1800000","21600000"
1000016303,"01",1,"8322","2924",3,"8",5,"0005500000","0068200000","0005130833","0061569996",NA,"0002200000","5130833","63769996"
1000016298,"01",1,"5161","7523",1,"8",6,"0005000000","0060000000","0004704167","0056450004",NA,"0003000000","4704167","59450004"
1000064105,"03",1,"4141","7497",3,"7",5,"0000500000","0006000000","0000500000","0006000000",NA,NA,"500000","6000000"
1000076177,"03",1,"7222","2722",3,"8",6,"0004879224","0063550688","0004147302","0049767624",NA,"0005000000","4147302","54767624"
1000076177,"05",1,"9152","2698",3,"8",6,"0004265338","0057134056","0004066289","0048795468",NA,"0005000000","4066289","53795468"
1000076177,"06",1,"3429","5252",3,"9",6,"0001500000","0012000000","0001500000","0012000000",NA,NA,"1500000","12000000"
1000052103,"02",1,"2331","8012",1,"5",6,"0005250000","0065500000","0004690000","0056280000",NA,"0002500000","4690000","58780000"
1000040002,"01",1,"7136","4100",1,"8",6,"0003500000","0042000000","0003336667","0040040004",NA,NA,"3336667","40040004"
1000052107,"03",1,"8232","2520",3,"8",6,"0001200000","0024000000","0001200000","0024000000",NA,NA,"1200000","24000000"
1000052107,"04",2,"7221","2811",3,NA,NA,"0003500000","0042000000","0003336700","0040040400",NA,NA,"3336700","40040400"
1000100005,"01",1,"5123","7498",3,"9",5,"0004300000","0056100000","0004099334","0049192008",NA,"0004500000","4099334","53692008"
1000088054,"02",1,"4222","8514",3,"8",6,"0001500000","0018000000","0001500000","0018000000",NA,NA,"1500000","18000000"
1000088058,"01",1,"8171","3190",3,"8",6,"0004485521","0058826252","0004165676","0049988112",NA,"0005000000","4165676","54988112"
1000076173,"01",1,"9314","4521",3,"10",4,"0002400000","0030500000","0002400000","0030500000",NA,NA,"2400000","30500000"
1000056114,"01",2,"9314","4521",3,NA,NA,"0","0026500000","0","0026500000",NA,NA,"0","26500000"
1000100012,"01",1,"4190","8532",1,"8",6,"0004000000","0053700000","0003813334","0045760008",NA,"0005700000","3813334","51460008"
1000080065,"01",1,"4115","6603",3,"8",6,"0002300000","0027600000","0002190000","0026280000",NA,"0001000000","2190000","27280000"
1000092051,"03",1,"2148","7514",1,"7",6,"0003840000","0049080000","0003660800","0043929600",NA,"0003000000","3660800","46929600"
1000068003,"01",1,"7133","4540",3,"8",3,"0","0035000000","0","0035000000",NA,NA,"0","35000000"
1000008159,"01",1,"7417","1545",3,"9",7,"0004846331","0061155972","0004573036","0054876432",NA,"0003000000","4573036","57876432"
1000036058,"01",1,"7241","6421",3,"10",6,"0003155821","0015779105","0003008550","0015042750",NA,NA,"3008550","15042750"
1000048155,"01",2,"7141","4540",3,NA,NA,"0004000000","0042500000","0004000000","0042500000",NA,NA,"4000000","42500000"
1000036055,"01",1,"4134","4522",3,"6",6,"0004692834","0062414008","0004442053","0053304636",NA,"0006100000","4442053","59404636"
1000048157,"03",1,"0111","7523",1,"7",6,"0004792661","0019170644","0004319556","0017278224",NA,NA,"4319556","17278224"
1000048161,"01",1,"3222","8513",1,"7",6,"0003000000","0036000000","0003000000","0036000000",NA,NA,"3000000","36000000"
1000048161,"03",1,"2146","7422",3,"10",3,"0004315822","0054789864","0004114417","0049373004",NA,"0003000000","4114417","52373004"
1000084155,"01",1,"8281","3591",3,"5",5,"0004500000","0059000000","0004290000","0051480000",NA,"0005000000","4290000","56480000"
1000060166,"04",1,"2444","9214",1,"8",6,"0003265684","0027308208","0002083686","0025004232","0001080000","0001080000","3163686","26084232"
1000096290,"01",1,"5220","5050",3,"8",7,"0006500000","0045000000","0003336667","0040040004","0003000000","0003000000","6336667","43040004"
1000060173,"01",1,"9132","8032",1,"8",6,"0006685212","0047222544","0003513236","0042158832","0003000000","0003000000","6513236","45158832"
1000096299,"01",1,"9314","4521",3,"10",5,"0003600000","0025200000","0003600000","0025200000",NA,NA,"3600000","25200000"
1000108004,"03",1,"4115","4531",3,"7",6,"0003730000","0012820000","0003030000","0012120000","0000700000","0000700000","3730000","12820000"
1000084148,"03",1,"5220","5222",3,"12",2,"0000800000","0009600000","0000800000","0009600000",NA,NA,"800000","9600000"
1000072014,"01",1,"7431","1711",3,"8",7,"0004200000","0055900000","0004004000","0048048000",NA,"0005500000","4004000","53548000"
1000096302,"03",1,"3443","7511",3,"5",7,"0003000000","0036500000","0003000000","0036000000",NA,"0000500000","3000000","36500000"
1000096295,"01",1,"9211","0140",3,"8",6,"0003840000","0026880000","0003840000","0026880000",NA,NA,"3840000","26880000"
1000096295,"02",1,"7231","5020",3,"6",6,"0002160000","0025920000","0002160000","0025920000",NA,NA,"2160000","25920000"
1000084158,"01",1,"8125","2722",3,"9",5,"0008000000","0063000000","0004704166","0056449992","0003000000","0003000000","7704166","59449992"
1000060180,"01",1,"3480","9193",1,"8",7,"0004100000","0016320000","0001074334","0012892008","0003000000",NA,"4074334","12892008"
1000060180,"03",2,"9314","4521",3,NA,NA,"0","0016200000","0","0016200000",NA,NA,"0","16200000"
1000108009,"04",1,"2332","8011",3,"6",6,"0002200000","0015400000","0001200000","0014400000","0001000000","0001000000","2200000","15400000"
1000012013,"02",1,"2331","8012",1,"6",4,"0008000000","0063000000","0004704167","0056450004","0003000000","0003000000","7704167","59450004"
1000024094,"01",1,"7126","4521",3,"10",4,"0006500000","0098000000","0006500000","0098000000",NA,NA,"6500000","98000000"
1000024105,"01",1,"7450","9120",3,"11",6,"0003782433","0048389196","0003605920","0025241440",NA,"0003000000","3605920","28241440"
1000024098,"01",2,"7141","4540",3,NA,NA,"0","0036000000","0","0036000000",NA,NA,"0","36000000"
1000024099,"01",1,"7126","4521",3,"8",5,"0005000000","0060000000","0005000000","0060000000",NA,NA,"5000000","60000000"
1000108010,"01",1,"9314","4521",3,"10",4,"0002720000","0016320000","0002720000","0016320000",NA,NA,"2720000","16320000"
1000008162,"01",1,"2351","8021",1,"7",6,"0007231699","0089780388","0006295178","0075542136",NA,"0003000000","6295178","78542136"
1000012005,"01",1,"2131","7290",3,"10",7,"0007000000","0084000000","0006410834","0076930008",NA,NA,"6410834","76930008"
1000012010,"01",1,"4212","6512",1,"8",6,"0019000000","0129000000","0008970834","0107650008","0009000000","0009000000","17970834","116650008"
1000024104,"01",1,"9152","4521",3,"10",7,"0002400000","0014400000","0002400000","0014400000",NA,NA,"2400000","14400000"
1000072011,"01",1,"9314","4521",3,"8",5,"0004000000","0040000000","0004000000","0040000000",NA,NA,"4000000","40000000"
1010077052,"01",1,"2320","8021",1,"5",6,"0006100000","0074400000","0004872000","0058464000",NA,"0008400000","4872000","66864000"
1010077052,"02",1,"1429","8022",1,"6",6,"0004800000","0060600000","0004305000","0051660000",NA,"0003000000","4305000","54660000"
1010017117,"01",1,"9314","4521",3,"8",3,"0001200000","0023500000","0001200000","0023500000",NA,NA,"1200000","23500000"
1010077049,"01",1,"7417","1545",3,"9",7,"0003500000","0043500000","0003336600","0040039200",NA,"0001500000","3336600","41539200"
1010077049,"06",1,"2320","8021",1,"8",5,"0003500000","0045000000","0003336600","0040039200",NA,"0003000000","3336600","43039200"
1010073157,"03",1,"5220","5234",3,"10",6,"0001196000","0014352000","0001140187","0013682244",NA,NA,"1140187","13682244"
1010005198,"01",1,"7221","2892",3,"10",6,"0003500000","0047000000","0003337000","0040044000",NA,"0005000000","3337000","45044000"
1010001057,"01",1,"1427","6512",3,"8",6,"0007000000","0087000000","0006390300","0076683600",NA,"0003000000","6390300","79683600"
1010029158,"01",1,"7417","1545",3,"8",7,"0003000000","0037000000","0002860000","0034320000",NA,"0001000000","2860000","35320000"
1010029166,"01",2,"9314","4521",3,NA,NA,"0","0009360000","0","0009360000",NA,NA,"0","9360000"
1010029166,"02",1,"9211","0111",3,"8",2,"0001000000","0003000000","0001000000","0003000000",NA,NA,"1000000","3000000"
1010037196,"02",1,"4222","8514",3,"6",6,"0000749000","0008988000","0000714047","0008568560",NA,NA,"714047","8568560"
1010109174,"01",1,"7123","4521",3,"8",5,"0003400000","0040800000","0003400000","0040800000",NA,NA,"3400000","40800000"
1010077062,"04",1,"0112","7523",1,"8",6,"0003500000","0045000000","0003336667","0040040004",NA,"0003000000","3336667","43040004"
1010037190,"01",1,"4212","6512",1,"8",6,"0004000000","0051000000","0003640000","0043680000",NA,"0003000000","3640000","46680000"
1010037190,"01",1,"7135","5234",3,"6",3,"0000800000","0009600000","0000800000","0009600000",NA,NA,"800000","9600000"
1010061052,"03",1,"2331","8012",1,"4",6,"0002000000","0021000000","0002000000","0018000000",NA,"0003000000","2000000","21000000"
1010013115,"01",1,"4223","6022",3,"8",6,"0000700000","0008400000","0000700000","0008400000",NA,NA,"700000","8400000"
1010013117,"04",1,"5161","7523",1,"8",6,"0002800000","0038600000","0002669330","0032031960",NA,"0005000000","2669330","37031960"
1010017124,"03",1,"9314","4521",3,"8",3,"0000800000","0000800000","0000800000","0000800000",NA,NA,"800000","800000"
1010073165,"01",1,"7141","4540",3,"10",4,"0001200000","0015500000","0001200000","0015500000",NA,NA,"1200000","15500000"
1010081113,"01",1,"3231","8513",1,"8",6,"0005000000","0063000000","0004466000","0053592000",NA,"0003000000","4466000","56592000"
1010081113,"04",2,"0112","7522",1,NA,NA,"0","0001500000",NA,"0001365000",NA,NA,"0","1365000"
1010077055,"03",1,"4113","6603",3,"8",6,"0000900000","0008100000","0000900000","0008100000",NA,NA,"900000","8100000"
1010005193,"01",1,"5123","8511",3,"8",7,"0003900000","0052100000","0003718000","0044616000",NA,"0005300000","3718000","49916000"
1010005205,"01",1,"2490","6512",1,"10",6,"0006000000","0095000000","0005276000","0063312000",NA,"0023000000","5276000","86312000"
1010061057,"01",1,"8211","3110",3,"8",6,"0003200000","0050400000","0003050000","0036600000",NA,"0012000000","3050000","48600000"
1010085249,"01",1,"9314","4540",3,"10",3,"0001200000","0018000000","0001200000","0018000000",NA,NA,"1200000","18000000"
1010065068,"01",1,"7218","3430",3,"8",6,"0006000000","0074000000","0005555000","0057936670",NA,"0012000000","5555000","69936670"
1010097068,"01",1,"2320","8021",1,"5",6,"0004700000","0059400000","0004223000","0050676000",NA,"0003000000","4223000","53676000"
1010089011,"01",1,"3444","7513",1,"8",6,"0005700000","0071400000","0005299000","0063588000",NA,"0003000000","5299000","66588000"
1010101009,"01",1,"8322","8090",3,"9",6,"0002250000","0028000000","0002117000","0026404000",NA,NA,"2117000","26404000"
1010101012,"02",1,"1429","8011",1,"8",6,"0003300000","0039600000","0003160000","0037920000",NA,NA,"3160000","37920000"
1010041103,"03",2,"0112","7522",1,NA,NA,"0000300000","0003600000","0000273000","0003276000",NA,NA,"273000","3276000"
1010041103,"04",1,"4190","1548",3,"8",6,"0003500000","0048500000","0003336667","0040040000",NA,"0006500000","3336667","46540000"
1010049169,"01",1,"8322","4522",3,"8",6,"0003650000","0044300000","0003479700","0041756400",NA,"0000500000","3479700","42256400"
1010117064,"01",1,"7124","4521",3,"6",4,"0001600000","0012500000","0001600000","0012500000",NA,NA,"1600000","12500000"
1010097068,"02",1,"2320","8021",1,"5",5,"0004200000","0053400000","0003818000","0045816000",NA,"0003000000","3818000","48816000"
1010081109,"01",2,"9314","4521",3,NA,NA,"0","0026400000","0","0026400000",NA,NA,"0","26400000"
1010013109,"02",2,"3222","8513",1,NA,NA,"0005100000","0020400000","0004511000","0018044000",NA,NA,"4511000","18044000"
1010037192,"01",1,"0112","7522",1,"8",6,"0007500000","0093000000","0006491000","0077892000",NA,"0003000000","6491000","80892000"
1010057121,"03",1,"7245","7498",3,"8",6,"0004000000","0051000000","0004000000","0048000000",NA,"0003000000","4000000","51000000"
1010057116,"01",1,"7133","4521",3,"10",6,"0005000000","0060000000","0005000000","0060000000",NA,NA,"5000000","60000000"
1010057116,"04",1,"9314","4521",3,"10",6,"0001000000","0012000000","0001000000","0012000000",NA,NA,"1000000","12000000"
1010057108,"01",1,"9320","2102",3,"9",6,"0003030000","0038715000","0002888600","0031188300",NA,"0006000000","2888600","37188300"
1010085251,"01",1,"4113","8022",1,"2",6,"0005160000","0065420000","0004595600","0055147200",NA,"0003500000","4595600","58647200"
1010025159,"01",1,"9211","0111",3,"4",3,"0000500000","0010000000","0000500000","0010000000",NA,NA,"500000","10000000"
1010025162,"01",1,"9314","4521",3,"8",5,"0002000000","0024000000","0002000000","0024000000",NA,NA,"2000000","24000000"
1010025164,"01",1,"5220","5234",3,"10",6,"0003500000","0044500000","0003500000","0042000000",NA,"0002500000","3500000","44500000"
1010025168,"01",1,"9211","0111",3,"5",2,"0000400000","0016000000","0000400000","0016000000",NA,NA,"400000","16000000"
1010093057,"01",1,"9314","4521",3,"10",4,"0001500000","0018000000","0001500000","0018000000",NA,NA,"1500000","18000000"
1010101013,"01",2,"5162","7523",1,NA,NA,"0","0048000000","0","0040610000","0","0003000000","0","43610000"
1010109164,"01",2,"9314","4521",3,NA,NA,"0","0010500000","0","0010500000",NA,NA,"0","10500000"
1010017114,"01",1,"7126","4521",3,"10",5,"0005000000","0060000000","0005000000","0060000000",NA,NA,"5000000","60000000"
1010017114,"03",1,"9314","4521",3,"10",5,"0002400000","0028800000","0002400000","0028800000",NA,NA,"2400000","28800000"
1010017125,"03",1,"2230","8511",3,"8",7,"0003600000","0043200000","0003432000","0038324000",NA,"0003000000","3432000","41324000"
1010041102,"03",1,"2149","3430",3,"8",6,"0003200000","0042400000","0003050667","0036608000",NA,"0004000000","3050667","40608000"
1010057115,"01",1,"9314","4521",3,"10",4,"0003000000","0036000000","0003000000","0036000000",NA,NA,"3000000","36000000"
1010033006,"01",1,"2142","4522",3,"10",7,"0007300000","0093600000","0006445330","0077343960",NA,"0006000000","6445330","83343960"
1010053002,"01",1,"8323","6021",3,"8",7,"0003500000","0042000000","0003500000","0042000000",NA,NA,"3500000","42000000"
1010045005,"02",1,"7231","5020",3,"10",6,"0000400000","0001200000","0000400000","0001200000",NA,NA,"400000","1200000"
1010093054,"01",1,"5123","8031",1,"10",6,"0002850000","0036700000","0002717000","0032604000",NA,"0002500000","2717000","35104000"
1010105012,"01",1,"1429","8012",1,"8",6,"0007800000","0098600000","0006734000","0080808000",NA,"0005000000","6734000","85808000"
1010069115,"03",1,"9314","4540",3,"8",5,"0003000000","0036000000","0003000000","0036000000",NA,NA,"3000000","36000000"
1010105004,"01",2,"7418","1546",3,NA,NA,"0","0031500000","0","0030030000",NA,NA,"0","30030000"
1010093066,"01",1,"7417","1545",3,"10",7,"0004000000","0049500000","0004000000","0048000000",NA,"0001500000","4000000","49500000"
1010009203,"03",1,"7218","3610",3,"10",6,"0002000000","0024000000","0002000000","0024000000",NA,NA,"2000000","24000000"
1010021001,"01",1,"1429","8021",1,"7",6,"0007000000","0083220000","0006105000","0069750000",NA,"0003000000","6105000","72750000"
1010021001,"02",1,"1429","8021",1,"7",6,"0005000000","0060300000","0004485000","0051462000",NA,"0003000000","4485000","54462000"
1010057112,"01",1,"2320","8021",1,"4",6,"0006500000","0081000000","0005701000","0068412000",NA,"0003000000","5701000","71412000"
1010045015,"02",1,"2142","4522",3,"12",7,"0003000000","0037500000","0002860000","0034320000",NA,"0003000000","2860000","37320000"
1010029156,"01",1,"9314","4521",3,"10",3,"0001560000","0028120000","0001560000","0025620000",NA,"0002500000","1560000","28120000"
1010093063,"01",1,"8324","6023",3,"8",6,"0004500000","0054000000","0004500000","0054000000",NA,NA,"4500000","54000000"
1010069111,"03",1,"4190","8012",1,"6",6,"0004000000","0048300000","0003813334","0043186000",NA,"0003000000","3813334","46186000"
1010069121,"03",1,"5220","1516",3,"12",6,"0004200000","0054700000","0004004000","0045474000",NA,"0007000000","4004000","52474000"
1010113196,"03",1,"2149","1711",3,"10",6,"0004000000","0048000000","0003814000","0045768000",NA,NA,"3814000","45768000"
1010029161,"01",1,"7136","4531",3,"5",3,"0002500000","0030000000","0002500000","0030000000",NA,NA,"2500000","30000000"
1010045001,"01",1,"2490","6512",1,"8",6,"0005300000","0062100000","0004730000","0052926000",NA,"0003000000","4730000","55926000"
1010045011,"04",1,"2411","3430",3,"8",6,"0003500000","0045500000","0003336670","0040040040",NA,"0003500000","3336670","43540040"
1010001061,"02",1,"5220","5232",3,"10",7,"0000500000","0006000000","0000500000","0006000000",NA,NA,"500000","6000000"
1010001061,"03",1,"5220","5232",3,"10",7,"0000800000","0010100000","0000800000","0009600000",NA,"0000500000","800000","10100000"
1010021007,"02",2,"9211","0111",3,NA,NA,"0","0001500000","0","0001500000",NA,NA,"0","1500000"
1010021011,"01",1,"5122","2101",3,"8",6,"0006100000","0079700000","0005621330","0067455960",NA,"0006500000","5621330","73955960"
1010029165,"02",2,"9211","0111",3,NA,NA,"0","0004140000","0","0004140000",NA,NA,"0","4140000"
1010029166,"03",1,"9132","9302",3,"6",7,"0000300000","0003600000","0000300000","0003600000",NA,NA,"300000","3600000"
1010037199,"01",1,"8125","2812",3,"10",6,"0004800000","0062600000","0004513000","0054156000",NA,"0005000000","4513000","59156000"
1010037202,"01",1,"2144","6421",1,"10",7,"0009600000","0118200000","0008608000","0103296000",NA,"0003000000","8608000","106296000"
1010037202,"02",1,"2320","8021",1,"4",6,"0005088000","0061464000","0004556280","0052404840",NA,"0003000000","4556280","55404840"
1010065058,"02",1,"2331","8012",1,"4",6,"0005000000","0053000000","0004485000","0045370000",NA,"0003000000","4485000","48370000"
1010049160,"01",1,"0112","7522",1,"8",6,"0006500000","0081000000","0005680000","0068160000",NA,"0003000000","5680000","71160000"
1010049158,"01",1,"8322","6022",3,"5",6,"0002000000","0024000000","0002000000","0024000000",NA,NA,"2000000","24000000"
1010045005,"02",2,"7231","4522",3,NA,NA,"0","0024600000","0","0020592000",NA,"0003000000","0","23592000"
1010062196,"01",1,"7126","4521",3,"8",6,"0002500000","0030000000","0002500000","0030000000",NA,NA,"2500000","30000000"
1010014158,"01",1,"4134","6309",3,"8",7,"0005300000","0061500000","0004948670","0054605330",NA,"0003500000","4948670","58105330"
1010026056,"01",1,"9314","4521",3,"5",2,"0000360000","0021000000","0000360000","0021000000",NA,NA,"360000","21000000"
1010026056,"01",2,"9211","0111",3,NA,NA,"0","0007500000","0","0007500000",NA,NA,"0","7500000"
1010074057,"01",1,"7136","4531",3,"7",6,"0005000000","0060000000","0004767000","0057204000",NA,NA,"4767000","57204000"
1010098056,"01",1,"9314","4521",3,"10",4,"0002000000","0024000000","0002000000","0024000000",NA,NA,"2000000","24000000"
1010114107,"02",1,"2490","7512",1,"8",6,"0005000000","0063000000","0004701667","0056420004",NA,"0003000000","4701667","59420004"
1010110009,"01",1,"7123","4521",3,"10",3,"0004000000","0051500000","0004000000","0049792000",NA,NA,"4000000","49792000"
1010098055,"01",1,"9314","4521",3,"9",1,"0000500000","0008250000","0000500000","0008250000",NA,NA,"500000","8250000"
1010110004,"01",1,"7124","2022",3,"8",6,"0001680000","0005490000","0001680000","0005040000",NA,"0000450000","1680000","5490000"
1010110004,"01",2,"9314","4521",3,NA,NA,"0","0018000000","0","0018000000",NA,NA,"0","18000000"
1010026053,"01",1,"9314","4521",3,"9",2,"0000600000","0015000000","0000600000","0015000000",NA,NA,"600000","15000000"
1010050203,"01",1,"3224","5238",3,"12",6,"0004500000","0054000000","0004277500","0051177000",NA,NA,"4277500","51177000"
1010050203,"04",1,"7311","5238",3,"12",6,"0003000000","0036000000","0002860000","0034320000",NA,NA,"2860000","34320000"
1010014154,"01",1,"4134","6301",3,"8",7,"0009000000","0105500000","0006835000","0075040800","0001500000","0023500000","8335000","98540800"
1010078217,"02",1,"5220","5222",3,"12",7,"0003500000","0042000000","0003500000","0042000000",NA,NA,"3500000","42000000"
1010078217,"03",1,"5220","5222",3,"12",7,"0003500000","0042000000","0003500000","0042000000",NA,NA,"3500000","42000000"
1010074054,"01",1,"9153","8532",1,"8",6,"0004000000","0058000000","0003813000","0052885336",NA,"0002000000","3813000","54885336"
1010014165,"01",1,"2422","7523",1,"8",6,"0012000000","0147000000","0010170000","0122040000",NA,"0003000000","10170000","125040000"
1010062190,"04",2,"7422","2022",3,NA,NA,"0","0020000000","0","0020000000",NA,NA,"0","20000000"
1010114117,"02",2,"3475","9241",3,NA,NA,"0","0007000000","0","0007000000",NA,NA,"0","7000000"
1010030065,"05",1,"3471","7498",3,"12",6,"0003500000","0042000000","0003500000","0042000000",NA,NA,"3500000","42000000"
1010026058,"01",1,"9314","4521",3,"8",2,"0000450000","0005400000","0000450000","0005400000",NA,NA,"450000","5400000"
1010026058,"05",2,"9314","4521",3,NA,NA,"0","0004500000","0","0004500000",NA,NA,"0","4500000"
1010026058,"06",2,"9314","4521",3,NA,NA,"0","0006750000","0","0006750000",NA,NA,"0","6750000"
1010018145,"03",1,"7141","4540",3,"8",2,"0001000000","0012000000","0001000000","0012000000",NA,NA,"1000000","12000000"
1010002155,"01",1,"5169","8031",1,"8",6,"0006300000","0078600000","0005811000","0069732000",NA,"0003000000","5811000","72732000"
1010026064,"01",1,"3475","9241",1,"3",2,"0000400000","0002500000","0000400000","0002500000",NA,NA,"400000","2500000"
1010102122,"01",1,"9211","4521",3,"8",5,"0003000000","0036000000","0003000000","0036000000",NA,NA,"3000000","36000000"
1010002165,"01",1,"9333","7511",3,"8",5,"0004000000","0048000000","0004000000","0048000000",NA,NA,"4000000","48000000"
1010002165,"03",1,"9333","7511",3,"8",2,"0001600000","0019200000","0001600000","0019200000",NA,NA,"1600000","19200000"
1010054109,"01",1,"8322","6022",3,"7",6,"0004000000","0020000000","0004000000","0020000000",NA,NA,"4000000","20000000"
1010102119,"01",1,"9211","0111",3,"3",3,"0002000000","0002000000","0002000000","0002000000",NA,NA,"2000000","2000000"
1010102119,"01",1,"9314","4521",3,"6",6,"0001200000","0016000000","0001200000","0016000000",NA,NA,"1200000","16000000"
1010086062,"03",1,"5220","5222",3,"9",6,"0001500000","0019000000","0001500000","0018000000",NA,"0001000000","1500000","19000000"
1010078221,"02",2,"9211","0112",3,NA,NA,"0","0001500000","0","0001500000",NA,NA,"0","1500000"
1010078221,"02",2,"9211","0111",3,NA,NA,"0","0003000000","0","0003000000",NA,NA,"0","3000000"
1010078220,"01",2,"3416","4521",3,NA,NA,"0003200000","0012800000","0003200000","0012800000",NA,NA,"3200000","12800000"
1010050194,"04",1,"7241","5260",3,"8",6,"0003000000","0038000000","0003000000","0036000000",NA,"0002000000","3000000","38000000"
1010110009,"02",2,"9211","0111",3,NA,NA,"0","0001920000","0","0001920000",NA,NA,"0","1920000"
1010054114,"01",1,"2142","7511",1,"8",6,"0007000000","0087000000","0006107000","0073150000",NA,"0003000000","6107000","76150000"
1010054114,"02",1,"2320","8021",1,"6",4,"0004000000","0051000000","0003640000","0043680000",NA,"0003000000","3640000","46680000"
1010102114,"01",2,"9314","4521",3,NA,NA,"0","0002500000","0","0002500000",NA,NA,"0","2500000"
1010102114,"01",2,"9211","0111",3,NA,NA,"0","0000800000","0","0000800000",NA,NA,"0","800000"
1010102114,"01",2,"7137","4532",3,NA,NA,"0","0001700000","0","0001700000",NA,NA,"0","1700000"
1010078211,"01",1,"8322","6023",3,"8",2,"0000800000","0009600000","0000800000","0009600000",NA,NA,"800000","9600000"
1010090106,"01",1,"1427","1556",3,"8",6,"0005300000","0059200000","0004958000","0054052000",NA,"0002000000","4958000","56052000"
1010066171,"01",1,"3431","8031",1,"8",6,"0009000000","0107500000","0007727000","0089892500",NA,"0003000000","7727000","92892500"
1010050197,"01",1,"7417","1545",3,"10",7,"0004700000","0052400000","0004448167","0049824668",NA,NA,"4448167","49824668"
1010090113,"01",1,"5169","9213",1,"12",6,"0006000000","0071500000","0005297500","0060591500",NA,"0003000000","5297500","63591500"
1010046094,"01",1,"5162","7523",1,"8",6,"0003000000","0038000000","0002730000","0032760000",NA,"0002000000","2730000","34760000"
1010094119,"01",1,"8279","1600",3,"10",6,"0005200000","0071600000","0004874000","0056445000",NA,"0011600000","4874000","68045000"
1010062197,"02",1,"9131","7493",3,"8",6,"0002080000","0024960000","0002080000","0024960000",NA,NA,"2080000","24960000"
1010102113,"01",1,"7233","1531",3,"5",6,"0006000000","0062500000","0005495000","0055580000",NA,"0002500000","5495000","58080000"
1010118150,"01",1,"7133","4540",3,"10",5,"0002400000","0028800000","0002400000","0028800000",NA,NA,"2400000","28800000"
1010022058,"02",1,"3212","7513",1,"8",6,"0004500000","0060000000","0004275000","0051300000",NA,"0006000000","4275000","57300000"
1010022058,"03",1,"3221","8515",1,"8",6,"0004700000","0059400000","0004446000","0053352000",NA,"0003000000","4446000","56352000"
1010070058,"01",1,"5122","5521",3,"8",4,"0003000000","0044000000","0003000000","0044000000",NA,NA,"3000000","44000000"
1010066164,"02",1,"2490","7512",1,"8",6,"0002000000","0006000000","0002000000","0006000000",NA,NA,"2000000","6000000"
1010018151,"04",1,"7417","1545",3,"8",6,"0002880000","0002880000","0002880000","0002880000",NA,NA,"2880000","2880000"
1010018151,"04",2,"9314","4521",3,NA,NA,"0","0008000000","0","0008000000",NA,NA,"0","8000000"
1010090110,"01",1,"2411","8031",1,"9",6,"0005000000","0063000000","0004487000","0053724000",NA,"0003000000","4487000","56724000"
1010090116,"01",1,"2221","8511",1,"8",6,"0007000000","0087000000","0006410000","0076802000",NA,"0003000000","6410000","79802000"
1010106155,"01",1,"8332","4510",3,"10",6,"0008000000","0096000000","0008000000","0096000000",NA,NA,"8000000","96000000"
1010106161,"01",1,"9211","0111",3,"3",3,"0001000000","0001000000","0001000000","0001000000",NA,NA,"1000000","1000000"
1010106161,"01",1,"7122","4540",3,"5",4,"0002000000","0024000000","0002000000","0024000000",NA,NA,"2000000","24000000"
1010082215,"01",2,"4223","8532",1,NA,NA,"0","0044100000","0","0038998672",NA,"0002500000","0","41498672"
1010010146,"01",1,"8332","4100",1,"8",6,"0003200000","0040000000","0003050667","0036608000",NA,"0001600000","3050667","38208000"
1010058301,"01",1,"4223","6421",3,"4",7,"0000400000","0002800000","0000400000","0002800000",NA,NA,"400000","2800000"
1010058301,"02",1,"4223","6421",3,"6",6,"0000500000","0004000000","0000500000","0004000000",NA,NA,"500000","4000000"
1010018156,"01",1,"9152","7492",3,"12",7,"0002500000","0031500000","0002500000","0030000000",NA,"0001500000","2500000","31500000"
1010030055,"01",1,"9152","6303",3,"12",7,"0001800000","0007200000","0001800000","0007200000",NA,NA,"1800000","7200000"
1010070061,"01",1,"3115","8511",3,"8",6,"0003900000","0052400000","0003673000","0044076000",NA,"0005600000","3673000","49676000"
1010010138,"02",1,"2221","8511",1,"8",6,"0006000000","0074500000","0005295000","0063540000",NA,"0002500000","5295000","66040000"
1010082210,"03",1,"8322","6023",3,"5",4,"0001500000","0018000000","0001500000","0018000000",NA,NA,"1500000","18000000"
1010034060,"01",1,"5220","5129",3,"12",6,"0004500000","0062200000","0004275000","0049674000",NA,"0010000000","4275000","59674000"
1010010149,"01",1,"4190","7511",1,"9",6,"0006000000","0077000000","0005555000","0066660000",NA,"0005000000","5555000","71660000"
1010118143,"03",1,"4212","6512",1,"8",6,"0006000000","0075000000","0005295000","0063540000",NA,"0003000000","5295000","66540000"
1010022063,"03",2,"3113","6303",3,NA,NA,"0","0004000000","0","0004000000",NA,NA,"0","4000000"
1010042003,"01",1,"5220","5232",3,"12",7,"0002700000","0034900000","0002574000","0030888000",NA,"0002500000","2574000","33388000"
1010110015,"01",1,"9314","4521",3,"8",4,"0003000000","0026640000","0003000000","0026640000",NA,NA,"3000000","26640000"
1010038012,"01",1,"2142","4521",1,"8",6,"0005000000","0059000000","0004701670","0053006670",NA,"0003000000","4701670","56006670"
1010038012,"02",1,"2320","8021",1,"8",4,"0004600000","0055800000","0004161000","0048048000",NA,"0003000000","4161000","51048000"
1010038003,"01",1,"3429","5129",3,"10",6,"0004200000","0064600000","0004004000","0047285330",NA,"0015000000","4004000","62285330"
1010034058,"03",1,"5220","5232",3,"10",7,"0001600000","0020800000","0001600000","0019200000",NA,"0001600000","1600000","20800000"
1010050200,"01",1,"3429","1544",3,"5",7,"0006780000","0020340000","0006339760","0019019280",NA,NA,"6339760","19019280"
1010050200,"01",2,"3429","1543",3,NA,NA,"0005280000","0053520000","0004969260","0044723340",NA,"0006000000","4969260","50723340"
1010058296,"03",1,"7212","2892",3,"12",7,"0","0","0","0","0","0","0","0"
1010058307,"03",2,"7433","1810",3,NA,NA,"0","0012000000","0","0012000000",NA,NA,"0","12000000"
1010058307,"04",1,"7241","5020",3,"8",6,"0000600000","0007200000","0000600000","0007200000",NA,NA,"600000","7200000"
1010058307,"05",2,"7433","1810",3,NA,NA,"0","0012000000","0","0012000000",NA,NA,"0","12000000"
1010110002,"01",1,"4133","7511",1,"8",6,"0004500000","0053000000","0004080000","0045440000",NA,"0003000000","4080000","48440000"
1010118141,"03",1,"8322","6023",3,"10",2,"0003000000","0036000000","0003000000","0036000000",NA,NA,"3000000","36000000"
1010063151,"01",1,"5220","5133",3,"8",6,"0002000000","0010000000","0002000000","0010000000",NA,NA,"2000000","10000000"
1010027067,"01",1,"9314","4521",3,"8",5,"0003000000","0036000000","0003000000","0036000000",NA,NA,"3000000","36000000"
1010063139,"01",1,"3429","5129",3,"10",6,"0003500000","0007000000","0003500000","0007000000",NA,NA,"3500000","7000000"
1010079108,"03",1,"4134","2899",3,"12",5,"0004000000","0048000000","0003814000","0045768000",NA,NA,"3814000","45768000"
1010103112,"02",1,"4222","8514",3,"8",6,"0001800000","0023400000","0001716000","0020592000",NA,"0001800000","1716000","22392000"
1010079107,"01",1,"8155","5050",3,"12",7,"0003000000","0036000000","0002860000","0034320000",NA,NA,"2860000","34320000"
1010063146,"04",1,"7417","1545",3,"10",7,"0001200000","0015200000","0001200000","0014400000",NA,"0000800000","1200000","15200000"
1010091116,"01",1,"9132","5020",3,"8",6,"0003000000","0036000000","0003000000","0036000000",NA,NA,"3000000","36000000"
1010059157,"01",1,"8323","6021",1,"8",7,"0005800000","0078200000","0005384300","0064611600",NA,"0008600000","5384300","73211600"
1010079112,"01",1,"5162","7523",1,"8",6,"0005700000","0071400000","0005052000","0060624000",NA,"0003000000","5052000","63624000"
1010019197,"01",1,"9152","9249",3,"8",7,"0003300000","0044600000","0003146000","0037752000",NA,"0005000000","3146000","42752000"
1010055069,"01",1,"7221","2892",3,"8",6,"0005760000","0059600000","0005760000","0059600000",NA,NA,"5760000","59600000"
1010043116,"03",1,"5220","5232",3,"10",7,"0001500000","0018000000","0001500000","0018000000",NA,NA,"1500000","18000000"
1010075148,"04",1,"0112","7522",1,"8",6,"0001000000","0012000000","0000910000","0010920000",NA,NA,"910000","10920000"
1010075141,"01",1,"5169","1110",1,"8",5,"0009000000","0111000000","0007995000","0095940000",NA,"0003000000","7995000","98940000"
1010111160,"03",1,"3211","8511",1,"10",6,"0003500000","0044500000","0003336667","0040040000",NA,"0002500000","3336667","42540000"
1010091103,"01",1,"9314","4521",3,"10",4,"0003500000","0042000000","0003500000","0042000000",NA,NA,"3500000","42000000"
1010111159,"01",1,"7418","1546",3,"10",6,"0002300000","0029100000","0002192667","0026312000",NA,"0001500000","2192667","27812000"
1010079117,"01",1,"7233","4522",3,"10",7,"0005000000","0067400000","0004701600","0056419200",NA,"0007400000","4701600","63819200"
1010067119,"04",1,"5220","3610",3,"5",3,"0000500000","0006000000","0000500000","0006000000",NA,NA,"500000","6000000"
1010055056,"01",1,"9314","4521",3,"8",3,"0003000000","0018000000","0003000000","0018000000",NA,NA,"3000000","18000000"
1010115112,"03",1,"2320","8021",1,"6",5,"0003000000","0006000000","0002730000","0005460000",NA,NA,"2730000","5460000"
1010055066,"02",2,"7345","2222",3,NA,NA,"0","0004000000","0","0004000000",NA,NA,"0","4000000"
1010015170,"01",1,"9152","7511",3,"9",7,"0005500000","0072000000","0005128300","0061539600",NA,"0006000000","5128300","67539600"
1010063150,"02",1,"3429","5129",3,"9",6,"0004800000","0057600000","0004800000","0057600000",NA,NA,"4800000","57600000"
1010063151,"01",2,"5220","5522",3,NA,NA,"0","0007000000","0","0007000000",NA,NA,"0","7000000"
1010087056,"01",1,"9314","4521",3,"8",2,"0000500000","0006000000","0000500000","0006000000",NA,NA,"500000","6000000"
1010087056,"01",2,"8277","1547",3,NA,NA,"0","0015500000","0","0014300000",NA,"0000500000","0","14800000"
1010007111,"03",1,"3134","7494",3,"7",2,"0000500000","0005000000","0000500000","0005000000",NA,NA,"500000","5000000"
1010007111,"03",1,"3475","8021",3,"4",5,"0002000000","0018000000","0002000000","0018000000",NA,NA,"2000000","18000000"
1010007111,"04",1,"3475","7512",1,"6",2,"0001500000","0016000000","0001430000","0015253333",NA,NA,"1430000","15253333"
1010111163,"01",1,"9132","5222",3,"9",6,"0002600000","0032200000","0002600000","0031200000",NA,"0001000000","2600000","32200000"
1010111163,"02",2,"7431","1711",3,NA,NA,"0","0012800000","0","0012202667",NA,NA,"0","12202667"
1010039171,"03",1,"7141","4540",3,"7",6,"0001700000","0020400000","0001700000","0020400000",NA,NA,"1700000","20400000"
1010051006,"02",1,"2320","8022",1,"6",4,"0005000000","0064500000","0004487000","0055386000",NA,"0003000000","4487000","58386000"
1010015174,"01",1,"7221","2892",3,"8",7,"0002400000","0028800000","0002400000","0028800000",NA,NA,"2400000","28800000"
1010091106,"01",1,"9314","4521",3,"10",4,"0003000000","0036000000","0003000000","0036000000",NA,NA,"3000000","36000000"
1010055059,"01",1,"7221","2892",3,"8",6,"0002000000","0024000000","0002000000","0024000000",NA,NA,"2000000","24000000"
1010103102,"01",1,"2213","7513",1,"8",6,"0005000000","0061500000","0004485000","0053820000",NA,"0001500000","4485000","55320000"
1010099015,"01",1,"9333","5234",3,"10",6,"0002200000","0028400000","0002097333","0025168000",NA,"0002000000","2097333","27168000"
1010059161,"01",1,"7327","2611",3,"8",6,"0009000000","0120000000","0008115000","0097380000",NA,"0012000000","8115000","109380000"
1010075141,"02",1,"2320","8021",1,"6",4,"0004900000","0061800000","0004404000","0052848000",NA,"0003000000","4404000","55848000"
1010003059,"01",1,"2222","8513",1,"8",6,"0008900000","0109800000","0007644000","0091728000",NA,"0003000000","7644000","94728000"
1010003059,"02",1,"2230","8513",1,"8",6,"0006700000","0083400000","0005862000","0070344000",NA,"0003000000","5862000","73344000"
1010107101,"01",1,"5162","6303",3,"9",6,"0003300000","0040100000","0003300000","0039600000",NA,"0000500000","3300000","40100000"
1010023003,"03",1,"2142","7513",1,"8",6,"0007000000","0087000000","0006408300","0076899600",NA,"0003000000","6408300","79899600"
1010023007,"05",1,"5220","5050",3,"12",7,"0002500000","0030000000","0002383000","0028596000",NA,NA,"2383000","28596000"
1010023010,"01",1,"3222","8513",1,"8",6,"0006000000","0075000000","0005309850","0063718200",NA,"0003000000","5309850","66718200"
1010007107,"01",1,"8324","7513",1,"9",6,"0002500000","0032500000","0002383333","0028600000",NA,"0003000000","2383333","31600000"
1010007107,"03",1,"0112","7522",1,"8",6,"0000300000","0003000000","0000273000","0002457000",NA,"0000300000","273000","2757000"
1010015163,"01",1,"5220","5221",3,"12",6,"0002800000","0034600000","0002800000","0033600000",NA,"0001000000","2800000","34600000"
1010115108,"01",1,"8324","6023",3,"11",6,"0003000000","0036000000","0003000000","0036000000",NA,NA,"3000000","36000000"
1010095113,"01",1,"9132","5232",3,"10",6,"0002400000","0031800000","0002288000","0027456000",NA,"0003000000","2288000","30456000"
1010015162,"01",1,"5130","9500",3,"8",6,"0001500000","0015000000","0001500000","0015000000",NA,NA,"1500000","15000000"
1010023006,"03",1,"7218","5020",3,"10",7,"0004500000","0054000000","0004500000","0054000000",NA,NA,"4500000","54000000"
1010023006,"04",1,"7221","2892",3,"8",6,"0003000000","0036000000","0003000000","0036000000",NA,NA,"3000000","36000000"
1010027059,"01",1,"0112","7523",1,"12",6,"0005100000","0062700000","0004566000","0053577000",NA,"0003000000","4566000","56577000"
1010095107,"01",1,"4190","8532",1,"8",6,"0004500000","0056500000","0004277500","0051330000",NA,"0003000000","4277500","54330000"
1010031101,"01",1,"2145","4522",3,"9",6,"0027000000","0331000000","0024315000","0291780000",NA,"0007000000","24315000","298780000"
1010031101,"02",1,"2411","1600",3,"8",6,"0006000000","0074500000","0005697000","0068304000",NA,"0002500000","5697000","70804000"
1010027056,"01",1,"9314","4521",3,"8",3,"0001200000","0020700000","0001200000","0020700000",NA,NA,"1200000","20700000"
1010011113,"01",1,"9314","4521",3,"8",6,"0003000000","0039000000","0003000000","0039000000",NA,NA,"3000000","39000000"
1010083307,"02",1,"9141","9305",3,"9",7,"0003000000","0035000000","0003000000","0035000000",NA,NA,"3000000","35000000"
1010019194,"01",1,"2142","4521",3,"3",2,"0000500000","0006000000","0000500000","0006000000",NA,NA,"500000","6000000"
1010019190,"03",1,"4143","6411",3,"8",6,"0003200000","0043400000","0003050670","0036608040",NA,"0005000000","3050670","41608040"
1010027061,"01",1,"5220","5234",3,"9",6,"0003000000","0039000000","0002860000","0034320000",NA,"0003000000","2860000","37320000"
1010083296,"03",1,"9314","4521",3,"8",4,"0002000000","0027500000","0002000000","0027500000",NA,NA,"2000000","27500000"
1010083296,"04",1,"9314","4521",3,"8",1,"0000400000","0012000000","0000400000","0012000000",NA,NA,"400000","12000000"
1010011113,"03",2,"9314","4521",3,NA,NA,"0","0001200000","0","0001200000",NA,NA,"0","1200000"
1010011116,"01",1,"9160","7511",3,"10",7,"0008075000","0101300000","0007325660","0087907920",NA,"0004400000","7325660","92307920"
1010067114,"01",1,"1429","8511",3,"12",7,"0005500000","0069000000","0005385000","0064620000",NA,"0003000000","5385000","67620000"
1010067114,"03",1,"8282","2930",3,"8",7,"0003500000","0047000000","0003336670","0040040040",NA,"0005000000","3336670","45040040"
1010067123,"02",1,"8279","1600",3,"8",6,"0003700000","0050400000","0003527330","0042327960",NA,"0006000000","3527330","48327960"
1010067123,"03",2,"4211","5521",3,NA,NA,"0","0002600000","0","0002600000",NA,NA,"0","2600000"
1010067120,"02",1,"4212","6513",3,"10",6,"0004500000","0056200000","0004275000","0051838670",NA,"0003000000","4275000","54838670"
1010019203,"02",1,"2331","8012",1,"6",6,"0004300000","0053400000","0003913000","0045864000",NA,"0003000000","3913000","48864000"
1010043110,"02",1,"5130","9500",3,"12",7,"0001500000","0018000000","0001500000","0018000000",NA,NA,"1500000","18000000"
1010011120,"01",1,"7126","4521",3,"8",4,"0005000000","0060000000","0005000000","0060000000",NA,NA,"5000000","60000000"
1010011120,"03",1,"7132","4521",3,"8",3,"0003000000","0036000000","0003000000","0036000000",NA,NA,"3000000","36000000"
1010011120,"04",1,"9314","4521",3,"8",3,"0002000000","0024000000","0002000000","0024000000",NA,NA,"2000000","24000000"
1010059152,"02",1,"4222","8515",3,"7",7,"0003100000","0040200000","0002955300","0035463600",NA,"0003000000","2955300","38463600"
1010047155,"01",1,"8324","5129",3,"12",6,"0003800000","0049900000","0003622670","0042614000",NA,"0005200000","3622670","47814000"
1010047159,"01",1,"8282","2930",3,"8",6,"0003600000","0048100000","0003432000","0040612000",NA,"0005500000","3432000","46112000"
1010071094,"01",1,"7133","4540",3,"10",4,"0002000000","0030000000","0002000000","0030000000",NA,NA,"2000000","30000000"
1010071099,"01",1,"4115","7511",1,"8",7,"0007000000","0085800000","0006408330","0075876000",NA,"0003000000","6408330","78876000"
1010071104,"01",1,"8322","9213",1,"12",7,"0005200000","0064500000","0004872330","0057700000",NA,"0003000000","4872330","60700000"
1010071104,"03",1,"5220","5232",3,"10",7,"0001500000","0009000000","0001500000","0009000000",NA,NA,"1500000","9000000"
1010004059,"01",1,"1429","8021",3,"6",6,"0003500000","0042000000","0003500000","0042000000",NA,NA,"3500000","42000000"
1010028007,"01",2,"9211","0111",3,NA,NA,"0","0006000000","0","0006000000",NA,NA,"0","6000000"
1010112221,"04",1,"8324","6023",3,"8",6,"0004000000","0028000000","0004000000","0028000000",NA,NA,"4000000","28000000"
1010112214,"01",1,"7233","1547",3,"8",6,"0002800000","0036600000","0002669333","0032032000",NA,"0003000000","2669333","35032000"
1010028013,"01",1,"7327","2611",3,"12",7,"0006450000","0082700000","0005939000","0070500000",NA,"0006200000","5939000","76700000"
1010076013,"01",1,"3416","9211",3,"3",3,"0002500000","0030000000","0002500000","0030000000",NA,NA,"2500000","30000000"
1010076013,"01",1,"3416","9213",1,"8",6,"0002500000","0030000000","0002500000","0030000000",NA,NA,"2500000","30000000"
1010084110,"02",1,"1429","8022",1,"8",6,"0010180000","0087180000","0006107500","0073290000","0003180000","0003180000","9287500","76470000"
1010116346,"01",1,"9314","4521",3,"9",2,"0000800000","0028800000","0000800000","0028800000",NA,NA,"800000","28800000"
1010104203,"01",1,"5123","6512",1,"8",6,"0004800000","0075600000","0004325500","0051883500",NA,"0018000000","4325500","69883500"
1010008004,"03",1,"3113","2710",3,"8",7,"0006000000","0078000000","0005557500","0066670000",NA,"0006000000","5557500","72670000"
1010084107,"01",2,"0112","7522",1,NA,NA,"0000350000","0004200000","0000318500","0003822000",NA,NA,"318500","3822000"
1010084110,"01",1,"4190","8513",1,"8",6,"0010680000","0093180000","0006512500","0078150000","0003180000","0003180000","9692500","81330000"
1010096004,"01",2,"9211","0111",3,NA,NA,"0","0004000000","0","0004000000",NA,NA,"0","4000000"
1010116341,"01",1,"9314","4521",3,"8",4,"0002400000","0030000000","0002400000","0030000000",NA,NA,"2400000","30000000"
1010116341,"06",2,"7417","1545",3,NA,NA,"0","0004800000","0","0004800000",NA,NA,"0","4800000"
1010080354,"01",1,"7123","4521",3,"5",3,"0001250000","0015000000","0001250000","0015000000",NA,NA,"1250000","15000000"
1010056172,"01",1,"8281","2812",3,"10",6,"0005000000","0070000000","0004704500","0056433666",NA,"0010000000","4704500","66433666"
1010044008,"01",1,"2490","6512",1,"8",6,"0007500000","0093000000","0006512500","0078150000",NA,"0003000000","6512500","81150000"
1010032183,"01",1,"1410","7530",1,"8",6,"0019000000","0231000000","0014943600","0179323200","0002000000","0027000000","16943600","206323200"
1010040060,"01",1,"3429","1520",3,"12",6,"0005000000","0064300000","0004704500","0056410000",NA,"0004300000","4704500","60710000"
1010056171,"01",1,"7233","2722",3,"10",6,"0003000000","0037000000","0002860000","0034320000",NA,"0001000000","2860000","35320000"
1010092010,"01",1,"3435","1515",3,"8",6,"0004800000","0065600000","0004533500","0054379500",NA,"0008000000","4533500","62379500"
1010092010,"02",1,"2320","8021",1,"4",6,"0004700000","0023500000","0004244500","0021222500",NA,NA,"4244500","21222500"
1010020013,"01",1,"2320","8021",1,"6",4,"0005800000","0072600000","0005135000","0061620000",NA,"0003000000","5135000","64620000"
1010020013,"02",1,"2320","8021",1,"6",4,"0004900000","0061800000","0004406000","0052872000",NA,"0003000000","4406000","55872000"
1010040055,"01",1,"2320","8022",1,"4",6,"0005300000","0066600000","0004960500","0059482000",NA,"0003000000","4960500","62482000"
1010092008,"01",1,"7224","2892",3,"8",6,"0003000000","0036000000","0002860000","0034320000",NA,NA,"2860000","34320000"
1010016052,"03",2,"3432","7411",3,NA,NA,"0","0003000000","0","0003000000",NA,NA,"0","3000000"
1010064055,"01",1,"9333","9305",3,"8",7,"0006000000","0066000000","0006000000","0066000000",NA,NA,"6000000","66000000"
1010028004,"01",1,"8322","7513",1,"8",6,"0004300000","0054000000","0004099330","0048620000",NA,"0003000000","4099330","51620000"
1010004062,"03",1,"1429","8021",1,"6",6,"0006500000","0080400000","0005700000","0067914000",NA,"0003000000","5700000","70914000"
1010040050,"01",1,"2320","8022",1,"6",6,"0005600000","0077000000","0004973500","0065150000",NA,"0003000000","4973500","68150000"
1010092003,"04",1,"9132","9302",3,"8",6,"0","0","0","0",NA,NA,"0","0"
1010028002,"01",1,"9152","0126",3,"8",6,"0003000000","0039000000","0002860000","0034320000",NA,"0003000000","2860000","37320000"
1010028002,"03",1,"9314","4521",3,"8",3,"0001800000","0016200000","0001800000","0016200000",NA,NA,"1800000","16200000"
1010096008,"01",1,"3115","4532",3,"5",2,"0000500000","0006000000","0000500000","0006000000",NA,NA,"500000","6000000"
1010100110,"01",1,"9141","8012",1,"2",6,"0000450000","0004050000","0000450000","0004050000",NA,NA,"450000","4050000"
1010100110,"01",1,"7437","1723",3,"4",6,"0004500000","0057000000","0004277500","0051330000",NA,"0003000000","4277500","54330000"
1010028011,"01",1,"9211","0126",3,"12",7,"0003030000","0042360000","0002888600","0034663200",NA,"0006000000","2888600","40663200"
1010064061,"04",1,"5220","5222",3,"10",7,"0001000000","0002000000","0001000000","0002000000",NA,NA,"1000000","2000000"
1010112219,"01",1,"3115","7511",1,"10",6,"0005500000","0069000000","0005130833","0061570000",NA,"0003000000","5130833","64570000"
1010076011,"02",1,"5220","5232",3,"10",6,"0000800000","0009600000","0000800000","0009600000",NA,NA,"800000","9600000"
1010016052,"01",1,"9152","6302",3,"2",6,"0002000000","0024000000","0002000000","0024000000",NA,NA,"2000000","24000000"
1010004067,"01",1,"9333","9305",3,"10",7,"0003600000","0043200000","0003600000","0043200000",NA,NA,"3600000","43200000"
1010076009,"02",1,"5130","8517",3,"8",6,"0001000000","0012100000","0001000000","0012000000",NA,"0000100000","1000000","12100000"
1010076009,"03",1,"7231","5020",3,"10",6,"0000600000","0003000000","0000600000","0003000000",NA,NA,"600000","3000000"
1010100102,"02",1,"9314","4521",3,"8",6,"0000300000","0011000000","0000300000","0011000000",NA,NA,"300000","11000000"
1010064053,"01",1,"4141","6512",3,"8",6,"0003000000","0042000000","0002860000","0034320000",NA,"0006000000","2860000","40320000"
1010032173,"01",1,"5111","5512",3,"9",7,"0003000000","0039000000","0002860000","0034320000",NA,"0003000000","2860000","37320000"
1010032173,"02",2,"5123","5521",3,NA,NA,"0","0002000000","0","0002000000",NA,NA,"0","2000000"
1010044015,"02",1,"7422","2022",3,"5",6,"0001500000","0018000000","0001500000","0018000000",NA,NA,"1500000","18000000"
1010080350,"02",1,"2320","8090",3,"4",6,"0003500000","0042000000","0003336600","0040039200",NA,NA,"3336600","40039200"
1010020007,"01",1,"2320","8021",1,"5",6,"0006000000","0075000000","0005297500","0063547500",NA,"0003000000","5297500","66547500"
1010020007,"03",2,"2331","8012",1,NA,NA,"0001800000","0005500000","0001800000","0005400000",NA,"0000100000","1800000","5500000"
1010020007,"04",1,"0112","7522",1,"8",6,"0003000000","0039000000","0002860000","0034320000",NA,"0003000000","2860000","37320000"
1010020004,"01",1,"9314","4521",3,"10",4,"0001600000","0019200000","0001600000","0019200000",NA,NA,"1600000","19200000"
1010056167,"01",1,"7222","2320",3,"8",6,"0003030000","0046955000","0002888600","0034277100",NA,"0011000000","2888600","45277100"
1010056163,"01",1,"9314","4521",3,"10",6,"0002500000","0030000000","0002500000","0030000000",NA,NA,"2500000","30000000"
1010052006,"01",1,"9314","4521",3,"10",6,"0003000000","0036000000","0003000000","0036000000",NA,NA,"3000000","36000000"
1010052002,"01",1,"8155","2320",3,"8",6,"0003000000","0038500000","0002860000","0034320000",NA,"0002500000","2860000","36820000"
1010108052,"03",1,"0112","7522",1,"8",6,"0000300000","0003800000","0000273000","0003276000",NA,"0000200000","273000","3476000"
1010068059,"01",1,"4190","7512",1,"8",6,"0005000000","0063000000","0004487500","0053827500",NA,"0003000000","4487500","56827500"
1010068067,"04",1,"2148","7421",3,"6",5,"0002000000","0024000000","0002000000","0024000000",NA,NA,"2000000","24000000"
1010080348,"01",1,"7123","4521",3,"8",2,"0001200000","0014400000","0001200000","0014400000",NA,NA,"1200000","14400000"
1010080358,"01",1,"7245","4010",1,"12",6,"0007500000","0096000000","0006837000","0082044000",NA,"0006000000","6837000","88044000"
1010048100,"01",2,"9314","4521",3,NA,NA,"0002500000","0015000000","0002500000","0015000000",NA,NA,"2500000","15000000"
1010044004,"01",1,"4121","4100",1,"8",6,"0009360000","0084780000","0005945000","0071340000","0003180000","0003180000","9125000","74520000"
1010044004,"03",2,"0112","7522",1,NA,NA,"0","0002400000","0","0002184000",NA,NA,"0","2184000"
1010116351,"01",1,"9211","0111",3,"8",5,"0003000000","0036000000","0003000000","0036000000",NA,NA,"3000000","36000000"
1010116351,"04",1,"9314","4521",3,"8",6,"0002400000","0028800000","0002400000","0028800000",NA,NA,"2400000","28800000"
1010024163,"01",1,"9314","4521",3,"9",4,"0002250000","0027000000","0002250000","0027000000",NA,NA,"2250000","27000000"
1010024168,"01",1,"9131","7493",3,"6",4,"0001600000","0012800000","0001600000","0012800000",NA,NA,"1600000","12800000"
1010048110,"01",1,"0112","7522",1,"8",6,"0011180000","0099180000","0006917500","0083010000","0003180000","0003180000","10097500","86190000"
1010108061,"01",1,"9211","0111",3,"5",3,"0002000000","0011000000","0002000000","0011000000",NA,NA,"2000000","11000000"
1010108061,"03",1,"9211","0111",3,"6",4,"0001700000","0012000000","0001700000","0012000000",NA,NA,"1700000","12000000"
1010108061,"04",2,"9211","0111",3,NA,NA,"0","0004500000","0","0004500000",NA,NA,"0","4500000"
1010060110,"02",1,"9314","4521",3,"10",4,"0002000000","0024000000","0002000000","0024000000",NA,NA,"2000000","24000000"
1010044011,"01",1,"1429","8090",1,"8",6,"0006000000","0072000000","0006000000","0072000000",NA,NA,"6000000","72000000"
1010108060,"01",1,"9211","0111",3,"8",2,"0001600000","0009600000","0001600000","0009600000",NA,NA,"1600000","9600000"
1010108060,"01",2,"9314","4521",3,NA,NA,"0","0007200000","0","0007200000",NA,NA,"0","7200000"
1010072059,"03",1,"5220","5232",3,"10",6,"0000700000","0001400000","0000700000","0001400000",NA,NA,"700000","1400000"
1010072059,"03",2,"0112","7522",1,NA,NA,"0","0002000000","0","0002000000",NA,NA,"0","2000000"
1010036108,"01",1,"2211","8031",1,"5",3,"0006000000","0087000000","0005297000","0063564000",NA,"0015000000","5297000","78564000"
1010036108,"02",1,"3222","8513",1,"8",6,"0010680000","0093180000","0006512000","0078144000","0003180000","0003180000","9692000","81324000"
1010108057,"01",2,"9211","0111",3,NA,NA,"0","0012000000","0","0012000000",NA,NA,"0","12000000"
1010108057,"03",1,"7218","3610",3,"10",6,"0002000000","0024000000","0002000000","0024000000",NA,NA,"2000000","24000000"
1010048098,"01",1,"2411","4100",1,"12",6,"0011180000","0099180000","0006917500","0083010000","0003180000","0003180000","10097500","86190000"
1010048098,"03",1,"2320","8021",1,"4",5,"0003000000","0025000000","0002000000","0024000000","0001000000","0001000000","3000000","25000000"
1010036110,"01",1,"2320","8021",1,"8",6,"0010480000","0110780000","0006350000","0076200000","0003180000","0023180000","9530000","99380000"
1010036110,"02",1,"2320","8021",1,"8",4,"0008680000","0069180000","0004892000","0058704000","0003180000","0003180000","8072000","61884000"
1010032170,"02",1,"2443","7511",1,"8",6,"0004300000","0054300000","0004099330","0048906000",NA,"0003000000","4099330","51906000"
1010020010,"01",1,"3231","8517",1,"8",6,"0006000000","0075000000","0005557500","0066690000",NA,"0003000000","5557500","69690000"
1010044011,"01",1,"2310","8031",1,"3",2,"0023180000","0243180000","0007727000","0092724000","0014180000","0135180000","21907000","227904000"
1010036103,"01",1,"3114","6421",1,"9",6,"0006000000","0075180000","0005297500","0063570000",NA,"0003180000","5297500","66750000"
1010036104,"01",1,"9211","0126",3,"10",7,"0007300000","0054600000","0004099300","0049191600","0003000000","0003000000","7099300","52191600"
1010012005,"01",1,"1427","7513",1,"12",6,"0010680000","0093180000","0006512500","0078150000","0003180000","0003180000","9692500","81330000"
1010084105,"01",1,"1427","7511",1,"10",6,"0011180000","0099180000","0006917500","0083010000","0003180000","0003180000","10097500","86190000"
1010084117,"01",1,"1410","8513",1,"7",6,"0011180000","0099180000","0006917500","0083010000","0003180000","0003180000","10097500","86190000"
1010016056,"01",1,"9152","7492",3,"12",7,"0001500000","0018000000","0001500000","0018000000",NA,NA,"1500000","18000000"
1010104212,"01",1,"7133","4540",3,"8",5,"0004000000","0048000000","0004000000","0048000000",NA,NA,"4000000","48000000"
1010084117,"02",1,"2320","8021",3,"6",4,"0008180000","0063180000","0004487500","0053850000","0003180000","0003180000","7667500","57030000"
1010096015,"01",2,"9314","4521",3,NA,NA,"0","0004500000","0","0004500000",NA,NA,"0","4500000"
1010012013,"01",1,"7126","4521",3,"10",2,"0002400000","0028800000","0002400000","0028800000",NA,NA,"2400000","28800000"
1010012013,"03",1,"7126","4521",3,"10",4,"0003200000","0038400000","0003200000","0038400000",NA,NA,"3200000","38400000"
1010104214,"05",1,"5141","9302",3,"10",7,"0001800000","0021600000","0001800000","0021600000",NA,NA,"1800000","21600000"
1010012003,"01",1,"9152","7492",3,"12",7,"0011200000","0057400000","0004004000","0048048000","0007000000","0007000000","11004000","55048000"
1010012013,"04",1,"7126","4521",3,"10",4,"0003200000","0038400000","0003200000","0038400000",NA,NA,"3200000","38400000"
1020049002,"01",1,"5122","4522",3,"14",7,"0004750000","0058568800","0004344800","0049921750",NA,"0003660000","4344800","53581750"
1020001001,"01",1,"8322","6022",3,"10",6,"0003000000","0036000000","0003000000","0036000000",NA,NA,"3000000","36000000"
1020001011,"01",1,"9314","4521",3,"8",5,"0003500000","0042000000","0003500000","0042000000",NA,NA,"3500000","42000000"
1020049012,"01",2,"8322","6022",3,NA,NA,"0","0028500000","0","0028500000","0","0","0","28500000"
1020053260,"01",1,"3221","8511",1,"8",6,"0003915451","0047227500","0003719678","0042016125",NA,"0003000000","3719678","45016125"
1020053260,"03",1,"5220","5222",2,"9",6,"0002815700","0034915024","0002674915","0030794272",NA,"0002500000","2674915","33294272"
1020053265,"03",1,"5220","5522",3,"10",6,"0000800000","0009600000","0000800000","0009600000",NA,NA,"800000","9600000"
1020109220,"01",1,"8322","8532",1,"9",6,"0004850000","0058726500","0004437750","0050988360",NA,"0003000000","4437750","53988360"
1020113154,"01",1,"8331","4522",3,"8",5,"0004000000","0048000000","0004000000","0048000000",NA,NA,"4000000","48000000"
1020113154,"03",1,"9314","4521",3,"8",4,"0001600000","0019200000","0001600000","0019200000",NA,NA,"1600000","19200000"
1020113164,"01",1,"9141","5141",3,"8",6,"0003806711","0046523072","0003616375","0042011928",NA,"0002300000","3616375","44311928"
1020065004,"01",1,"5123","7421",3,"8",6,"0002850600","0035015012","0002707500","0031364261",NA,"0002000000","2707500","33364261"
1020065011,"02",1,"9314","4521",3,"8",3,"0000960000","0011520000","0000960000","0011520000",NA,NA,"960000","11520000"
1020061062,"03",1,"5220","5222",3,"9",6,"0002000000","0002000000","0002000000","0002000000",NA,NA,"2000000","2000000"
1020065008,"01",1,"9314","4521",3,"8",5,"0003000000","0036000000","0003000000","0036000000",NA,NA,"3000000","36000000"
1020065008,"02",1,"9131","7493",3,"8",3,"0001440000","0017280000","0001440000","0017280000",NA,NA,"1440000","17280000"
1020065014,"01",1,"9314","4521",3,"8",5,"0003000000","0036000000","0003000000","0036000000",NA,NA,"3000000","36000000"
1020065014,"03",1,"9314","4522",3,"8",6,"0003905760","0047183180","0003671414","0042472189",NA,"0002000000","3671414","44472189"
1020085112,"01",1,"5220","5232",3,"8",6,"0002000000","0024000000","0002000000","0024000000",NA,NA,"2000000","24000000"
1020081064,"01",1,"7111","1010",3,"8",6,"0003850900","0045523048","0003657500","0040871896",NA,"0002500000","3657500","43371896"
1020081057,"01",1,"5123","2926",3,"8",6,"0004251900","0054304224","0003937500","0044939012",NA,"0006000000","3937500","50939012"
1020081057,"03",1,"9314","4521",3,"8",4,"0002080000","0018720000","0002080000","0018720000",NA,NA,"2080000","18720000"
1020081061,"01",1,"3475","9241",3,"6",5,"0001000000","0012000000","0001000000","0012000000",NA,NA,"1000000","12000000"
1020081061,"02",1,"2149","2926",3,"8",6,"0004025680","0048625824","0003729396","0043344522",NA,"0003000000","3729396","46344522"
1020021055,"01",1,"9314","4521",3,"8",5,"0003000000","0036000000","0003000000","0036000000",NA,NA,"3000000","36000000"
1020021069,"01",1,"7231","5010",3,"8",6,"0004752000","0060024000","0004530240","0054362880",NA,"0003000000","4530240","57362880"
1020041160,"01",2,"7126","4521",3,NA,NA,"0","0052500000","0","0052500000","0","0","0","52500000"
1020041160,"03",1,"9314","4521",3,"12",6,"0003750000","0033750000","0003750000","0033750000",NA,NA,"3750000","33750000"
1020041165,"03",1,"8267","1711",3,"9",6,"0002650000","0034800000","0002650000","0031800000",NA,"0003000000","2650000","34800000"
1020041170,"03",1,"2320","8090",3,"8",5,"0001100000","0009900000","0001100000","0009900000",NA,NA,"1100000","9900000"
1020097004,"01",1,"3416","7512",1,"8",6,"0005000000","0054500000","0004140000","0049680000",NA,"0003000000","4140000","52680000"
1020097014,"01",1,"9314","4521",1,"8",5,"0003000000","0036000000","0003000000","0036000000",NA,NA,"3000000","36000000"
1020105062,"02",1,"2310","8032",3,"6",4,"0000500000","0006000000","0000500000","0006000000",NA,NA,"500000","6000000"
1020045061,"01",1,"9152","9305",3,"5",5,"0002712500","0033666580","0002481930","0028517370",NA,"0002500000","2481930","31017370"
1020017207,"01",1,"2411","4010",1,"8",6,"0008687720","0107252640","0007964280","0095571360",NA,"0003000000","7964280","98571360"
1020017207,"02",1,"2230","8511",1,"8",6,"0004760000","0057120000","0004000000","0048000000",NA,"0003000000","4000000","51000000"
1020017218,"01",1,"2429","7411",3,"8",6,"0004350772","0052209264","0004000000","0048000000",NA,"0003000000","4000000","51000000"
1020045063,"01",1,"7126","4521",3,"12",6,"0007000000","0077000000","0007000000","0077000000",NA,NA,"7000000","77000000"
1020045052,"02",1,"2331","8012",1,"6",6,"0003650000","0045438500","0003339750","0038373720",NA,"0003500000","3339750","41873720"
1020061057,"01",1,"1100","7513",1,"8",6,"0008704620","0100650264","0007639680","0084042242",NA,"0004500000","7639680","88542242"
1020105063,"01",1,"2320","8021",1,"8",6,"0007269500","0088026552","0006651592","0076426792",NA,"0004500000","6651592","80926792"
1020105063,"02",1,"2310","8031",3,"8",4,"0002500000","0022500000","0002500000","0022500000",NA,NA,"2500000","22500000"
1020009166,"01",1,"8232","2691",3,"8",6,"0003345000","0045140000","0003110850","0037330200",NA,"0005000000","3110850","42330200"
1020009171,"03",1,"5220","5232",3,"8",4,"0001000000","0012000000","0001000000","0012000000",NA,NA,"1000000","12000000"
1020009172,"01",1,"5220","5234",3,"6",6,"0001000000","0012000000","0001000000","0012000000",NA,NA,"1000000","12000000"
1020101002,"01",1,"7126","4521",3,"8",5,"0004000000","0048000000","0004000000","0048000000",NA,NA,"4000000","48000000"
1020101004,"01",1,"9314","4521",3,"8",6,"0003750000","0043125000","0003750000","0043125000",NA,NA,"3750000","43125000"
1020101008,"01",1,"9314","4521",3,"8",6,"0003750000","0045000000","0003750000","0045000000",NA,NA,"3750000","45000000"
1020101010,"01",1,"9314","4521",3,"8",6,"0003500000","0042000000","0003500000","0042000000",NA,NA,"3500000","42000000"
1020101014,"01",1,"9314","4521",3,"8",6,"0003200000","0038400000","0003200000","0038400000",NA,NA,"3200000","38400000"
1020049008,"01",1,"3475","9241",3,"11",6,"0003500000","0042000000","0003500000","0042000000",NA,NA,"3500000","42000000"
1020041157,"01",1,"7123","4521",3,"12",6,"0006250000","0075000000","0006250000","0075000000",NA,NA,"6250000","75000000"
1020073003,"01",1,"2320","8021",1,"6",4,"0008072411","0099750300","0007072520","0086404773",NA,"0004800000","7072520","91204773"
1020073009,"02",1,"5111","6010",1,"10",6,"0003209740","0039150144","0003049253","0034342636",NA,"0003000000","3049253","37342636"
1020073009,"04",2,"9314","4521",3,NA,NA,"0","0003500000","0","0003500000","0","0","0","3500000"
1020073015,"01",1,"4113","7512",1,"8",6,"0005405629","0066311872","0004827550","0056703803",NA,"0004000000","4827550","60703803"
1020109217,"01",1,"2441","2320",1,"14",6,"0008350000","0103441500","0007640250","0087786470",NA,"0006862500","7640250","94648970"
1020109217,"03",1,"2351","8031",1,"14",6,"0003650000","0044938200","0003339700","0038373150",NA,"0003000000","3339700","41373150"
1020109217,"04",1,"2320","8021",3,"6",5,"0001500000","0013500000","0001500000","0013500000",NA,NA,"1500000","13500000"
1020013256,"03",1,"9333","5129",3,"8",6,"0003035000","0039420000","0002895000","0034740000",NA,"0003000000","2895000","37740000"
1020037002,"01",1,"9314","4521",3,"8",5,"0002400000","0028800000","0002400000","0028800000",NA,NA,"2400000","28800000"
1020037002,"03",1,"9314","4521",3,"8",3,"0001440000","0005760000","0001440000","0005760000",NA,NA,"1440000","5760000"
1020037005,"01",1,"9314","4521",3,"8",5,"0001560000","0023400000","0001560000","0023400000",NA,NA,"1560000","23400000"
1020037008,"01",1,"9314","4521",3,"8",4,"0002240000","0026880000","0002240000","0026880000",NA,NA,"2240000","26880000"
1020037008,"02",2,"9211","0111",3,NA,NA,"0","0003500000","0","0003500000","0","0","0","3500000"
1020037008,"03",1,"9211","0111",3,"8",4,"0001000000","0004800000","0001000000","0004800000",NA,NA,"1000000","4800000"
1020037010,"02",2,"6111","0111",3,NA,NA,"0","0005400000","0","0005400000","0","0","0","5400000"
1020037010,"03",1,"9314","4521",3,"8",3,"0001440000","0017280000","0001440000","0017280000",NA,NA,"1440000","17280000"
1020037013,"01",1,"9314","4521",3,"8",6,"0003120000","0037440000","0003120000","0037440000",NA,NA,"3120000","37440000"
1020037013,"04",2,"9211","0111",3,NA,NA,"0","0003500000","0","0003500000","0","0","0","3500000"
1020013258,"03",1,"0112","7522",1,"8",6,"0000300000","0003600000","0000300000","0003600000",NA,NA,"300000","3600000"
1020005010,"01",1,"7231","5040",3,"8",6,"0003000000","0036000000","0003000000","0036000000",NA,NA,"3000000","36000000"
1020005005,"01",1,"2331","8012",3,"4",6,"0002000000","0029000000","0002000000","0024000000",NA,"0005000000","2000000","29000000"
1020005005,"03",1,"2411","0140",3,"8",6,"0002500000","0032000000","0002500000","0030000000",NA,"0002000000","2500000","32000000"
1020029121,"01",1,"0112","7522",1,"8",6,"0008090000","0086330000","0006420000","0077040000","0001250000","0004250000","7670000","81290000"
1020029117,"01",1,"9132","5233",3,"10",6,"0002000000","0028000000","0002000000","0024000000",NA,"0004000000","2000000","28000000"
1020033255,"01",1,"9211","0124",3,"7",7,"0001300000","0015600000","0001300000","0015600000",NA,NA,"1300000","15600000"
1020033255,"02",1,"9211","0124",3,"5",7,"0001000000","0012000000","0001000000","0012000000",NA,NA,"1000000","12000000"
1020057187,"01",1,"9211","0112",3,"8",4,"0002400000","0028800000","0002400000","0028800000",NA,NA,"2400000","28800000"
1020057190,"03",1,"9152","4010",1,"8",6,"0003205719","0009617157","0003205719","0009617157",NA,NA,"3205719","9617157"
1020057195,"01",1,"9211","0112",3,"8",4,"0002240000","0026880000","0002240000","0026880000",NA,NA,"2240000","26880000"
1020057198,"03",1,"7123","4521",3,"8",5,"0002400000","0028800000","0002400000","0028800000",NA,NA,"2400000","28800000"
1020057191,"01",1,"8322","2421",3,"9",6,"0003851900","0044015180","0003659305","0039914421",NA,"0002000000","3659305","41914421"
1020093156,"01",1,"2411","7491",3,"11",6,"0005620000","0069073800","0005142300","0059085000",NA,"0004117500","5142300","63202500"
1020089051,"01",1,"8324","7511",1,"8",6,"0004955000","0067460000","0004608150","0055297800",NA,"0008000000","4608150","63297800"
1020089051,"01",2,"9314","4521",3,NA,NA,"0","0015000000","0","0015000000","0","0","0","15000000"
1020089060,"02",1,"4190","7513",3,"8",6,"0002885000","0037620000","0002683050","0032196600",NA,"0003000000","2683050","35196600"
1020053259,"03",1,"4222","8514",3,"5",5,"0001195510","0014346120","0001195510","0014346120",NA,NA,"1195510","14346120"
1020077012,"03",2,"3118","9112",3,NA,NA,"0","0051753600","0","0039988200","0","0008500000","0","48488200"
1020077012,"04",2,"4113","7421",3,NA,NA,"0","0029153400","0","0027512928","0","0","0","27512928"
1020077012,"05",2,"3429","5128",3,NA,NA,"0","0003000000","0","0003000000","0","0","0","3000000"
1020077014,"02",1,"9131","9500",3,"5",6,"0000800000","0009600000","0000800000","0009600000","0","0","800000","9600000"
1020093150,"01",1,"1427","6603",1,"9",6,"0012953200","0156332220","0011852170","0136181430",NA,"0006862500","11852170","143043930"
1020093150,"01",2,"2310","8031",3,NA,NA,"0","0012500000","0","0012500000","0","0","0","12500000"
1020093150,"02",1,"2320","8021",3,"5",6,"0002550000","0024450000","0002550000","0022950000",NA,"0001500000","2550000","24450000"
1020114144,"01",2,"7241","4522",3,NA,NA,"0","0059856800","0","0048821000","0","0005947000","0","54768000"
1020114148,"02",1,"7422","3610",3,"12",6,"0000350000","0003500000","0000350000","0003500000",NA,NA,"350000","3500000"
1020026213,"02",1,"1429","8021",3,"8",6,"0002300000","0027600000","0002300000","0027600000",NA,NA,"2300000","27600000"
1020070101,"01",1,"4223","6421",3,"12",6,"0006500000","0080685000","0005947500","0068336700",NA,"0005490000","5947500","73826700"
1020070104,"04",2,"0112","7522",1,NA,NA,"0","0003080000","0","0003080000","0","0","0","3080000"
1020070107,"02",1,"2331","8012",1,"8",6,"0004250000","0052382500","0003888750","0044681700",NA,"0003550000","3888750","48231700"
1020078066,"02",1,"1410","8532",1,"4",3,"0000500000","0006000000","0000500000","0006000000",NA,NA,"500000","6000000"
1020062104,"01",1,"4134","7511",1,"8",6,"0004975200","0059430612","0004726250","0053609081",NA,"0003000000","4726250","56609081"
1020078062,"03",1,"5220","5232",3,"8",6,"0002500000","0030000000","0002500000","0030000000",NA,NA,"2500000","30000000"
1020082098,"01",1,"7111","1429",3,"8",6,"0004376900","0052138240","0004157200","0047156324",NA,"0002500000","4157200","49656324"
1020082103,"01",1,"7111","1429",3,"8",6,"0004251900","0050801800","0004038450","0045886710",NA,"0002500000","4038450","48386710"
1020090239,"03",1,"7137","4532",3,"8",5,"0004500000","0054000000","0004500000","0054000000",NA,NA,"4500000","54000000"
1020090244,"01",1,"7123","4521",3,"8",6,"0004500000","0054000000","0004500000","0054000000",NA,NA,"4500000","54000000"
1020050005,"01",1,"4134","8022",1,"8",6,"0004300000","0052907000","0003934500","0045207400",NA,"0003500000","3934500","48707400"
1020014328,"04",2,"1429","8021",1,NA,NA,"0","0019500000","0","0016500000","0","0003000000","0","19500000"
1020038005,"02",1,"5169","8031",1,"8",6,"0005509720","0075198400","0005091050","0064123480",NA,"0006000000","5091050","70123480"
1020050003,"01",1,"1429","8012",1,"7",6,"0008150000","0097343500","0007457250","0085693800",NA,"0003700000","7457250","89393800"
1020050003,"02",1,"2331","8012",1,"6",6,"0005170000","0062648200","0004704700","0053915800",NA,"0003400000","4704700","57315800"
1020074065,"01",1,"7231","2010",3,"8",6,"0005215350","0064150504","0004812082","0055517978",NA,"0004000000","4812082","59517978"
1020054349,"02",1,"2411","3800",3,"7",6,"0004205700","0051030144","0003992565","0045478636",NA,"0003000000","3992565","48478636"
1020030057,"01",1,"5220","5222",3,"10",6,"0003000000","0042000000","0003000000","0036000000",NA,"0006000000","3000000","42000000"
1020078056,"01",1,"9211","6302",3,"9",6,"0004500000","0054000000","0004500000","0054000000",NA,NA,"4500000","54000000"
1020086115,"01",1,"7418","1546",3,"10",6,"0005623500","0067830300","0005286100","0060940482",NA,"0003000000","5286100","63940482"
1020030057,"02",1,"4212","8031",1,"8",6,"0004932250","0059187000","0004525000","0054300000",NA,"0003000000","4525000","57300000"
1020022215,"01",1,"9314","4521",3,"8",4,"0001500000","0018000000","0001500000","0018000000",NA,NA,"1500000","18000000"
1020058172,"01",1,"5220","5233",3,"6",5,"0001500000","0018000000","0001500000","0018000000",NA,NA,"1500000","18000000"
1020066050,"05",2,"9211","0112",3,NA,NA,"0","0006000000","0","0006000000","0","0","0","6000000"
1020066053,"01",1,"9314","4521",3,"8",3,"0001800000","0021600000","0001800000","0021600000",NA,NA,"1800000","21600000"
1020094212,"01",1,"0112","7522",1,"8",6,"0006420000","0077040000","0005928870","0071146440",NA,"0003000000","5928870","74146440"
1020094215,"01",1,"5220","5238",3,"10",6,"0005000000","0065000000","0005000000","0060000000",NA,"0005000000","5000000","65000000"
1020094219,"01",1,"7417","1545",3,"10",6,"0005000000","0065000000","0005000000","0060000000",NA,"0005000000","5000000","65000000"
1020038010,"01",1,"9160","9002",1,"8",6,"0005291700","0063138240","0004974198","0056529946",NA,"0003000000","4974198","59529946"
1020038002,"01",1,"7221","2811",3,"7",6,"0001000000","0002000000","0001000000","0002000000",NA,NA,"1000000","2000000"
1020038002,"01",2,"9152","6303",3,NA,NA,"0","0014100000","0","0012600000","0","0001500000","0","14100000"
1020034062,"01",1,"3435","7530",1,"10",6,"0008905620","0107030120","0008174750","0094078614",NA,"0005000000","8174750","99078614"
1020034062,"02",1,"2331","8090",3,"4",4,"0000750000","0009000000","0000750000","0009000000",NA,NA,"750000","9000000"
1020014328,"06",1,"2411","5219",3,"8",6,"0001000000","0013500000","0001000000","0012000000",NA,"0001500000","1000000","13500000"
1020034064,"02",2,"9211","0126",3,NA,NA,"0","0037626500","0","0034557705","0","0002000000","0","36557705"
1020034064,"03",2,"9211","0126",3,NA,NA,"0","0017000000","0","0015000000","0","0002000000","0","17000000"
1020090233,"01",1,"8324","6023",3,"8",6,"0005500000","0068000000","0005243334","0062920008",NA,"0002000000","5243334","64920008"
1020114140,"01",1,"4223","6421",1,"12",6,"0007000000","0083900000","0006405000","0073593450","0","0003500000","6405000","77093450"
1020114140,"03",1,"4212","6592",3,"12",6,"0003850000","0047236500","0003522750","0040476390","0","0003000000","3522750","43476390"
1020114140,"04",2,"7241","4522",3,NA,NA,"0","0075000000","0","0075000000","0","0","0","75000000"
1020018112,"01",1,"7212","2892",3,"10",6,"0003755000","0051060000","0003667500","0044010000",NA,"0006000000","3667500","50010000"
1020010211,"02",1,"2320","8021",1,"6",6,"0005112943","0064355316","0004652778","0055833336",NA,"0003000000","4652778","58833336"
1020010219,"03",1,"2146","1520",3,"8",6,"0005952500","0079430000","0005674717","0068096604",NA,"0008000000","5674717","76096604"
1020042157,"01",1,"0112","7523",1,"10",6,"0007550000","0088449500","0006908250","0079375500",NA,"0003500000","6908250","82875500"
1020110198,"01",1,"0112","7522",1,"10",6,"0009250000","0109782500","0008463750","0097248400",NA,"0003500000","8463750","100748400"
1020110203,"03",1,"9211","0111",3,"12",4,"0002250000","0004500000","0002250000","0004500000",NA,NA,"2250000","4500000"
1020110206,"01",1,"7123","4521",3,"12",6,"0005500000","0066000000","0005500000","0066000000",NA,NA,"5500000","66000000"
1020110210,"01",1,"7126","4521",3,"12",5,"0004400000","0035200000","0004400000","0035200000",NA,NA,"4400000","35200000"
1020002212,"01",1,"5122","5521",3,"8",5,"0003500000","0045500000","0003500000","0042000000","0","0003500000","3500000","45500000"
1020002217,"01",1,"2320","8021",1,"6",5,"0004975000","0059700000","0004436420","0056237040","0","0003000000","4436420","59237040"
1020002217,"02",1,"2331","8021",1,"6",6,"0003255000","0045060000","0003103100","0040237200","0","0003000000","3103100","43237200"
1020106054,"01",1,"9211","0124",3,"10",7,"0002000000","0024000000","0002000000","0024000000",NA,NA,"2000000","24000000"
1020106054,"03",1,"9314","4521",3,"10",3,"0001800000","0021600000","0001800000","0021600000",NA,NA,"1800000","21600000"
1020106060,"01",1,"9152","7511",1,"14",6,"0006500000","0081185000","0005947500","0068336700",NA,"0005947500","5947500","74284200"
1020102101,"04",1,"3231","8513",1,"8",6,"0003981600","0044767864","0003781950","0040154471",NA,"0002500000","3781950","42654471"
1020102108,"01",1,"1427","7511",1,"8",6,"0005305420","0065150624","0004850149","0059613092",NA,"0005000000","4850149","64613092"
1020042171,"01",1,"9152","7492",3,"14",6,"0003750000","0047587500","0003431250","0039425060",NA,"0004117500","3431250","43542560"
1020042160,"01",1,"2142","7511",1,"12",6,"0003750000","0046087500","0003431250","0039425060",NA,"0003000000","3431250","42425060"
1020042160,"02",1,"2320","8021",1,"8",6,"0004557000","0055859900","0004169650","0047909300",NA,"0003500000","4169650","51409300"
1020102098,"03",2,"9333","6303",3,NA,NA,"0","0023400000","0","0023400000","0","0","0","23400000"
1020106061,"01",1,"9314","4521",3,"10",5,"0004500000","0027000000","0004500000","0027000000",NA,NA,"4500000","27000000"
1020007159,"01",1,"7311","3311",3,"8",6,"0004785000","0060420000","0004561700","0054740400",NA,"0003000000","4561700","57740400"
1020035111,"01",1,"9160","7511",1,"8",6,"0004115720","0050742240","0003950400","0045832550",NA,"0003000000","3950400","48832550"
1020007152,"02",1,"2320","8021",1,"8",6,"0005345000","0067140000","0004863950","0058367400",NA,"0003000000","4863950","61367400"
1020035107,"01",1,"9160","7511",1,"8",6,"0003905120","0048211000","0003748805","0043882560",NA,"0002500000","3748805","46382560"
1020035112,"01",1,"9314","4521",3,"8",5,"0003000000","0036000000","0003000000","0036000000",NA,NA,"3000000","36000000"
1020035112,"05",1,"9132","5020",3,"9",6,"0000600000","0007200000","0000600000","0007200000",NA,NA,"600000","7200000"
1020099011,"01",1,"9152","9305",3,"6",7,"0002500000","0030000000","0002500000","0030000000",NA,NA,"2500000","30000000"
1020099011,"01",1,"5220","5222",3,"10",7,"0002000000","0024000000","0002000000","0024000000","0","0","2000000","24000000"
1020019201,"01",1,"9314","4521",3,"10",7,"0002750000","0033000000","0002750000","0033000000",NA,NA,"2750000","33000000"
1020075198,"03",1,"4190","4521",3,"10",6,"0003472000","0010416000","0003176880","0009530640",NA,NA,"3176880","9530640"
1020075210,"01",1,"9211","0111",3,"8",6,"0005000000","0060000000","0005000000","0060000000",NA,NA,"5000000","60000000"
1020079149,"04",1,"0112","7522",1,"8",6,"0000350000","0004200000","0000350000","0004200000",NA,NA,"350000","4200000"
1020079152,"01",1,"7417","1545",3,"7",6,"0002970700","0035390144","0002822165","0031720636",NA,"0002000000","2822165","33720636"
1020107211,"02",1,"9314","4521",3,"10",6,"0003000000","0027000000","0003000000","0027000000",NA,NA,"3000000","27000000"
1020115160,"01",2,"6155","0501",2,NA,NA,"0","0018000000","0","0018000000","0","0","0","18000000"
1020115160,"03",1,"3152","2520",3,"12",6,"0002950000","0037395500","0002699250","0031014380",NA,"0003202500","2699250","34216880"
1020063164,"04",1,"2142","4522",3,"8",6,"0005154255","0025771275","0004896542","0024482711","0","0","4896542","24482711"
1020063170,"01",2,"1427","6421",1,NA,NA,"0","0033075423","0","0030620898","0","0","0","30620898"
1020063174,"01",2,"1421","9800",3,NA,NA,"0","0240000000","0","0240000000","0","0","0","240000000"
1020031150,"01",1,"0112","7522",1,"8",6,"0005988420","0074861040","0005253000","0063036000",NA,"0003000000","5253000","66036000"
1020083001,"01",1,"9314","4521",3,"8",5,"0003000000","0036000000","0003000000","0036000000",NA,NA,"3000000","36000000"
1020019209,"01",1,"5220","5231",1,"10",6,"0001500000","0018000000","0001500000","0018000000",NA,NA,"1500000","18000000"
1020083004,"03",1,"2131","7512",1,"8",6,"0","0","0","0","0","0","0","0"
1020083009,"01",1,"2331","7512",1,"7",6,"0008054900","0095701440","0004325500","0084358310","0003000000","0003000000","7325500","87358310"
1020083012,"01",1,"8322","6022",3,"6",5,"0001400000","0009800000","0001400000","0009800000",NA,NA,"1400000","9800000"
1020023145,"03",1,"9314","4521",3,"8",5,"0003000000","0036000000","0003000000","0036000000",NA,NA,"3000000","36000000"
1020023148,"01",1,"9132","7020",1,"10",6,"0003000000","0039000000","0003000000","0036000000",NA,"0003000000","3000000","39000000"
1020115163,"01",1,"2331","8012",1,"6",6,"0007650000","0091398500","0006999750","0080427130",NA,"0003500000","6999750","83927130"
1020107218,"04",1,"0112","7522",1,"14",7,"0000220000","0002640000","0000220000","0002640000",NA,NA,"220000","2640000"
1020063166,"01",1,"3431","7513",1,"8",6,"0006891254","0085225344","0006546450","0075264076",NA,"0006000000","6546450","81264076"
1020063166,"02",1,"1429","8012",1,"8",6,"0006705280","0081025488","0006101804","0071003194",NA,"0003000000","6101804","74003194"
1020067103,"01",1,"1427","6592",3,"9",6,"0006251800","0075149340","0005876692","0067820379",NA,"0003000000","5876692","70820379"
1020067108,"01",1,"5122","8031",1,"8",6,"0005809720","0069253740","0005519234","0062941053",NA,"0003000000","5519234","65941053"
1020067111,"01",1,"9314","4521",3,"8",5,"0002800000","0033600000","0002800000","0033600000",NA,NA,"2800000","33600000"
1020095061,"01",1,"8322","8031",1,"8",7,"0006658000","0082896000","0006135200","0073622400",NA,"0003000000","6135200","76622400"
1020091052,"01",1,"9152","9305",3,"12",7,"0001200000","0014400000","0001200000","0014400000",NA,NA,"1200000","14400000"
1020091059,"01",1,"5220","5222",3,"12",7,"0003000000","0036000000","0003000000","0036000000",NA,NA,"3000000","36000000"
1020091059,"03",1,"7124","2022",3,"14",6,"0003500000","0042000000","0003500000","0042000000",NA,NA,"3500000","42000000"
1020091063,"03",1,"2320","8021",1,"8",6,"0002700000","0008100000","0002470500","0007411500",NA,NA,"2470500","7411500"
1020091063,"03",2,"2320","8021",3,NA,NA,"0","0018900000","0","0018900000","0","0","0","18900000"
1020091066,"01",1,"8322","6021",3,"12",6,"0003600000","0041364000","0003294000","0037848000",NA,NA,"3294000","37848000"
1020095064,"01",1,"2310","8031",1,"8",6,"0025550000","0309600000","0025320050","0303840600",NA,"0003000000","25320050","306840600"
1020095064,"03",1,"4190","8031",1,"8",6,"0004000000","0051000000","0003640000","0043680000",NA,"0003000000","3640000","46680000"
1020095066,"03",1,"4190","8021",1,"8",6,"0003597000","0046164000","0003300000","0039600000",NA,"0003000000","3300000","42600000"
1020071004,"01",1,"9333","6023",3,"8",7,"0003600000","0043200000","0003600000","0043200000",NA,NA,"3600000","43200000"
1020039060,"01",1,"9314","4521",3,"8",2,"0000960000","0011520000","0000960000","0011520000",NA,NA,"960000","11520000"
1020003059,"01",1,"4212","6512",1,"8",6,"0004795000","0060540000","0004363450","0052361400",NA,"0003000000","4363450","55361400"
1020003059,"02",1,"3231","8511",1,"8",6,"0003270000","0042240000","0003117400","0037408800",NA,"0003000000","3117400","40408800"
1020039054,"02",2,"9211","0111",3,NA,NA,"0","0014000000","0","0014000000","0","0","0","14000000"
1020039054,"03",2,"9314","4521",3,NA,NA,"0","0005000000","0","0005000000","0","0","0","5000000"
1020039054,"04",2,"9314","4521",3,NA,NA,"0","0005000000","0","0005000000","0","0","0","5000000"
1020039067,"01",1,"9314","4521",3,"8",4,"0002080000","0024960000","0002080000","0024960000",NA,NA,"2080000","24960000"
1020071002,"01",1,"9314","4521",3,"10",5,"0003000000","0024000000","0003000000","0024000000",NA,NA,"3000000","24000000"
1020071008,"01",1,"8161","0201",3,"8",6,"0005425000","0065933220","0004963870","0057034890",NA,"0003294000","4963870","60328890"
1020111106,"01",1,"8331","0111",3,"9",5,"0003400000","0040800000","0003400000","0040800000",NA,NA,"3400000","40800000"
1020003057,"01",1,"3221","8511",1,"8",6,"0009855000","0123260000","0008968050","0107616600",NA,"0005000000","8968050","112616600"
1020003057,"02",1,"2320","8021",1,"6",6,"0001500000","0020000000","0001500000","0018000000",NA,"0002000000","1500000","20000000"
1020003063,"01",1,"3416","5129",3,"8",6,"0006500000","0078000000","0006500000","0078000000",NA,NA,"6500000","78000000"
1020003066,"01",1,"5220","6302",3,"10",6,"0003850000","0046200000","0003670334","0044044008",NA,NA,"3670334","44044008"
1020003067,"01",1,"4214","7020",3,"6",6,"0003500000","0042000000","0003500000","0042000000",NA,NA,"3500000","42000000"
1020015054,"01",1,"2320","8021",1,"6",4,"0006515500","0081186000","0005929105","0071149260",NA,"0003000000","5929105","74149260"
1020015054,"02",1,"2331","8012",1,"8",6,"0007534250","0099411000","0006856167","0082274004",NA,"0009000000","6856167","91274004"
1020015062,"01",1,"5220","5231",3,"8",5,"0003875000","0049500000","0003694167","0044330004",NA,"0003000000","3694167","47330004"
1020027055,"01",1,"7222","2930",3,"10",6,"0007200000","0093400000","0006864000","0082368000",NA,"0007000000","6864000","89368000"
1020111108,"03",1,"0112","7522",1,"8",6,"0000310000","0003720000","0000310000","0003720000",NA,NA,"310000","3720000"
1020043217,"01",1,"1429","8021",1,"6",6,"0008150000","0097343500","0007457250","0085683800",NA,"0003600000","7457250","89283800"
1020043220,"02",1,"2320","8021",1,"6",6,"0006000000","0071940000","0005490000","0063080100",NA,"0003000000","5490000","66080100"
1020043224,"01",1,"9152","7492",3,"15",7,"0003250000","0039000000","0003250000","0039000000",NA,NA,"3250000","39000000"
1020043226,"01",1,"9152","7492",3,"18",7,"0003500000","0042000000","0003500000","0042000000",NA,NA,"3500000","42000000"
1020051057,"01",1,"9211","0111",3,"14",6,"0003840000","0034560000","0003840000","0034560000",NA,NA,"3840000","34560000"
1020011193,"01",1,"2213","7513",1,"7",6,"0006435000","0080220000","0005874340","0070492080",NA,"0003000000","5874340","73492080"
1020011194,"01",1,"9314","4521",3,"8",4,"0002550000","0030600000","0002550000","0030600000",NA,NA,"2550000","30600000"
1020011194,"03",1,"2230","8511",1,"8",6,"0004457500","0056490000","0004203734","0050444808",NA,"0003000000","4203734","53444808"
1020051057,"02",1,"9211","0111",3,"14",6,"0003840000","0034560000","0003840000","0034560000",NA,NA,"3840000","34560000"
1020051057,"03",1,"9314","4521",3,"14",6,"0003840000","0034560000","0003840000","0034560000",NA,NA,"3840000","34560000"
1020051057,"04",1,"9314","4521",3,"14",6,"0003840000","0034560000","0003840000","0034560000",NA,NA,"3840000","34560000"
1020051057,"05",1,"9314","4521",3,"14",6,"0003840000","0034560000","0003840000","0034560000",NA,NA,"3840000","34560000"
1020051066,"01",1,"9314","4521",3,"12",6,"0004000000","0036000000","0004000000","0036000000",NA,NA,"4000000","36000000"
1020051066,"02",1,"9314","4521",3,"12",6,"0004000000","0036000000","0004000000","0036000000",NA,NA,"4000000","36000000"
1020051066,"03",1,"9314","4521",3,"12",6,"0003200000","0028800000","0003200000","0028800000",NA,NA,"3200000","28800000"
1020055199,"01",1,"2142","8031",3,"8",6,"0007159800","0088830756","0006730212","0077860910",NA,"0006000000","6730212","83860910"
1020055202,"01",1,"9132","5521",3,"7",7,"0004751900","0057850264","0004560960","0053136253",NA,"0002500000","4560960","55636253"
1020055207,"01",1,"7437","1721",3,"8",6,"0002500000","0030000000","0002500000","0030000000",NA,NA,"2500000","30000000"
1020055207,"02",1,"7437","1721",3,"8",6,"0002347500","0025848000","0002229650","0024555600",NA,NA,"2229650","24555600"
1020103060,"01",1,"9314","4521",3,"8",4,"0002080000","0024960000","0002080000","0024960000",NA,NA,"2080000","24960000"
1020103051,"01",1,"7222","4522",3,"9",6,"0004305910","0053230168","0004089750","0046768659",NA,"0004000000","4089750","50768659"
1020047061,"01",1,"2331","8012",1,"6",6,"0006781250","0080570690","0006204840","0070947780",NA,"0003000000","6204840","73947780"
1020087094,"01",1,"7417","1545",3,"8",7,"0002850000","0033746500","0002607750","0029963040",NA,"0001000000","2607750","30963040"
1020087100,"01",1,"8324","6023",3,"10",5,"0004000000","0024000000","0004000000","0024000000",NA,NA,"4000000","24000000"
1020087100,"01",2,"7222","2899",3,NA,NA,"0","0017100000","0","0017100000","0","0","0","17100000"
1020087104,"01",1,"9131","8021",1,"8",6,"0004300000","0054600000","0004300000","0051600000",NA,"0003000000","4300000","54600000"
1020087106,"01",1,"8322","6021",3,"12",6,"0002000000","0024000000","0002000000","0024000000",NA,NA,"2000000","24000000"
1020087106,"05",1,"7212","2892",3,"10",6,"0001500000","0018000000","0001500000","0018000000",NA,NA,"1500000","18000000"
1020103065,"02",1,"9314","4521",3,"8",4,"0002080000","0020800000","0002080000","0020800000",NA,NA,"2080000","20800000"
1020059011,"01",1,"4212","6592",3,"8",6,"0004402510","0052875012","0004182384","0047381261",NA,"0003000000","4182384","50381261"
1020059014,"01",1,"9211","0112",3,"8",5,"0003000000","0036000000","0003000000","0036000000",NA,NA,"3000000","36000000"
1020059007,"01",1,"3113","4532",3,"8",6,"0004805610","0058015012","0004564750","0051314261",NA,"0004000000","4564750","55314261"
1020056059,"01",1,"5162","7523",1,"8",6,"0008201214","0108747047","0007545117","0094527284",NA,"0006000000","7545117","100527284"
1020056060,"01",1,"1429","8021",1,"7",6,"0007851900","0095145440","0007222920","0082933805",NA,"0005000000","7222920","87933805"
1020052100,"02",1,"2429","7411",3,"7",6,"0004000000","0048000000","0004000000","0048000000",NA,NA,"4000000","48000000"
1020052105,"01",1,"1427","6512",1,"8",6,"0011851900","0139950132","0010902920","0120474121",NA,"0009000000","10902920","129474121"
1020056064,"01",1,"1424","4522",3,"9",6,"0012625200","0152253692","0011741436","0134155933",NA,"0008000000","11741436","142155933"
1020068102,"01",1,"4134","8532",1,"8",6,"0005212510","0064106940","0005004009","0058662662",NA,"0003000000","5004009","61662662"
1020076065,"01",1,"4212","6512",1,"12",6,"0008500000","0101665000","0007777500","0089363400",NA,"0004000000","7777500","93363400"
1020080014,"01",1,"5220","7513",3,"10",6,"0003200000","0038400000","0003200000","0038400000",NA,NA,"3200000","38400000"
1020080014,"03",1,"5220","7513",3,"6",3,"0001820000","0021840000","0001820000","0021840000",NA,NA,"1820000","21840000"
1020040350,"03",1,"9314","4521",3,"8",3,"0001800000","0021600000","0001800000","0021600000",NA,NA,"1800000","21600000"
1020040350,"04",1,"7211","2710",3,"8",6,"0003252235","0016261175","0003089400","0015448116",NA,NA,"3089400","15448116"
1020040350,"05",1,"9314","4521",3,"8",3,"0001800000","0021600000","0001800000","0021600000",NA,NA,"1800000","21600000"
1020088051,"01",1,"9141","8021",1,"8",6,"0001750000","0021000000","0001750000","0021000000",NA,NA,"1750000","21000000"
1020088051,"03",1,"5130","8517",3,"15",7,"0002000000","0018000000","0002000000","0018000000",NA,NA,"2000000","18000000"
1020112169,"01",1,"9314","4521",3,"10",5,"0003000000","0009000000","0003000000","0009000000",NA,NA,"3000000","9000000"
1020112169,"01",2,"9211","0111",3,NA,NA,"0","0013500000","0","0013500000","0","0","0","13500000"
1020112172,"03",1,"9211","0111",3,"10",5,"0003000000","0018000000","0003000000","0018000000",NA,NA,"3000000","18000000"
1020112172,"03",2,"8331","0111",3,NA,NA,"0","0014000000","0","0014000000","0","0","0","14000000"
1020064110,"01",1,"5220","5231",3,"9",6,"0002825452","0034729840","0002712400","0030940646",NA,"0002500000","2712400","33440646"
1020064109,"03",1,"2310","8031",1,"6",2,"0","0","0","0","0","0","0","0"
1020064101,"01",1,"6155","0502",3,"9",6,"0003915700","0047914568","0003758400","0042637985",NA,"0003500000","3758400","46137985"
1020064104,"01",1,"2320","8021",1,"6",4,"0007052512","0090390480","0006629361","0082147051",NA,"0003000000","6629361","85147051"
1020064115,"03",1,"3118","4100",3,"8",6,"0004125300","0052147012","0003918750","0045739661",NA,"0004000000","3918750","49739661"
1020004117,"01",1,"3231","8513",1,"8",6,"0005300000","0066600000","0004740700","0056888400",NA,"0003000000","4740700","59888400"
1020080003,"02",1,"2320","8021",1,"8",3,"0006201580","0075722580","0005766050","0067166999",NA,"0003500000","5766050","70666999"
1020092165,"01",1,"7221","4521",3,"12",6,"0003797500","0045133260","0003474710","0039924410",NA,"0001500000","3474710","41424410"
1020108159,"03",1,"2320","8021",1,"8",6,"0004350000","0053221500","0003980250","0045733000",NA,"0003180000","3980250","48913000"
1020084185,"03",1,"2310","8090",3,"2",3,"0000500000","0006000000","0000500000","0006000000",NA,NA,"500000","6000000"
1020084185,"04",1,"2310","8031",3,"5",3,"0002000000","0018000000","0002000000","0018000000",NA,NA,"2000000","18000000"
1020084195,"01",1,"9314","4521",3,"8",5,"0003000000","0036000000","0003000000","0036000000",NA,NA,"3000000","36000000"
1020084195,"03",1,"5220","5236",3,"8",6,"0001300000","0015600000","0001300000","0015600000",NA,NA,"1300000","15600000"
1020084195,"04",1,"9314","4540",3,"8",4,"0001600000","0019200000","0001600000","0019200000",NA,NA,"1600000","19200000"
1020076061,"01",1,"3432","7411",3,"11",6,"0005750000","0072067500","0005261250","0060451760",NA,"0005490000","5261250","65941760"
1020076061,"02",1,"2332","8012",1,"6",6,"0005208000","0062947200","0004765320","0054680800",NA,"0003180000","4765320","57860800"
1020088053,"03",1,"3432","7411",3,"12",6,"0003400000","0040266000","0003111000","0035745390",NA,"0001200000","3111000","36945390"
1020088057,"01",1,"2451","9112",3,"12",6,"0004850000","0058200000","0004850000","0058200000",NA,NA,"4850000","58200000"
1020012065,"01",1,"1426","6022",3,"10",6,"0005500000","0066000000","0005500000","0066000000",NA,NA,"5500000","66000000"
1020012057,"01",1,"9314","4521",3,"8",5,"0003150000","0037800000","0003150000","0037800000",NA,NA,"3150000","37800000"
1020012059,"01",1,"9132","5234",3,"8",6,"0008030000","0041360000","0002888600","0034663200","0005000000","0005000000","7888600","39663200"
1020012061,"01",1,"4212","6512",1,"8",6,"0013430000","0126180000","0008300000","0102780000","0003180000","0003180000","11480000","105960000"
1020116060,"01",1,"2411","8031",1,"8",6,"0005553000","0069636000","0005397700","0064772400",NA,"0003000000","5397700","67772400"
1020116057,"01",1,"9314","4521",3,"8",5,"0003000000","0036000000","0003000000","0036000000",NA,NA,"3000000","36000000"
1020096110,"01",1,"9314","4521",3,"8",5,"0003000000","0036000000","0003000000","0036000000",NA,NA,"3000000","36000000"
1020016148,"01",1,"4223","6421",1,"8",6,"0008650000","0106800000","0007268350","0087220200",NA,"0003000000","7268350","90220200"
1020016155,"03",1,"3413","7020",3,"8",6,"0003000000","0039000000","0003000000","0036000000",NA,"0003000000","3000000","39000000"
1020016155,"04",1,"2411","3410",3,"8",6,"0002500000","0032500000","0002500000","0030000000",NA,"0002500000","2500000","32500000"
1020016159,"01",1,"9314","4521",3,"8",5,"0003000000","0036000000","0003000000","0036000000",NA,NA,"3000000","36000000"
1020016161,"01",1,"4115","7511",1,"8",6,"0007500000","0093000000","0007150000","0085800000",NA,"0003000000","7150000","88800000"
1020044101,"01",1,"9314","4521",3,"11",7,"0004500000","0054000000","0004500000","0054000000",NA,NA,"4500000","54000000"
1020096104,"01",1,"9314","4521",3,"8",4,"0002500000","0030000000","0002500000","0030000000",NA,NA,"2500000","30000000"
1020096113,"01",1,"9314","4521",3,"8",5,"0003000000","0036000000","0003000000","0036000000",NA,NA,"3000000","36000000"
1020072144,"01",1,"4141","7511",1,"9",6,"0008137500","0101599800","0007445800","0085552310",NA,"0007411500","7445800","92963810"
1020036104,"01",1,"9152","2925",3,"14",5,"0005262250","0070063200","0004814950","0055323820",NA,"0008784000","4814950","64107820"
1020036109,"04",1,"9314","4521",3,"12",6,"0005000000","0045000000","0005000000","0045000000",NA,NA,"5000000","45000000"
1020036114,"04",1,"2230","8511",1,"8",5,"0006347250","0076109880","0005807730","0066690780",NA,"0003180000","5807730","69870780"
1020044111,"02",1,"4222","8514",3,"8",6,"0000600000","0007500000","0000600000","0007200000",NA,"0000300000","600000","7500000"
1020044115,"02",1,"1429","8021",3,"8",4,"0001500000","0012000000","0001500000","0012000000",NA,NA,"1500000","12000000"
1020072144,"02",1,"2212","7512",1,"8",6,"0006350000","0079461500","0005810250","0066759770",NA,"0005810250","5810250","72570020"
1020072150,"04",1,"8322","3410",3,"12",6,"0003797500","0048633260","0003474710","0039924410",NA,"0004575000","3474710","44499410"
1020036101,"01",1,"2411","6512",1,"10",6,"0006173650","0074115230","0005648800","0064905240",NA,"0003180000","5648800","68085240"
1020020004,"01",1,"9314","4521",3,"8",4,"0002400000","0002880000","0002400000","0002880000",NA,NA,"2400000","2880000"
1020020012,"01",1,"9132","5521",3,"8",6,"0006254000","0042048000","0003254000","0039048000",NA,"0003000000","3254000","42048000"
1020020014,"01",1,"8161","4010",3,"8",6,"0003853000","0052236000","0003673200","0047078400",NA,"0003000000","3673200","50078400"
1020104185,"01",1,"0112","7522",1,"8",6,"0006705198","0083026520","0006168600","0071784398",NA,"0005000000","6168600","76784398"
1020104193,"01",1,"7233","2694",3,"9",6,"0008160711","0100830636","0007752109","0090089104",NA,"0006000000","7752109","96089104"
1020060209,"01",1,"9152","8031",1,"10",7,"0008005211","0061082532","0004583950","0055007405","0003180000","0003180000","7763950","58187405"
1020104194,"01",1,"0112","7522",1,"8",6,"0009251928","0117375200","0008511920","0101085000",NA,"0007500000","8511920","108585000"
1020104194,"02",1,"1429","8021",1,"7",6,"0007382600","0091415012","0006791992","0079501811",NA,"0005000000","6791992","84501811"
1020060201,"01",1,"3435","6010",1,"8",6,"0008681214","0100950252","0005226153","0092881739","0003180000","0003180000","8406153","96061739"
1020100012,"01",1,"9141","9305",3,"8",7,"0003450000","0047400000","0003289000","0039468000",NA,"0006000000","3289000","45468000"
1020060205,"01",1,"7416","1600",1,"8",6,"0009512250","0056039840","0004286637","0048487848","0005000000","0005000000","9286637","53487848"
1020060205,"01",2,"9314","4521",3,NA,NA,"0","0009000000","0","0009000000","0","0","0","9000000"
1020100002,"01",1,"2310","8031",1,"8",6,"0012850000","0169200000","0010924150","0131089800","0","0015000000","10924150","146089800"
1020100002,"02",1,"2320","8021",3,"6",4,"0003500000","0045500000","0003500000","0042000000","0","0003500000","3500000","45500000"
1020100004,"01",1,"2310","8031",1,"8",6,"0008575000","0113900000","0007423250","0089079000",NA,"0011000000","7423250","100079000"
1020012061,"02",1,"3221","8511",1,"8",6,"0013950000","0073900000","0005195667","0062348004","0008500000","0008500000","13695667","70848004"
1020048015,"01",1,"3111","7513",1,"12",6,"0007850000","0097696500","0007182750","0082529790",NA,"0007200000","7182750","89729790"
1020024005,"01",1,"9314","4521",3,"8",6,"0003600000","0043200000","0003600000","0043200000",NA,NA,"3600000","43200000"
1020028170,"01",1,"4113","2412",3,"8",6,"0003600000","0046200000","0003432000","0041184000",NA,"0003000000","3432000","44184000"
1020028158,"01",1,"7417","1545",3,"8",6,"0003500000","0045000000","0003500000","0042000000",NA,"0003000000","3500000","45000000"
1020028160,"01",1,"5122","5521",3,"8",6,"0004000000","0051000000","0004000000","0048000000",NA,"0003000000","4000000","51000000"
1020032161,"01",1,"7126","4521",3,"8",5,"0005000000","0060000000","0005000000","0060000000",NA,NA,"5000000","60000000"
1030061152,"01",1,"7417","1545",3,"8",6,"0002250000","0002900000","0002145000","0025740000","0","0002000000","2145000","27740000"
1030073062,"01",2,"8268","9301",3,NA,NA,"0","0030000000","0","0030000000","0","0","0","30000000"
1030073068,"01",1,"2331","8012",1,"12",6,"0005870370","0073444440","0005000000","0060000000","0","0003000000","5000000","63000000"
1030073058,"01",1,"2331","8012",1,"12",6,"0005870370","0073444440","0005000000","0060000000","0","0003000000","5000000","63000000"
1030037101,"01",1,"2145","8511",1,"12",6,"0006970000","0086640000","0006342700","0076112400","0","0003000000","6342700","79112400"
1030097147,"01",1,"9314","4521",3,"8",6,"0","0010000000","0","0010000000","0","0","0","10000000"
1030073064,"01",1,"9333","5219",3,"8",4,"0001500000","0018000000","0001500000","0018000000","0","0","1500000","18000000"
1030097154,"01",1,"3231","8511",1,"12",6,"0004067900","0051814800","0003540000","0042480000","0","0003000000","3540000","45480000"
1030061142,"03",1,"7501","1724",3,"8",6,"0","0004200000","0","0004200000","0","0","0","4200000"
1030077011,"01",1,"7417","1545",3,"12",6,"0004458984","0053507808","0004050000","0048600000","0","0","4050000","48600000"
1030041118,"01",1,"7215","2911",3,"8",6,"0003810000","0052720000","0003500000","0042000000","0","0007000000","3500000","49000000"
1030077015,"01",1,"7501","1724",3,"8",4,"0001120000","0013440000","0001120000","0013440000","0","0","1120000","13440000"
1030077008,"01",1,"7126","4521",3,"8",3,"0003000000","0031200000","0003000000","0031200000","0","0","3000000","31200000"
1030077008,"03",1,"9314","4521",3,"8",3,"0001560000","0014300000","0001560000","0014300000","0","0","1560000","14300000"
1030077004,"01",2,"9211","0111",3,NA,NA,"0","0003600000","0","0003600000","0","0","0","3600000"
1030077004,"03",1,"9314","4521",3,"10",6,"0003000000","0017400000","0003000000","0017400000","0","0","3000000","17400000"
1030053161,"02",1,"7311","5238",3,"6",7,"0000240000","0001440000","0000240000","0001440000","0","0","240000","1440000"
1030101004,"01",1,"9333","2694",3,"12",6,"0004400390","0058604680","0004000000","0048000000","0","0005800000","4000000","53800000"
1030101013,"02",2,"8251","2520",3,NA,NA,"0","0028769500","0","0027000000","0","0","0","27000000"
1030029116,"01",1,"4142","8021",1,"4",6,"0000900000","0008100000","0000900000","0008100000","0","0","900000","8100000"
1030029122,"01",2,"7245","3430",3,NA,NA,"0","0007400000","0","0007054666","0","0","0","7054666"
1030029118,"01",1,"7211","3430",3,"8",6,"0003500000","0050400000","0003231667","0038780000","0","0008400000","3231667","47180000"
1030101002,"04",2,"5220","5222",3,NA,NA,"0","0010000000","0","0010000000","0","0","0","10000000"
1030101002,"05",1,"9211","0111",3,"8",5,"0003000000","0009000000","0003000000","0009000000","0","0","3000000","9000000"
1030101002,"06",2,"4134","2520",3,NA,NA,"0","0008500000","0","0008500000","0","0","0","8500000"
1030053164,"01",1,"5220","5231",3,"8",6,"0001500000","0018000000","0001500000","0018000000","0","0","1500000","18000000"
1030065050,"01",1,"5123","7498",3,"8",6,"0003200000","0038400000","0002975667","0035708004","0","0","2975667","35708004"
1030065050,"03",1,"8275","1543",3,"8",6,"0008400000","0040800000","0003146334","0037756008","0005000000","0","8146334","37756008"
1030065050,"04",1,"5220","5233",3,"8",6,"0002600000","0031200000","0002600000","0031200000","0","0","2600000","31200000"
1030065050,"05",1,"5220","5233",3,"8",6,"0002400000","0002400000","0002400000","0002400000","0","0","2400000","2400000"
1030005057,"02",1,"7431","1711",3,"3",7,"0000600000","0007200000","0000600000","0007200000","0","0","600000","7200000"
1030005057,"03",1,"5122","5521",3,"8",6,"0000800000","0009600000","0000800000","0009600000","0","0","800000","9600000"
1030005063,"01",1,"3413","7020",3,"5",4,"0000500000","0006000000","0000500000","0006000000","0","0","500000","6000000"
1030113160,"03",1,"2142","4521",2,"3",6,"0000700000","0008400000","0000700000","0008400000","0","0","700000","8400000"
1030113170,"01",1,"2441","7511",1,"10",6,"0005300000","0066600000","0004538000","0054456000","0","0003000000","4538000","57456000"
1030009249,"03",1,"4190","3311",3,"8",6,"0002500000","0024000000","0002500000","0024000000","0","0","2500000","24000000"
1030033060,"03",1,"8132","2520",3,"10",6,"0","0","0","0","0","0","0","0"
1030081294,"01",1,"9152","7511",3,"12",6,"0003580000","0044090000","0003300000","0035640000","0","0005720000","3300000","41360000"
1030081302,"03",1,"9152","1519",3,"8",7,"0003000000","0036000000","0002860000","0034320000","0","0","2860000","34320000"
1030117001,"01",1,"9333","1543",3,"8",6,"0004078125","0055337500","0003725000","0044700000","0","0006400000","3725000","51100000"
1030045151,"03",1,"9132","5238",3,"8",6,"0000200000","0000800000","0000200000","0000800000","0","0","200000","800000"
1030069014,"01",1,"9152","7498",3,"8",6,"0006700000","0083400000","0006137334","0073648000","0","0003000000","6137334","76648000"
1030069014,"03",1,"8272","1555",3,"8",6,"0003130000","0021910000","0002915933","0020411533","0","0","2915933","20411533"
1030069014,"03",2,"3429","5232",3,NA,NA,"0","0009000000","0","0009000000","0","0","0","9000000"
1030069014,"06",1,"5220","1520",3,"8",6,"0003000000","0003000000","0003000000","0003000000","0","0","3000000","3000000"
1030069014,"06",2,"5123","5521",3,NA,NA,"0","0010500000","0","0010500000","0","0","0","10500000"
1030069004,"01",1,"9152","1543",3,"12",6,"0003580078","0044542186","0003300000","0036000000","0","0005800000","3300000","41800000"
1030117004,"01",1,"1427","6512",1,"12",6,"0012043200","0151418400","0009999992","0119999904","0","0006900000","9999992","126899904"
1030117004,"02",1,"2320","8021",1,"12",6,"0005746910","0071962920","0004899998","0058799976","0","0003000000","4899998","61799976"
1030117011,"02",1,"3231","8511",1,"7",6,"0003800000","0048600000","0003247462","0038969544","0","0003000000","3247462","41969544"
1030033054,"02",1,"2331","8021",1,"4",6,"0005000000","0063000000","0004295000","0051540000","0","0003000000","4295000","54540000"
1030033062,"02",1,"2490","7512",1,"7",6,"0005000000","0063000000","0004295000","0051540000","0","0003000000","4295000","54540000"
1030001004,"03",1,"4141","7497",3,"10",6,"0001200000","0014400000","0001200000","0014400000","0","0","1200000","14400000"
1030001001,"01",1,"4134","2699",3,"12",6,"0003500000","0042000000","0003500000","0042000000","0","0","3500000","42000000"
1030033056,"01",1,"2441","7498",3,"8",6,"0003500000","0043000000","0003500000","0042000000","0","0001000000","3500000","43000000"
1030013061,"03",1,"1410","6599",1,"8",6,"0005900000","0026600000","0005528334","0022646667","0","0002000000","5528334","24646667"
1030013061,"04",1,"1427","6599",1,"8",6,"0005900000","0013800000","0005528334","0010823334","0","0002000000","5528334","12823334"
1030013056,"01",1,"8324","6023",3,"12",7,"0004000000","0012000000","0004000000","0012000000","0","0","4000000","12000000"
1030025150,"01",1,"3231","8511",1,"12",6,"0005870370","0073444440","0005000000","0060000000","0","0003000000","5000000","63000000"
1030025150,"03",1,"3231","8511",1,"12",6,"0005056640","0063679680","0004560000","0054720000","0","0003000000","4560000","57720000"
1030025147,"01",1,"5123","7511",3,"12",6,"0005103515","0066242180","0004600000","0055200000","0","0005000000","4600000","60200000"
1030025147,"03",1,"0112","7523",1,"12",6,"0000300000","0001200000","0000273000","0001092000","0","0","273000","1092000"
1030013052,"01",1,"2142","7310",1,"8",6,"0005000000","0063000000","0004461667","0053540000","0","0003000000","4461667","56540000"
1030089219,"01",1,"3449","7523",1,"10",6,"0004170000","0053040000","0003800000","0045600000","0","0003000000","3800000","48600000"
1030017099,"01",1,"7217","2899",3,"10",6,"0004000000","0049000000","0004000000","0048000000","0","0001000000","4000000","49000000"
1030017103,"01",1,"8322","6022",3,"10",6,"0002800000","0033600000","0002800000","0033600000","0","0","2800000","33600000"
1030017105,"01",1,"6113","7421",3,"12",6,"0006158203","0079898436","0005500000","0066000000","0","0006000000","5500000","72000000"
1030017105,"03",2,"4134","6021",3,NA,NA,"0","0026425780","0","0025000000","0","0","0","25000000"
1030017105,"06",1,"7123","4521",3,"12",6,"0003228515","0043742180","0003000000","0036000000","0","0005000000","3000000","41000000"
1030017097,"01",1,"2320","8021",1,"12",6,"0006212462","0077549544","0005277095","0063325140","0","0003000000","5277095","66325140"
1030089215,"01",1,"8332","7511",1,"8",6,"0004986328","0061335936","0004500000","0054000000","0","0001500000","4500000","55500000"
1030089207,"01",1,"0112","7522",1,"10",6,"0005195000","0065340000","0004452950","0053435400","0","0003000000","4452950","56435400"
1030053152,"01",1,"7141","4540",3,"12",6,"0003000000","0024000000","0003000000","0024000000","0","0","3000000","24000000"
1030053152,"03",2,"7222","2930",3,NA,NA,"0","0015600000","0","0015600000","0","0","0","15600000"
1030053152,"04",1,"7501","1724",3,"10",6,"0002000000","0016000000","0002000000","0016000000","0","0","2000000","16000000"
1030053152,"06",1,"7135","5234",3,"10",6,"0002400000","0028800000","0002400000","0028800000","0","0","2400000","28800000"
1030065052,"01",1,"5123","7498",3,"8",4,"0002200000","0028900000","0002097334","0025168008","0","0002500000","2097334","27668008"
1030065061,"01",1,"6113","7421",3,"8",6,"0004400000","0055300000","0004194667","0050336004","0","0002500000","4194667","52836004"
1030065058,"01",1,"7137","4532",3,"8",6,"0","0019371090","0","0018000000","0","0","0","18000000"
1030065058,"01",1,"9314","4521",3,"8",6,"0","0009000000","0","0009000000","0","0","0","9000000"
1030065055,"01",1,"9333","6023",3,"8",3,"0000900000","0010800000","0000900000","0010800000","0","0","900000","10800000"
1030025151,"01",1,"0112","7522",1,"12",6,"0008000000","0099000000","0006725000","0080700000","0","0003000000","6725000","83700000"
1030121247,"01",1,"9152","7513",1,"12",6,"0003771600","0047759200","0003300000","0039600000","0","0002500000","3300000","42100000"
1030121247,"04",2,"0112","7522",1,NA,NA,"0","0000600000","0","0000546000","0","0","0","546000"
1030121240,"01",1,"4142","6411",3,"8",6,"0006744140","0083929680","0006000000","0072000000","0","0003000000","6000000","75000000"
1030085202,"01",2,"8274","1543",3,NA,NA,"0","0051000000","0","0040241667","0","0007000000","0","47241667"
1030085206,"01",2,"7126","4521",3,NA,NA,"0","0009000000","0","0009000000","0","0","0","9000000"
1030049159,"03",1,"7241","2919",3,"8",6,"0000700000","0002100000","0000700000","0002100000","0","0","700000","2100000"
1030049159,"03",2,"9314","4521",3,NA,NA,"0","0005400000","0","0005400000","0","0","0","5400000"
1030049159,"04",1,"7422","3610",3,"8",6,"0002000000","0024000000","0002000000","0024000000","0","0","2000000","24000000"
1030049169,"01",1,"8112","2696",3,"14",6,"0003814453","0048773436","0003500000","0042000000","0","0003000000","3500000","45000000"
1030049169,"03",1,"0112","7522",1,"12",6,"0000400000","0004800000","0000364000","0004368000","0","0","364000","4368000"
1030093195,"01",1,"9314","4521",3,"8",7,"0005400000","0016200000","0005400000","0016200000","0","0","5400000","16200000"
1030093195,"03",1,"9314","4521",3,"8",7,"0003060000","0012060000","0003060000","0012060000","0","0","3060000","12060000"
1030093187,"01",1,"9314","4521",3,"8",3,"0002000000","0010000000","0002000000","0010000000","0","0","2000000","10000000"
1030093198,"01",1,"7123","4521",3,"8",7,"0003000000","0018000000","0003000000","0018000000","0","0","3000000","18000000"
1030093193,"01",1,"5122","5521",3,"8",5,"0003000000","0036000000","0003000000","0036000000","0","0","3000000","36000000"
1030021110,"01",1,"8123","4521",3,"12",4,"0006158203","0036949218","0005500000","0033000000","0","0","5500000","33000000"
1030057185,"01",1,"7501","1724",3,"8",6,"0002994000","0035928000","0002800000","0033600000","0","0","2800000","33600000"
1030057185,"03",1,"5220","5232",3,"10",6,"0002500000","0033200000","0002500000","0030700000","0","0002500000","2500000","33200000"
1030057192,"07",1,"7442","1920",3,"8",6,"0000360000","0000360000","0000360000","0000360000","0","0","360000","360000"
1030057196,"01",1,"9333","9305",3,"10",6,"0003000000","0036000000","0003000000","0036000000","0","0","3000000","36000000"
1030057196,"05",1,"2331","8012",3,"10",4,"0001284000","0011556000","0001224080","0011016720","0","0","1224080","11016720"
1030105002,"01",1,"9152","4020",3,"8",6,"0003890486","0049685832","0003559936","0042719232","0","0003000000","3559936","45719232"
1030105009,"01",1,"1410","4100",1,"10",6,"0008700000","0108400000","0007287000","0087444000","0","0004000000","7287000","91444000"
1030105006,"01",1,"2331","8012",1,"8",6,"0005850000","0073200000","0004978500","0059742000","0","0003000000","4978500","62742000"
1030105006,"02",1,"3213","7513",1,"8",6,"0007359491","0091313892","0006512000","0078144000","0000504491","0003000000","7016491","81144000"
1030053161,"03",1,"5220","5231",3,"10",2,"0000720000","0008640000","0000720000","0008640000","0","0","720000","8640000"
1030002065,"03",1,"9314","4521",3,"8",6,"0","0010000000","0","0010000000","0","0","0","10000000"
1030002065,"03",1,"7433","1810",3,"8",6,"0","0006000000","0","0006000000","0","0","0","6000000"
1030086204,"03",1,"2230","8511",3,"8",4,"0003000000","0036800000","0002805000","0033660000","0","0","2805000","33660000"
1030086195,"01",2,"4223","6421",1,NA,NA,"0","0016000000","0","0014878334","0","0","0","14878334"
1030086195,"03",1,"4223","6421",1,"8",6,"0003200000","0038400000","0003013167","0036158000","0","0","3013167","36158000"
1030086196,"03",2,"7224","2892",3,NA,NA,"0","0066000000","0","0066000000","0","0","0","66000000"
1030110103,"01",1,"9211","0111",3,"8",6,"0005000000","0020000000","0005000000","0020000000","0","0","5000000","20000000"
1030110103,"03",1,"9211","0111",3,"8",6,"0003500000","0010000000","0003500000","0010000000","0","0","3500000","10000000"
1030110098,"03",1,"9314","4521",3,"10",6,"0003000000","0027000000","0003000000","0027000000","0","0","3000000","27000000"
1030110098,"04",1,"9314","4521",3,"10",6,"0002000000","0012000000","0002000000","0012000000","0","0","2000000","12000000"
1030050109,"03",1,"7124","2022",3,"8",6,"0002400000","0016800000","0002400000","0016800000","0","0","2400000","16800000"
1030050109,"03",2,"7137","4532",3,NA,NA,"0","0007500000","0","0007500000","0","0","0","7500000"
1030050105,"01",1,"7243","5260",3,"10",6,"0002500000","0012500000","0001500000","0012500000","0","0","1500000","12500000"
1030062158,"01",1,"9314","4521",3,"8",6,"0004500000","0031500000","0","0","0","0","4500000","31500000"
1030074097,"01",1,"2320","8021",1,"6",6,"0006400000","0076800000","0005429000","0065148000","0","0003000000","5429000","68148000"
1030086199,"01",1,"5220","5222",3,"12",7,"0001500000","0018000000","0001500000","0018000000","0","0","1500000","18000000"
1030062162,"01",2,"7123","4521",3,NA,NA,"0","0013260000","0","0013260000","0","0","0","13260000"
1030074105,"01",1,"9333","6023",3,"8",6,"0000250000","0003000000","0000250000","0003000000","0","0","250000","3000000"
1030074105,"01",1,"9211","0111",3,"8",6,"0001500000","0013500000","0001500000","0013500000","0","0","1500000","13500000"
1030074102,"01",1,"9333","6023",3,"10",6,"0002250000","0016000000","0002250000","0016000000","0","0","2250000","16000000"
1030026193,"01",1,"5123","4521",3,"7",6,"0003930000","0054360000","0003600000","0043200000","0","0007200000","3600000","50400000"
1030098164,"03",1,"5220","5232",3,"8",6,"0000700000","0008400000","0000700000","0008400000","0","0","700000","8400000"
1030098164,"04",1,"5111","5511",3,"8",7,"0000930000","0011160000","0000930000","0011160000","0","0","930000","11160000"
1030098167,"01",1,"7233","4010",3,"8",6,"0007000000","0089000000","0006218334","0074620000","0","0005000000","6218334","79620000"
1030098167,"02",1,"3231","8517",3,"7",6,"0003000000","0039000000","0002710000","0032520000","0","0003000000","2710000","35520000"
1030038012,"01",1,"9314","4521",3,"10",6,"0","0034000000","0","0034000000","0","0","0","34000000"
1030038012,"03",1,"9314","4521",3,"10",6,"0","0034000000","0","0034000000","0","0","0","34000000"
1030038001,"01",1,"2442","7512",1,"8",6,"0006500000","0081000000","0005791667","0069500000","0","0003000000","5791667","72500000"
1030038001,"02",1,"2331","8012",1,"4",6,"0005600000","0067000000","0004966000","0056360000","0","0003000000","4966000","59360000"
1030014002,"02",1,"2331","8012",1,"4",6,"0005300000","0065000000","0004823000","0053000000","0","0003000000","4823000","56000000"
1030122167,"01",1,"3432","7523",1,"8",6,"0004900000","0061800000","0004209000","0050508000","0","0003000000","4209000","53508000"
1030014014,"01",1,"3413","7020",3,"5",6,"0003000000","0036000000","0003000000","0036000000","0","0","3000000","36000000"
1030038015,"01",1,"9152","8031",3,"7",6,"0004500000","0063000000","0004085000","0049020000","0","0009000000","4085000","58020000"
1030038015,"03",1,"7221","2811",3,"8",6,"0002500000","0030500000","0002500000","0030000000","0","0000500000","2500000","30500000"
1030038007,"01",1,"9314","4521",3,"8",4,"0003000000","0018000000","0003000000","0018000000","0","0","3000000","18000000"
1030122174,"01",1,"1410","7513",1,"8",6,"0006200000","0077400000","0005350000","0064200000","0","0003000000","5350000","67200000"
1030122174,"02",1,"1429","8021",1,"8",6,"0004400000","0055800000","0003804000","0045648000","0","0003000000","3804000","48648000"
1030122162,"01",1,"2320","8021",1,"6",4,"0006470000","0080640000","0005480700","0065768400","0","0003000000","5480700","68768400"
1030122162,"02",1,"2331","7512",1,"4",6,"0003150000","0040800000","0002928000","0035136000","0","0003000000","2928000","38136000"
1030122171,"01",1,"9152","7511",1,"12",7,"0005300000","0066600000","0004885000","0058620000","0","0003000000","4885000","61620000"
1030078013,"01",1,"2320","8021",1,"10",6,"0009500000","0117000000","0007940000","0095280000","0","0003000000","7940000","98280000"
1030078013,"02",1,"2320","8021",1,"10",6,"0005000000","0063000000","0004295000","0051540000","0","0003000000","4295000","54540000"
1030090118,"02",1,"9314","4521",3,"10",1,"0000600000","0007200000","0000600000","0007200000","0","0","600000","7200000"
1030090118,"03",1,"5220","5232",3,"10",6,"0000900000","0010800000","0000900000","0010800000","0","0","900000","10800000"
1030066221,"01",1,"7137","4532",3,"10",6,"0002500000","0030000000","0002383333","0028600000","0","0","2383333","28600000"
1030030162,"01",1,"2212","8031",3,"8",6,"0007800000","0098600000","0006901000","0082812000","0","0005000000","6901000","87812000"
1030030162,"02",1,"2320","8021",1,"6",4,"0005300000","0066600000","0004538000","0054456000","0","0003000000","4538000","57456000"
1030066226,"01",1,"2461","8032",1,"8",6,"0001550000","0018600000","0001410500","0016926000","0","0","1410500","16926000"
1030066230,"01",1,"9333","7498",3,"8",6,"0003200000","0042400000","0003200000","0042000000","0","0000400000","3200000","42400000"
1030066223,"01",1,"7141","4540",3,"8",3,"0003000000","0032500000","0003000000","0032500000","0","0","3000000","32500000"
1030114166,"01",1,"9211","0111",3,"8",4,"0001500000","0004500000","0001500000","0004500000","0","0","1500000","4500000"
1030114173,"01",1,"7241","5260",3,"12",6,"0002000000","0031000000","0002000000","0030000000","0","0001000000","2000000","31000000"
1030114173,"04",1,"9314","4521",3,"12",6,"0","0006000000","0","0006000000","0","0","0","6000000"
1030114176,"01",1,"3113","4010",3,"8",6,"0004400390","0056804680","0004000000","0048000000","0","0004000000","4000000","52000000"
1030102055,"01",1,"9314","4521",3,"12",6,"0003000000","0036000000","0003000000","0036000000","0","0","3000000","36000000"
1030066219,"01",1,"9211","4521",3,"8",4,"0003520000","0066000000","0003520000","0066000000","0","0","3520000","66000000"
1030042153,"01",1,"9314","4521",3,"10",5,"0002250000","0018000000","0002250000","0018000000","0","0","2250000","18000000"
1030006011,"01",1,"1410","2697",3,"8",6,"0006000000","0072000000","0005720000","0068640000","0","0","5720000","68640000"
1030042155,"01",2,"7325","2697",3,NA,NA,"0","0042300000","0","0036000000","0","0003000000","0","39000000"
1030042155,"03",2,"0112","7522",1,NA,NA,"0","0001800000","0","0001800000","0","0","0","1800000"
1030006011,"02",1,"5162","6411",3,"8",6,"0003200000","0041400000","0002975667","0035708000","0","0003000000","2975667","38708000"
1030018012,"01",1,"9152","1911",3,"12",6,"0003000000","0039000000","0002805000","0033660000","0","0003000000","2805000","36660000"
1030018003,"01",2,"9314","4521",3,NA,NA,"0","0001500000","0","0001500000","0","0","0","1500000"
1030018004,"05",1,"7501","1724",3,"8",6,"0","0012500000","0","0012500000","0","0","0","12500000"
1030018004,"06",1,"7501","1724",3,"8",4,"0","0004000000","0","0004000000","0","0","0","4000000"
1030018004,"06",1,"7137","4532",3,"7",5,"0","0000900000","0","0000900000","0","0","0","900000"
1030018004,"07",1,"2411","4521",3,"8",6,"0003030000","0015150000","0003030000","0015150000","0","0","3030000","15150000"
1030006006,"01",1,"1100","7511",1,"10",6,"0009000000","0111000000","0008190000","0098280000","0","0003000000","8190000","101280000"
1030006003,"03",1,"4212","6512",3,"8",6,"0005100000","0065200000","0004597000","0055164000","0","0004000000","4597000","59164000"
1030078005,"01",1,"2320","8021",1,"8",6,"0007500000","0093000000","0006200000","0074400000","0","0003000000","6200000","77400000"
1030118205,"01",1,"4113","2696",3,"12",6,"0007500000","0096600000","0006645000","0079740000","0","0006600000","6645000","86340000"
1030034296,"03",1,"3435","6304",3,"8",6,"0001400000","0016800000","0001400000","0016800000","0","0","1400000","16800000"
1030034309,"01",1,"1427","7513",1,"8",6,"0008500000","0105000000","0007315000","0083190000","0","0003000000","7315000","86190000"
1030022115,"01",1,"9132","8511",1,"8",6,"0003500000","0048000000","0003336668","0040040016","0","0006000000","3336668","46040016"
1030118204,"01",1,"2320","8021",1,"5",6,"0005600000","0056900000","0004200000","0050400000","0","0000170000","4200000","50570000"
1030118204,"02",1,"2320","8021",1,"5",6,"0004400000","0054500000","0004000000","0004800000","0","0000170000","4000000","4970000"
1030034301,"01",1,"2412","4010",1,"8",6,"0008000000","0103000000","0007264167","0087170000","0","0007000000","7264167","94170000"
1030106051,"01",1,"9314","4521",3,"9",3,"0002250000","0027000000","0002250000","0027000000","0","0","2250000","27000000"
1030022103,"01",1,"8323","6022",3,"8",6,"0004900000","0064800000","0004608834","0055306008","0","0006000000","4608834","61306008"
1030022111,"01",1,"8134","2698",3,"8",6,"0","0025300000","0","0025000000","0","0000300000","0","25300000"
1030002059,"03",1,"3432","7411",3,"6",6,"0000600000","0007800000","0000600000","0007200000","0","0000600000","600000","7800000"
1030082109,"03",1,"7137","4532",3,"8",4,"0002500000","0030000000","0002500000","0030000000","0","0","2500000","30000000"
1030046105,"01",1,"9314","4521",3,"10",6,"0000600000","0005400000","0000600000","0005400000","0","0","600000","5400000"
1030046105,"02",1,"7431","1711",3,"5",6,"0000450000","0002700000","0000450000","0002700000","0","0","450000","2700000"
1030046105,"03",1,"9314","4521",3,"10",6,"0000600000","0005400000","0000600000","0005400000","0","0","600000","5400000"
1030046105,"08",1,"7431","1711",3,"5",6,"0000450000","0002700000","0000450000","0002700000","0","0","450000","2700000"
1030106061,"01",1,"3439","7498",3,"10",7,"0004774000","0060288000","0004538700","0054464400","0","0003000000","4538700","57464400"
1030106056,"01",1,"5123","5521",3,"14",6,"0003300000","0042600000","0003146000","0037752000","0","0003000000","3146000","40752000"
1030058124,"01",1,"3116","2320",3,"10",6,"0005250000","0069500000","0004725000","0056700000","0","0006500000","4725000","63200000"
1030082103,"01",1,"9314","4521",3,"8",4,"0001200000","0002400000","0001200000","0002400000","0","0","1200000","2400000"
1030094052,"01",1,"8324","6023",3,"8",6,"0004500000","0054000000","0004500000","0054000000","0","0","4500000","54000000"
1030094060,"03",1,"0112","7523",1,"12",6,"0005120000","0064440000","0004614067","0055368804","0","0003000000","4614067","58368804"
1030082111,"03",1,"2213","0123",2,"5",4,"0003000000","0036000000","0002790000","0033480000","0","0","2790000","33480000"
1030106048,"03",1,"7222","2899",3,"5",6,"0002600000","0002600000","0002600000","0002600000","0","0","2600000","2600000"
1030010168,"01",1,"9152","6303",3,"12",6,"0002600000","0033700000","0002478670","0029744040","0","0002500000","2478670","32244040"
1030106054,"01",1,"9314","4521",3,"9",2,"0001500000","0018000000","0001500000","0018000000","0","0","1500000","18000000"
1030058127,"01",1,"7418","1546",3,"10",6,"0003930000","0049660000","0003746600","0044959200","0","0002500000","3746600","47459200"
1030111223,"01",1,"4215","6513",3,"6",6,"0003580000","0045960000","0003300000","0039600000","0","0003000000","3300000","42600000"
1030051056,"01",1,"2320","8022",1,"6",5,"0006318980","0078827760","0005535272","0066423264","0","0003000000","5535272","69423264"
1030051056,"02",1,"2320","8021",1,"6",4,"0005170000","0065040000","0004642200","0055706400","0","0003000000","4642200","58706400"
1030111216,"01",1,"1429","8021",1,"8",6,"0008000000","0099000000","0006917500","0083010000","0","0003000000","6917500","86010000"
1030015008,"01",1,"8275","1543",3,"8",6,"0002100000","0028200000","0002100000","0028200000","0","0","2100000","28200000"
1030051052,"01",1,"8324","6023",3,"12",7,"0006000000","0042000000","0006000000","0042000000","0","0","6000000","42000000"
1030027221,"01",1,"9314","4521",3,"8",4,"0002250000","0013500000","0002250000","0013500000","0","0","2250000","13500000"
1030079008,"04",1,"3475","9241",1,"5",3,"0000600000","0007200000","0000600000","0007200000","0","0","600000","7200000"
1030003066,"01",1,"9152","0113",3,"10",7,"0001800000","0021600000","0001800000","0021600000","0","0","1800000","21600000"
1030003062,"01",1,"9314","4521",3,"9",3,"0003000000","0036000000","0003000000","0036000000","0","0","3000000","36000000"
1030115009,"02",1,"9320","1548",3,"3",4,"0001500000","0006000000","0001500000","0006000000","0","0","1500000","6000000"
1030115015,"01",1,"4212","6592",3,"7",6,"0003300000","0040100000","0001500000","0018000000","0","0000500000","1500000","18500000"
1030079010,"01",1,"9314","4521",3,"10",3,"0","0021600000","0","0021600000","0","0","0","21600000"
1030079010,"03",1,"2411","7498",3,"12",6,"0001654000","0011578000","0001500000","0010500000","0","0","1500000","10500000"
1030079010,"03",2,"4115","7498",3,NA,NA,"0","0004800000","0","0004800000","0","0","0","4800000"
1030019097,"01",1,"7222","2921",3,"12",6,"0004500000","0059000000","0004140000","0049680000","0","0005000000","4140000","54680000"
1030087055,"01",1,"7133","4540",3,"8",4,"0003750000","0018750000","0003750000","0018750000","0","0","3750000","18750000"
1030087058,"01",1,"8324","6023",3,"12",7,"0005000000","0060000000","0005000000","0060000000","0","0","5000000","60000000"
1030003054,"01",1,"7123","4521",3,"8",7,"0003000000","0036000000","0003000000","0036000000","0","0","3000000","36000000"
1030099203,"01",1,"8324","6023",3,"10",7,"0005000000","0060000000","0005000000","0060000000","0","0","5000000","60000000"
1030087066,"01",1,"9211","0111",3,"8",4,"0002550000","0007650000","0002550000","0007650000","0","0","2550000","7650000"
1030039248,"01",1,"3152","2320",3,"8",6,"0005100000","0068200000","0004749500","0056994000","0","0007000000","4749500","63994000"
1030123170,"01",1,"5220","5233",3,"8",6,"0002400000","0012000000","0002400000","0012000000","0","0","2400000","12000000"
1030039253,"03",2,"7141","4540",3,NA,NA,"0","0007500000","0","0007500000","0","0","0","7500000"
1030039253,"04",1,"7212","2919",3,"8",6,"0","0","0","0","0","0","0","0"
1030039253,"04",2,"7224","2892",3,NA,NA,"0","0018000000","0","0018000000","0","0","0","18000000"
1030123174,"01",1,"7422","3610",3,"10",6,"0003000000","0012000000","0003000000","0012000000","0","0","3000000","12000000"
1030027221,"03",1,"7433","1810",3,"12",6,"0002000000","0024000000","0002000000","0024000000","0","0","2000000","24000000"
1030027210,"02",1,"2340","8021",1,"5",6,"0006738339","0083860068","0005995055","0071940660","0","0003000000","5995055","74940660"
1030027214,"01",2,"7123","2695",3,NA,NA,"0","0019200000","0","0018304000","0","0","0","18304000"
1030027214,"01",2,"9320","3311",3,NA,NA,"0","0018500000","0","0017636667","0","0","0","17636667"
1030027214,"04",1,"7422","3610",3,"8",6,"0","0","0","0","0","0","0","0"
1030111218,"01",1,"3431","8515",1,"10",6,"0006000000","0075000000","0005557500","0066690000","0","0003000000","5557500","69690000"
1030111218,"02",1,"2331","8012",1,"10",6,"0005000000","0063000000","0004437500","0053250000","0","0003000000","4437500","56250000"
1030111212,"02",1,"8277","1547",3,"8",6,"0003000000","0040000000","0002860000","0034320000","0","0004000000","2860000","38320000"
1030111216,"02",1,"2331","8012",1,"8",6,"0006000000","0075000000","0005297500","0063570000","0","0003000000","5297500","66570000"
1030063059,"01",1,"7133","4540",3,"8",5,"0003000000","0035000000","0003000000","0035000000","0","0","3000000","35000000"
1030063057,"01",2,"5220","5129",3,NA,NA,"0","0008000000","0","0008000000","0","0","0","8000000"
1030063063,"01",1,"9333","9305",3,"8",4,"0002880000","0034560000","0002880000","0034560000","0","0","2880000","34560000"
1030063063,"03",1,"7438","1711",3,"8",6,"0003700000","0047400000","0003527334","0042328008","0","0003000000","3527334","45328008"
1030063051,"01",1,"7501","1724",3,"8",3,"0002400000","0028800000","0002400000","0028800000","0","0","2400000","28800000"
1030079015,"01",1,"7422","2022",3,"10",6,"0003000000","0036000000","0003000000","0036000000","0","0","3000000","36000000"
1030091013,"01",1,"2320","8021",1,"6",6,"0006000000","0074000000","0005297500","0063570000","0","0002000000","5297500","65570000"
1030091013,"02",1,"2331","8021",1,"6",6,"0005000000","0062000000","0004487500","0053850000","0","0002000000","4487500","55850000"
1030067165,"01",1,"3152","5211",3,"8",6,"0005500000","0069000000","0005130834","0061570000","0","0003000000","5130834","64570000"
1030067167,"01",1,"1410","7514",1,"8",6,"0008620000","0106440000","0007431700","0089180400","0","0003000000","7431700","92180400"
1030031227,"04",1,"5220","5223",3,"12",6,"0003000000","0036000000","0003000000","0036000000","0","0","3000000","36000000"
1030103169,"01",1,"2490","6512",1,"8",6,"0008000000","0099000000","0006917500","0083010000","0","0003000000","6917500","86010000"
1030103183,"01",1,"7418","1546",3,"12",6,"0003300000","0042100000","0003146000","0037752000","0","0002500000","3146000","40252000"
1030007061,"01",1,"8275","1543",3,"8",6,"0003500000","0047000000","0003336667","0040040004","0","0005000000","3336667","45040004"
1030007052,"01",1,"8125","2731",3,"8",6,"0004500000","0061000000","0004277500","0051330000","0","0007000000","4277500","58330000"
1030043117,"02",1,"1410","7511",3,"12",6,"0005500000","0071000000","0005130834","0061570008","0","0005000000","5130834","66570008"
1030055005,"01",1,"2149","1711",3,"8",6,"0","0016000000","0","0015253333","0","0","0","15253333"
1030103180,"04",2,"5220","5222",3,NA,NA,"0","0015000000","0","0015000000","0","0","0","15000000"
1030103174,"01",1,"7501","1724",3,"8",3,"0001220000","0014640000","0001220000","0014640000","0","0","1220000","14640000"
1030043120,"01",1,"3152","3591",3,"9",6,"0007330000","0096960000","0006775500","0081306000","0","0009000000","6775500","90306000"
1030007051,"01",1,"4142","6512",3,"8",6,"0004800000","0060600000","0004513500","0054162000","0","0003000000","4513500","57162000"
1030091008,"01",1,"7126","4521",3,"12",6,"0006250000","0067500000","0006250000","0067500000","0","0","6250000","67500000"
1030091001,"01",1,"2411","1515",3,"7",6,"0005600000","0070400000","0005000000","0060000000","0","0003200000","5000000","63200000"
1030059002,"01",1,"9211","7498",3,"8",6,"0","0028000000","0","0026693334","0","0","0","26693334"
1030059014,"01",1,"7212","2892",3,"5",3,"0000500000","0012000000","0000500000","0012000000","0","0","500000","12000000"
1030067171,"01",1,"5169","6210",1,"12",4,"0004000000","0051000000","0003813333","0045760000","0","0003000000","3813333","48760000"
1030019106,"02",2,"8275","1546",3,NA,NA,"0","0006000000","0","0006000000","0","0","0","6000000"
1030083113,"01",2,"9152","4521",3,NA,NA,"0","0010800000","0","0010800000","0","0","0","10800000"
1030083113,"03",1,"2212","8511",1,"8",6,"0003500000","0021000000","0003500000","0021000000","0","0","3500000","21000000"
1030083108,"02",1,"2310","8031",1,"8",6,"0007000000","0087000000","0006107500","0073290000","0","0003000000","6107500","76290000"
1030083111,"01",1,"2490","6512",1,"8",6,"0008000000","0099000000","0006917500","0083010000","0","0003000000","6917500","86010000"
1030083111,"02",1,"2320","8021",1,"5",4,"0005500000","0069000000","0004892500","0058710000","0","0003000000","4892500","61710000"
1030011060,"01",1,"7346","1712",3,"10",6,"0003150000","0043400000","0003003000","0036036000","0","0005600000","3003000","41636000"
1030095055,"01",2,"2142","4521",3,NA,NA,"0","0030600000","0","0028797000","0","0","0","28797000"
1030071098,"01",1,"8323","6022",3,"8",6,"0004000000","0050000000","0004000000","0048000000","0","0002000000","4000000","50000000"
1030011057,"01",1,"8221","2424",3,"12",6,"0007500000","0095600000","0006800000","0081600000","0","0005600000","6800000","87200000"
1030035007,"03",1,"7231","6021",3,"8",6,"0003500000","0045000000","0003336667","0040040000","0","0003000000","3336667","43040000"
1030035004,"01",1,"0112","7522",1,"8",7,"0000300000","0003000000","0000300000","0003000000","0","0","300000","3000000"
1030035004,"01",1,"7137","7511",1,"8",6,"0007500000","0093000000","0006800000","0081600000","0","0003000000","6800000","84600000"
1030107104,"01",1,"9314","4521",3,"8",7,"0","0003000000","0","0003000000","0","0","0","3000000"
1030107104,"01",1,"9314","4521",3,"8",6,"0001200000","0007200000","0001200000","0007200000","0","0","1200000","7200000"
1030023161,"01",1,"7417","1545",3,"5",6,"0002500000","0030000000","0002500000","0030000000","0","0","2500000","30000000"
1030023168,"01",1,"7132","4521",3,"8",5,"0004000000","0048000000","0004000000","0048000000","0","0","4000000","48000000"
1030023158,"01",1,"8125","3410",3,"8",6,"0003400000","0045800000","0003241333","0038896000","0","0005000000","3241333","43896000"
1030023165,"03",1,"7313","3691",3,"12",6,"0002000000","0024000000","0002000000","0024000000","0","0","2000000","24000000"
1030107094,"02",1,"2331","8012",1,"10",6,"0005000000","0063000000","0004487500","0053850000","0","0003000000","4487500","56850000"
1030047001,"01",1,"7501","1724",3,"6",6,"0002000000","0024000000","0002000000","0024000000","0","0","2000000","24000000"
1030047001,"02",1,"7501","1724",3,"4",3,"0001000000","0012000000","0001000000","0012000000","0","0","1000000","12000000"
1030047001,"03",1,"7501","1724",3,"4",3,"0000500000","0006000000","0000500000","0006000000","0","0","500000","06000000"
1030047006,"01",1,"7132","4540",3,"10",4,"0003000000","0036000000","0003000000","0036000000","0","0","3000000","36000000"
1030119004,"01",1,"9314","4521",3,"10",7,"0003750000","0112500000","0003750000","0112500000","0","0","3750000","112500000"
1030047007,"02",1,"3431","7511",1,"7",6,"0006700000","0099800000","0006174834","0074098008","0","0019400000","6174834","93498008"
1030011054,"05",1,"9152","6603",3,"8",6,"0002000000","0012000000","0002000000","0012000000","0","0","2000000","12000000"
1030011054,"05",1,"3411","6603",3,"8",6,"0003600000","0043200000","0003350000","0040200000","0","0","3350000","40200000"
1030004001,"01",1,"9314","4521",3,"9",3,"0001500000","0018400000","0001500000","0018400000","0","0","1500000","18400000"
1030004006,"01",1,"9160","7498",3,"8",6,"0003550000","0046600000","0003384300","0040611600","0","0004000000","3384300","44611600"
1030112060,"01",1,"5162","7522",1,"12",6,"0009500000","0117000000","0008182500","0098190000","0","0003000000","8182500","101190000"
1030112048,"01",2,"7126","4521",3,NA,NA,"0","0001000000","0","0001000000","0","0","0","1000000"
1030112048,"04",1,"2320","8021",1,"8",6,"0005000000","0063000000","0004487500","0053850000","0","0003000000","4487500","56850000"
1030112058,"03",1,"5162","7522",1,"8",6,"0008000000","0099000000","0006917500","0083010000","0","0003000000","6917500","86010000"
1030004010,"01",1,"9314","4521",3,"9",4,"0002720000","0032640000","0002720000","0032640000","0","0","2720000","32640000"
1030004010,"03",2,"7231","5020",3,NA,NA,"0","0003070000","0","0003070000","0","0","0","3070000"
1030112054,"01",1,"2223","8520",3,"10",6,"0005600000","0067200000","0005226167","0062714004","0","0","5226167","62714004"
1030112054,"02",1,"2331","8012",1,"10",6,"0003000000","0038500000","0002860000","0034320000","0","0002500000","2860000","36820000"
1030008158,"01",1,"7233","2929",1,"8",7,"0004500000","0062000000","0004277500","0051330000","0","0008000000","4277500","59330000"
1030008146,"01",1,"4190","6010",1,"10",6,"0006000000","0075000000","0005297500","0063570000","0","0003000000","5297500","66570000"
1030092014,"01",1,"9333","9305",3,"8",6,"0002000000","0024000000","0002000000","0024000000","0","0","2000000","24000000"
1030092008,"04",1,"7123","4521",3,"10",6,"0006200000","0077400000","0006000000","0072000000","0","0003000000","6000000","75000000"
1030092012,"01",1,"9314","4521",3,"8",2,"0","0005000000","0","0005000000","0","0","0","5000000"
1030092012,"02",2,"7231","5020",3,NA,NA,"0","0006000000","0","0006000000","0","0","0","6000000"
1030092012,"04",1,"5220","5232",3,"7",4,"0002500000","0030000000","0002500000","0030000000","0","0","2500000","30000000"
1030092012,"05",1,"2451","2212",3,"7",3,"0001000000","0017600000","0001000000","0017600000","0","0","1000000","17600000"
1030028178,"01",1,"5123","5521",3,"12",7,"0003300000","0039600000","0003146000","0037752000","0","0","3146000","37752000"
1030088170,"01",1,"9314","4521",3,"8",3,"0003000000","0018000000","0003000000","0018000000","0","0","3000000","18000000"
1030088170,"04",1,"9314","4521",3,"8",5,"0003000000","0018000000","0003000000","0018000000","0","0","3000000","18000000"
1030088170,"04",2,"8331","6023",3,NA,NA,"0","0025000000","0","0025000000","0","0","0","25000000"
1030088174,"03",1,"8324","6023",3,"8",4,"0004500000","0036000000","0004300000","0034400000","0","0","4300000","34400000"
1030088176,"01",1,"8324","6023",3,"12",6,"0","0035000000","0","0035000000","0","0","0","35000000"
1030124167,"01",1,"8322","8090",3,"8",5,"0003000000","0036000000","0003000000","0036000000","0","0","3000000","36000000"
1030040003,"01",1,"2230","8511",1,"6",4,"0005500000","0068800000","0005200000","0062400000","0","0002800000","5200000","65200000"
1030040003,"02",1,"2230","8511",1,"6",4,"0005500000","0068800000","0005200000","0062400000","0","0002800000","5200000","65200000"
1030040015,"03",1,"8322","6023",3,"6",7,"0004500000","0054000000","0004200000","0050400000","0","0","4200000","050400000"
1030088179,"03",1,"8322","6022",3,"8",7,"0003000000","0036000000","0003000000","0036000000","0","0","3000000","36000000"
1030100057,"01",1,"2213","7513",1,"10",6,"0007150000","0088800000","0006156500","0073878000","0","0003000000","6156500","76878000"
1030124165,"01",1,"8322","6023",3,"10",6,"0004000000","0048500000","0004000000","0048500000","0","0","4000000","48500000"
1030040006,"01",1,"4211","6512",1,"10",6,"0008200000","0110400000","0007049500","0084594000","0","0012000000","7049500","96594000"
1030052095,"01",1,"0111","7522",1,"8",6,"0004599466","0058193590","0004185520","0050226240","0","0003000000","4185520","53226240"
1030124170,"01",1,"2320","8021",1,"8",6,"0007100000","0088200000","0006198500","0074382000","0","0003000000","6198500","77382000"
1030064154,"01",1,"9152","7492",3,"8",5,"0003000000","0036000000","0003000000","0036000000","0","0","3000000","36000000"
1030064154,"03",1,"7433","1810",3,"8",6,"0001000000","0012000000","0001000000","0012000000","0","0","1000000","12000000"
1030052097,"01",1,"7433","1810",3,"8",6,"0002500000","0030000000","0002500000","0030000000","0","0","2500000","30000000"
1030052097,"02",1,"7433","1810",3,"3",4,"0000500000","0006000000","0000500000","0006000000","0","0","500000","6000000"
1030052102,"01",1,"7442","1920",3,"8",6,"0004000000","0048000000","0004000000","0048000000","0","0","4000000","48000000"
1030064146,"01",1,"9314","4521",3,"8",4,"0003250000","0020000000","0003250000","0020000000","0","0","3250000","20000000"
1030064152,"01",1,"9333","9305",3,"8",5,"0002500000","0030000000","0002500000","0030000000","0","0","2500000","30000000"
1030064159,"01",1,"9314","4521",3,"8",3,"0003000000","0021000000","0003000000","0021000000","0","0","3000000","21000000"
1030076283,"03",1,"0112","7522",1,"12",6,"0000514000","0006168000","0000514000","0006168000","0","0","514000","6168000"
1030076283,"04",1,"0111","7522",1,"12",6,"0003300000","0042600000","0003000300","0036036000","0","0003000000","3000300","39036000"
1030068101,"01",1,"8324","6023",3,"12",7,"0005000000","0060000000","0005000000","0060000000","0","0","5000000","60000000"
1030124160,"01",1,"2320","8021",1,"8",6,"0007000000","0087000000","0006107500","0073290000","0","0003000000","6107500","76290000"
1030124160,"02",1,"2331","8012",1,"8",6,"0004200000","0053400000","0003822000","0045864000","0","0003000000","3822000","48864000"
1030020009,"01",1,"3416","2929",3,"8",6,"0006000000","0076800000","0005558000","0066696000","0","0004800000","5558000","71496000"
1030044096,"04",1,"2320","8031",3,"4",2,"0000320000","0003840000","0000320000","0003840000","0","0","320000","3840000"
1030068095,"01",1,"9314","4521",3,"6",4,"0001190000","0010200000","0001190000","0010200000","0","0","1190000","10200000"
1030068105,"01",1,"9152","7511",1,"8",6,"0004000000","0051000000","0003813334","0045760000","0","0003000000","3813334","48760000"
1030020011,"01",1,"3431","2921",3,"8",6,"0005000000","0065500000","0003146000","0037752000","0","0005500000","3146000","43252000"
1030032112,"01",1,"1410","7414",1,"8",6,"0016000000","0195000000","0014277500","0171330000","0","0003000000","14277500","174330000"
1030120118,"03",1,"7218","3430",3,"8",6,"0010500000","0054500000","0003813334","0045760008","0006500000","0","10313334","45760008"
1030120118,"04",2,"8267","9301",3,NA,NA,"0","0004000000","0","0004000000","0","0","0","4000000"
1030116094,"01",1,"8322","4100",3,"12",6,"0005400000","0072300000","0005035500","0060426000","0","0007500000","5035500","67926000"
1030104251,"01",1,"9314","4521",1,"9",3,"0002040000","0024480000","0002040000","0024480000","0","0","2040000","24480000"
1030032123,"01",1,"1427","7511",1,"8",6,"0010000000","0123000000","0009070834","0108850000","0","0003000000","9070834","111850000"
1030056052,"05",1,"7433","1810",3,"6",6,"0001400000","0016800000","0001400000","0016800000","0","0","1400000","16800000"
1030056059,"01",1,"3480","9193",3,"5",6,"0001000000","0012000000","0001000000","0012000000","0","0","1000000","12000000"
1030080064,"01",1,"7126","4521",3,"10",6,"0002700000","0045000000","0002700000","0045000000","0","0","2700000","45000000"
1030012103,"01",1,"9132","5235",3,"8",6,"0002000000","0024000000","0002000000","0024000000","0","0","2000000","24000000"
1030048109,"01",1,"9314","4521",3,"10",6,"0001080000","0033480000","0001080000","0033480000","0","0","1080000","33480000"
1030060059,"01",1,"9142","5020",3,"12",6,"0004000000","0016000000","0003813334","0015253336","0","0","3813334","15253336"
1030060059,"01",2,"5220","5233",3,NA,NA,"0","0012000000","0","0012000000","0","0","0","12000000"
1030060059,"03",1,"7212","2892",3,"10",6,"0003750000","0030000000","0003750000","0030000000","0","0","3750000","30000000"
1030060059,"04",1,"7212","2892",3,"10",6,"0003000000","0003000000","0003000000","0003000000","0","0","3000000","3000000"
1030072152,"01",1,"5141","9302",3,"10",6,"0003800000","0048600000","0003600000","0043200000","0","0003000000","3600000","46200000"
1030096063,"02",1,"2461","8032",1,"8",1,"0000600000","0007200000","0000600000","0007200000","0","0","600000","7200000"
1030084160,"03",1,"4190","7522",1,"3",4,"0000300000","0003600000","0000300000","0003600000","0","0","300000","3600000"
1030084169,"01",1,"4215","6512",3,"8",6,"0014000000","0098200000","0006323334","0075880008","0007000000","0007000000","13323334","82880008"
1030096054,"01",1,"4215","6512",1,"8",6,"0012500000","0089500000","0006107500","0076290000","0005500000","0005500000","11607500","81790000"
1030096059,"01",1,"9160","7511",1,"8",6,"0012500000","0078500000","0005297500","0063570000","0006500000","0006500000","11797500","70070000"
1030096059,"03",1,"9152","6303",3,"8",6,"0003000000","0036000000","0003000000","0036000000","0","0","3000000","36000000"
1030096066,"03",1,"8333","2710",3,"8",6,"0004050000","0006000000","0003000000","0006000000","0001050000","0","4050000","6000000"
1030096066,"04",1,"7132","4521",3,"8",3,"0002400000","0018000000","0002400000","0018000000","0","0","2400000","18000000"
1030096066,"05",1,"7132","4521",3,"8",3,"0002400000","0018000000","0002400000","0018000000","0","0","2400000","18000000"
1030048123,"01",1,"7222","2930",3,"10",6,"0007300000","0043600000","0003146000","0037752000","0004000000","0004000000","7146000","41752000"
1030048123,"02",1,"7501","1724",3,"5",3,"0","0002000000","0","0002000000","00","0","0","2000000"
1030036013,"05",1,"3429","6720",3,"8",6,"0004000000","0048000000","0004000000","0048000000","0","0","4000000","48000000"
1030048112,"01",1,"7212","2930",3,"10",6,"0011300000","0064100000","0004563500","0054762000","0006500000","0006500000","11063500","61262000"
1030084174,"02",1,"2320","8031",1,"7",5,"0003000000","0039000000","0002860000","0034320000","0","0003000000","2860000","37320000"
1030108051,"01",1,"9211","0124",3,"12",7,"0001000000","0013000000","0001000000","0013000000","0","0","1000000","13000000"
1030108056,"01",1,"9314","4521",3,"9",4,"0003000000","0036000000","0003000000","0036000000","0","0","3000000","36000000"
1030108058,"01",1,"7417","1545",3,"8",6,"0005100000","0045900000","0005100000","0045900000","0","0","5100000","45900000"
1030108061,"01",1,"9211","0124",3,"12",7,"0002340000","0028080000","0002340000","0028080000","0","0","2340000","28080000"
1030024163,"03",1,"7141","4540",3,"3",7,"0004500000","0027000000","0004500000","0027000000","0","0","4500000","27000000"
1040077160,"03",2,"9314","4521",3,"8",3,"0","0001500000","0","0001500000","0","0","0","1500000"
1040077168,"01",1,"4113","4100",1,"7",6,"0004910000","0066920000","0003900000","0046800000","0000450000","0013400000","4350000","60200000"
1040077168,"05",1,"3111","7422",3,"10",7,"0006800000","0088600000","0004600000","0055200000","0001800000","0028600000","6400000","83800000"
1040029056,"01",1,"0111","7522",1,"8",6,"0006470000","0078640000","0005800000","0067600000","0","0003000000","5800000","70600000"
1040017161,"01",1,"4142","6411",1,"12",7,"0004330000","0054960000","0003460600","0041527200","0000700000","0011400000","4160600","52927200"
1040021161,"01",1,"9211","9249",3,"8",7,"0","0","0","0","0","0","0","0"
1040029053,"01",1,"8322","8511",3,"12",2,"0003663333","0048759996","0003500000","0046800000","0","0","3500000","46800000"
1040029066,"01",2,"8322","2899",3,"8",6,"0","0005400000","0","0005400000","0","0","0","5400000"
1040101069,"01",1,"9211","0140",3,"8",5,"0","0006000000","0","0006000000","0","0","0","6000000"
1040101069,"04",1,"7218","3610",3,"7",5,"0000500000","0002000000","0000500000","0002000000","0","0","500000","2000000"
1040093109,"01",1,"8322","2695",3,"10",7,"0003800000","0048600000","0003622667","0043472004","0","0003000000","3622667","46472004"
1040017149,"01",1,"5220","5221",3,"10",6,"0003720000","0044640000","0003720000","0044640000","0","0","3720000","44640000"
1040017152,"01",1,"7221","2893",3,"10",7,"0003000000","0036000000","0002860000","0034320000","0","0","2860000","34320000"
1040017158,"01",1,"7137","6302",3,"8",6,"0003130000","0048760000","0002983933","0035807200","0","0011200000","2983933","47007200"
1040037058,"01",1,"5163","7523",1,"8",6,"0005460000","0074520000","0004900000","0058800000","0","0009000000","4900000","67800000"
1040037059,"03",2,"2490","7512",1,"5",6,"0","0003000000","0","0003000000","0","0","0","3000000"
1040037065,"02",1,"2331","7512",1,"2",6,"0001100000","0010740000","0000904867","0008389333","0","0001940000","904867","10329333"
1040093112,"01",1,"9314","4521",3,"8",6,"0003840000","0028800000","0003840000","0028800000","0","0","3840000","28800000"
1040101056,"03",2,"9314","4521",3,"9",6,"0","0019000000","0","0019000000","0","0","0","19000000"
1040101056,"04",1,"9314","4522",3,"10",7,"0006000000","0006000000","0006000000","0006000000","0","0","6000000","6000000"
1040101056,"04",2,"7126","4521",3,"10",6,"0","0030000000","0","0030000000","0","0","0","30000000"
1040101056,"05",1,"9314","4522",3,"10",7,"0004000000","0004000000","0004000000","0004000000","0","0","4000000","4000000"
1040101056,"05",2,"9314","4521",3,"7",5,"0","0016000000","0","0016000000","0","0","0","16000000"
1040101063,"01",2,"0111","7522",1,"8",6,"0","0010000000","0","0009533333","0","0","0","9533333"
1040025057,"01",1,"9314","4100",3,"12",3,"0004027940","0049635280","0003840000","0047380000","0","0","3840000","47380000"
1040049181,"03",1,"2310","8031",1,"4",4,"0003000000","0036000000","0003000000","0036000000","0","0","3000000","36000000"
1040025050,"01",1,"7141","4540",3,"8",3,"0001800000","0022000000","0001800000","0022000000","0","0","1800000","22000000"
1040025062,"01",1,"9314","4521",3,"8",4,"0002500000","0032500000","0002500000","0032500000","0","0","2500000","32500000"
1040049187,"01",1,"5220","5126",3,"10",6,"0004600000","0058000000","0004600000","0058000000","0","0","4600000","58000000"
1040117055,"01",1,"9314","4521",3,"8",5,"0002160000","0022320000","0002160000","0022320000","0","0","2160000","22320000"
1040117059,"03",1,"3152","1520",3,"8",3,"0003500000","0045000000","0003336667","0040040004","0","0003000000","3336667","43040004"
1040117062,"04",1,"9314","4521",3,"8",3,"0000500000","0000500000","0000500000","0000500000","0","0","500000","500000"
1040117065,"03",1,"3435","7522",1,"8",6,"0002000000","0024000000","0002000000","0024000000","0","0","2000000","24000000"
1040033207,"03",2,"0112","7522",1,"8",6,"0","0007150000","0","0006816333","0","0","0","6816333"
1040089001,"01",1,"2320","8021",1,"6",4,"0005500000","0069000000","0004980000","0059760000","0","0003000000","4980000","62760000"
1040089001,"02",1,"2320","8021",1,"6",4,"0004500000","0057000000","0004045000","0048540000","0","0003000000","4045000","51540000"
1040013101,"01",1,"9314","4521",3,"8",4,"0000120000","0010800000","0000120000","0010800000","0","0","120000","10800000"
1040013108,"01",1,"9314","4521",3,"8",4,"0000800000","0008400000","0000800000","0008400000","0","0","800000","8400000"
1040013108,"01",2,"4134","1519",3,"8",7,"0","0016200000","0","0015444000","0","0","0","15444000"
1040057194,"01",1,"8324","6023",3,"10",5,"0003700000","0042000000","0003700000","0042000000","0","0","3700000","42000000"
1040057197,"02",1,"8275","1519",3,"12",6,"0004991000","0059892000","0003336667","0040040004","0001491000","0017892000","4827667","57932004"
1040057201,"02",1,"8324","6023",3,"10",4,"0003800000","0016000000","0003800000","0016000000","0","0","3800000","16000000"
1040057201,"03",1,"8324","6023",3,"8",5,"0003500000","0004380000","0003500000","0004380000","0","0","3500000","4380000"
1040057201,"04",1,"2332","7512",1,"18",2,"0003390000","0044280000","0003000000","0036600000","0","0003000000","3000000","39600000"
1040077171,"01",1,"4113","8090",1,"8",6,"0003800000","0045600000","0003622667","0043472004","0","0","3622667","43472004"
1040077171,"02",1,"2213","7513",3,"4",4,"0002000000","0020000000","0002000000","0020000000","0","0","2000000","20000000"
1040009012,"03",1,"5220","5126",3,"12",7,"0003000000","0040000000","0003000000","0036000000","0","0004000000","3000000","40000000"
1040009012,"04",1,"9152","6302",3,"12",7,"0003000000","0015000000","0003000000","0015000000","0","0","3000000","15000000"
1040013104,"01",1,"9131","7493",3,"10",7,"0002300000","0006510000","0002300000","0006510000","0","0","2300000","6510000"
1040013104,"02",1,"9211","0140",3,"8",6,"0001680000","0021600000","0001680000","0021600000","0","0","1680000","21600000"
1040001183,"01",1,"1410","7512",1,"8",6,"0005200000","0065400000","0003607000","0043284000","0001000000","0015000000","4607000","58284000"
1040001195,"01",1,"8324","6023",3,"10",5,"0005000000","0060000000","0002500000","0030000000","0002500000","0030000000","5000000","60000000"
1040009015,"02",1,"3226","8511",1,"10",6,"0005500000","0069000000","0003910000","0046920000","0001000000","0015000000","4910000","61920000"
1040085175,"01",1,"3415","5129",1,"8",6,"0007500000","0093000000","0005690000","0068280000","0001200000","0017400000","6890000","85680000"
1040085178,"01",2,"4115","1542",1,"8",6,"0","0027400000","0","0018250000","0","0006470000","0","24720000"
1040085178,"02",1,"2320","8021",1,"4",6,"0004800000","0060600000","0004285000","0051420000","0","0003000000","4285000","54420000"
1040085170,"01",1,"4190","1542",1,"11",6,"0008720000","0107640000","0004105000","0049260000","0004220000","0053640000","8325000","102900000"
1040085170,"02",1,"2320","8021",1,"8",4,"0003500000","0045000000","0003110000","0037320000","0","0003000000","3110000","40320000"
1040053062,"01",1,"7417","1545",3,"6",6,"0003000000","0025000000","0003000000","0025000000","0","0","3000000","25000000"
1040085166,"01",1,"1422","1542",1,"8",6,"0007626041","0089592492","0006000000","0072000000","0001160000","0012000000","7160000","84000000"
1040085172,"01",1,"4134","1542",1,"12",6,"0004753333","0060040000","0003200000","0039800000","0001200000","0016000000","4400000","55800000"
1040053056,"03",1,"9320","1600",1,"8",6,"0002000000","0024000000","0002000000","0024000000","0","0","2000000","24000000"
1040065003,"01",2,"7417","1545",3,"8",7,"0","0012600000","0","0012474000","0","0","0","12474000"
1040053060,"03",1,"9314","4540",3,"8",1,"0000300000","0000300000","0000300000","0000300000","0","0","300000","300000"
1040113008,"01",1,"9211","0140",3,"10",6,"0003000000","0027500000","0003000000","0027500000","0","0","3000000","27500000"
1040113015,"01",1,"5220","8511",1,"9",7,"0004200000","0052320000","0002790000","0033480000","0000840000","0012000000","3630000","45480000"
1040113015,"02",1,"2331","8012",1,"5",5,"0002200000","0021800000","0002200000","0019800000","0","0002000000","2200000","21800000"
1040045196,"01",1,"9333","6023",3,"9",6,"0003000000","0033000000","0003000000","0033000000","0","0","3000000","33000000"
1040045190,"01",1,"4113","8511",1,"10",6,"0005000000","0063000000","0004290000","0051480000","0000500000","0009000000","4790000","60480000"
1040113002,"01",1,"7126","4521",3,"8",4,"0001000000","0045000000","0001000000","0045000000","0","0","1000000","45000000"
1040113002,"05",2,"9314","4521",3,"8",5,"0","0020000000","0","0020000000","0","0","0","20000000"
1040113004,"01",1,"4212","6513",1,"8",6,"0005000000","0067000000","0004641667","0055700004","0","0007000000","4641667","62700004"
1040113004,"02",1,"2331","7512",1,"7",6,"0003700000","0047400000","0003527333","0042327996","0","0003000000","3527333","45327996"
1040069173,"01",1,"1429","8012",1,"6",6,"0004668000","0061516000","0004200000","0050400000","0","0005500000","4200000","55900000"
1040069171,"01",1,"3231","8517",1,"8",6,"0005500000","0069500000","0004895000","0058740000","0","0003500000","4895000","62240000"
1040069166,"01",1,"8324","6023",3,"8",6,"0005190000","0062280000","0004500000","0054000000","0","0","4500000","54000000"
1040069166,"03",1,"2490","6023",3,"8",7,"0003800000","0046300000","0003122667","0037472004","0000500000","0006700000","3622667","44172004"
1040069178,"01",1,"5220","5222",3,"10",6,"0001000000","0012000000","0001000000","0012000000","0","0","1000000","12000000"
1040069178,"03",1,"2320","8021",1,"6",4,"0005700000","0070000000","0005000000","0058900000","0","0002700000","5000000","61600000"
1040069178,"04",1,"2320","8021",1,"6",4,"0005352000","0066724000","0004800000","0057600000","0","0002500000","4800000","60100000"
1040021164,"01",1,"3429","5156",1,"12",6,"0003362000","0046845000","0003000000","0036000000","0","0006500000","3000000","42500000"
1040109013,"01",1,"4223","6421",1,"7",6,"0005000000","0076200000","0004653333","0055839996","0","0016200000","4653333","72039996"
1040109013,"02",1,"2331","8012",1,"4",6,"0004200000","0053400000","0003735000","0044820000","0","0003000000","3735000","47820000"
1040061178,"03",2,"0112","7522",1,"8",7,"0","0003060000","0","0002917200","0","0","0","2917200"
1040061178,"04",2,"0112","7522",1,"8",7,"0","0003400000","0","0003241333","0","0","0","3241333"
1040097057,"01",1,"8322","6023",3,"7",5,"0001900000","0022800000","0001900000","0022800000","0","0","1900000","22800000"
1040097060,"03",1,"8212","2695",3,"8",6,"0001800000","0022500000","0001800000","0022500000","0","0","1800000","22500000"
1040109002,"03",1,"2230","8511",1,"18",4,"0006053000","0068136000","0004300000","0054100000","0001500000","0011000000","5800000","65100000"
1040109008,"01",1,"1410","8012",1,"7",6,"0007500000","0094200000","0006935000","0083220000","0","0004200000","6935000","87420000"
1040109008,"02",1,"2230","8511",1,"6",7,"0005900000","0073800000","0004940000","0059280000","0000450000","0008400000","5390000","67680000"
1040041170,"01",1,"1427","7530",1,"9",6,"0016000000","0202000000","0009446000","0113352000","0005000000","0070000000","14446000","183352000"
1040041170,"02",1,"2351","8031",1,"9",5,"0007000000","0089000000","0005102000","0061224000","0001200000","0019400000","6302000","80624000"
1040041158,"01",1,"2320","8021",1,"6",4,"0007300000","0090600000","0006620000","0079440000","0","0003000000","6620000","82440000"
1040041158,"02",1,"2331","8012",1,"4",6,"0005460000","0068520000","0005005000","0060060000","0","0003000000","5005000","63060000"
1040121283,"04",2,"7245","4010",3,"9",7,"0","0007000000","0","0007000000","0","0","0","7000000"
1040121294,"01",1,"9314","4521",3,"8",4,"0004000000","0034000000","0004000000","0034000000","0","0","4000000","34000000"
1040121290,"01",1,"8276","1542",3,"8",6,"0001710000","0020520000","0001507778","0018093336","0","0","1507778","18093336"
1040041165,"04",2,"8141","2022",3,"8",6,"0","0000250000","0","0000250000","0","0","0","250000"
1040065011,"02",1,"9314","4532",3,"7",4,"0001800000","0012000000","0001800000","0012000000","0","0","1800000","12000000"
1040073148,"01",1,"2331","8021",1,"6",4,"0002500000","0030000000","0002500000","0028000000","0","0002000000","2500000","30000000"
1040073156,"01",2,"9152","7511",1,"12",6,"0","0074500000","0","0058163337","0","0013000000","0","71163337"
1040073151,"01",1,"2331","8012",1,"4",6,"0006640000","0080680000","0006000000","0070000000","0","0003000000","6000000","73000000"
1040121295,"01",1,"9141","8012",1,"6",6,"0006046000","0077552000","0005400000","0066800000","0","0003000000","5400000","69800000"
1040121295,"03",2,"9211","0140",3,"8",2,"0","0001800000","0","0001800000","0","0","0","1800000"
1040081012,"01",1,"9332","6023",3,"14",7,"0001400000","0022000000","0001400000","0022000000","0","0","1400000","22000000"
1040081003,"01",1,"9333","9305",3,"8",6,"0001890000","0027000000","0001890000","0027000000","0","0","1890000","27000000"
1040081008,"01",1,"9211","0140",3,"5",7,"0","0","0","0","0","0","0","0"
1040081008,"03",1,"9211","0140",3,"8",4,"0000200000","0005000000","0000200000","0005000000","0","0","200000","5000000"
1040081013,"01",1,"9211","7511",1,"9",7,"0003633333","0010900000","0003500000","0010500000","0","0","3500000","10500000"
1040081013,"03",1,"2429","7514",1,"8",6,"0004405000","0055860000","0003999667","0047996004","0","0003000000","3999667","50996004"
1040081013,"04",1,"4222","8514",3,"4",6,"0000700000","0008400000","0000700000","0008400000","0","0","700000","8400000"
1040065005,"01",1,"9333","9305",3,"9",6,"0002000000","0033000000","0002000000","0033000000","0","0","2000000","33000000"
1040105065,"04",1,"7224","2892",3,"9",6,"0002500000","0030000000","0002500000","0030000000","0","0","2500000","30000000"
1040005120,"04",1,"7422","1721",3,"8",6,"0002000000","0004000000","0002000000","0004000000","0","0","2000000","4000000"
1040105053,"01",1,"9211","0140",3,"8",5,"0001800000","0020000000","0001800000","0020000000","0","0","1800000","20000000"
1040105056,"01",1,"2331","8012",1,"6",6,"0006000000","0074500000","0005482894","0065794728","0","0002500000","5482894","68294728"
1040105056,"02",1,"1410","8021",1,"7",6,"0005700000","0070900000","0005190000","0062280000","0","0002500000","5190000","64780000"
1040105057,"01",2,"9211","0140",3,"8",5,"0","0002000000","0","0002000000","0","0","0","2000000"
1040105062,"01",1,"2331","8012",1,"4",6,"0005150000","0065300000","0004700000","0057400000","0","0003500000","4700000","60900000"
1040105062,"02",1,"2331","8012",1,"4",5,"0005024000","0066388000","0004600000","0056300000","0","0005000000","4600000","61300000"
1040014168,"01",1,"7417","1545",3,"6",6,"0002800000","0024000000","0002800000","0024000000","0","0","2800000","24000000"
1040014163,"01",1,"9333","9305",3,"10",5,"0000200000","0008000000","0000200000","0008000000","0","0","200000","8000000"
1040062188,"01",1,"9314","4521",3,"8",5,"0003500000","0022000000","0003500000","0022000000","0","0","3500000","22000000"
1040062188,"04",1,"9314","4521",3,"8",5,"0003500000","0003500000","0003500000","0003500000","0","0","3500000","3500000"
1040050117,"01",1,"9314","4521",3,"9",5,"0003000000","0028000000","0003000000","0028000000","0","0","3000000","28000000"
1040050114,"01",1,"2320","8021",1,"4",6,"0005800000","0074600000","0005235000","0062820000","0","0005000000","5235000","67820000"
1040014169,"01",2,"9314","4522",3,"8",6,"0","0044000000","0","0037936000","0","0004000000","0","41936000"
1040014173,"01",1,"7417","1545",3,"12",7,"0","0002500000","0","0002500000","0","0","0","2500000"
1040014173,"03",1,"7417","1545",3,"7",7,"0","0027000000","0","0027000000","0","0","0","27000000"
1040050112,"03",1,"4222","4010",1,"9",6,"0008191000","0106592000","0007000000","0084000000","0000600000","0015500000","7600000","99500000"
1040090005,"03",1,"2139","8090",3,"5",6,"0001000000","0012000000","0001000000","0012000000","0","0","1000000","12000000"
1040090013,"03",1,"9314","4521",3,"8",5,"0001800000","0009000000","0001800000","0009000000","0","0","1800000","9000000"
1040090013,"04",1,"9314","4521",3,"8",5,"0001500000","0017250000","0001500000","0017250000","0","0","1500000","17250000"
1040090002,"03",1,"2139","8090",3,"2",3,"0","0003000000","0","0003000000","0","0","0","3000000"
1040002059,"01",1,"3416","6021",1,"8",6,"0004700000","0064400000","0003622667","0045472004","0000900000","0016800000","4522667","62272004"
1040054012,"02",1,"4134","7511",1,"8",6,"0006000000","0075000000","0005000000","0060000000","0001000000","0015000000","6000000","75000000"
1040090012,"01",1,"9141","8021",1,"8",7,"0006200000","0077400000","0005725667","0068708004","0","0003000000","5725667","71708004"
1040034054,"01",1,"4121","7411",3,"3",6,"0001500000","0014900000","0001500000","0013500000","0","0001400000","1500000","14900000"
1040034054,"01",1,"2461","8021",1,"1",3,"0001100000","0013200000","0001100000","0013200000","0","0","1100000","13200000"
1040118361,"01",1,"7131","4521",3,"9",7,"0006000000","0048000000","0006000000","0048000000","0","0","6000000","48000000"
1040118361,"03",2,"7501","1724",3,"8",6,"0","0010000000","0","0010000000","0","0","0","10000000"
1040002051,"01",1,"0111","7522",1,"7",6,"0006860000","0085320000","0006500000","0078000000","0","0003000000","6500000","81000000"
1040002058,"01",1,"8322","7523",1,"10",6,"0007537200","0099446400","0004200000","0050400000","0003000000","0045000000","7200000","95400000"
1040034057,"03",2,"0112","7522",1,"7",6,"0","0001800000","0","0001716000","0","0","0","1716000"
1040070004,"01",1,"9314","4521",3,"8",6,"0000550000","0014400000","0000550000","0014400000","0","0","550000","14400000"
1040070004,"03",1,"0112","7523",1,"8",6,"0000260000","0003120000","0000247867","0002974400","0","0","247867","2974400"
1040070001,"01",1,"0111","7522",1,"10",4,"0003172000","0041514000","0002800000","0034050000","0","0003000000","2800000","37050000"
1040118361,"04",2,"7501","1724",3,"8",6,"0","0010000000","0","0010000000","0","0","0","10000000"
1040094121,"01",1,"3416","5219",2,"8",6,"0007923000","0100626000","0006000000","0072550000","0001500000","0023000000","7500000","95550000"
1040094118,"01",1,"7231","5020",3,"8",6,"0002500000","0030000000","0002500000","0030000000","0","0","2500000","30000000"
1040094112,"03",1,"7137","4532",3,"12",7,"0003800000","0045600000","0003800000","0045600000","0","0","3800000","45600000"
1040094112,"04",1,"7137","4532",3,"12",7,"0003800000","0045600000","0003800000","0045600000","0","0","3800000","45600000"
1040118351,"01",1,"9314","4521",3,"8",5,"0004000000","0011000000","0004000000","0011000000","0","0","4000000","11000000"
1040118364,"03",1,"9314","4521",3,"8",5,"0003000000","0013500000","0003000000","0013500000","0","0","3000000","13500000"
1040118364,"04",1,"9314","4521",3,"8",6,"0002500000","0009000000","0002500000","0009000000","0","0","2500000","9000000"
1040022004,"03",1,"7133","4540",3,"7",6,"0003800000","0035000000","0003800000","0035000000","0","0","3800000","35000000"
1040022004,"04",1,"7133","4540",3,"7",6,"0003800000","0042000000","0003800000","0042000000","0","0","3800000","42000000"
1040022013,"01",1,"4134","5233",3,"10",6,"0004925466","0066785592","0004300000","0051600000","0000400000","0012480000","4700000","64080000"
1040086012,"01",1,"9314","4521",3,"8",6,"0003120000","0035000000","0003120000","0035000000","0","0","3120000","35000000"
1040122200,"03",1,"9314","4521",3,"8",5,"0003000000","0018000000","0003000000","0018000000","0","0","3000000","18000000"
1040086015,"01",1,"9314","4521",3,"8",3,"0001500000","0016000000","0001500000","0016000000","0","0","1500000","16000000"
1040086015,"03",1,"9314","4521",3,"9",4,"0002000000","0018000000","0002000000","0018000000","0","0","2000000","18000000"
1040086015,"04",1,"9314","4521",3,"9",4,"0002000000","0018000000","0002000000","0018000000","0","0","2000000","18000000"
1040122201,"01",1,"5220","5221",3,"10",7,"0001600000","0017800000","0001600000","0017800000","0","0","1600000","17800000"
1040022013,"02",1,"2451","7512",3,"8",6,"0003317113","0043885356","0003131000","0036372000","0","0005280000","3131000","41652000"
1040122193,"01",1,"2141","7511",1,"8",6,"0003500000","0045000000","0003336667","0040040004","0","0003000000","3336667","43040004"
1040122193,"08",2,"0112","7523",1,"8",6,"0","0002080000","0","0001982934","0","0","0","1982934"
1040098009,"01",1,"8332","4521",3,"5",3,"0002200000","0025000000","0002200000","0025000000","0","0","2200000","25000000"
1040098002,"01",1,"1429","8021",1,"8",6,"0005500000","0069000000","0004368000","0052416000","0000700000","0011400000","5068000","63816000"
1040110059,"01",1,"2320","8021",1,"4",6,"0005508000","0069096000","0005000000","0060000000","0","0003000000","5000000","63000000"
1040110059,"03",1,"9314","4521",3,"9",4,"0002000000","0010000000","0002000000","0010000000","0","0","2000000","10000000"
1040110059,"04",1,"9314","4521",3,"9",4,"0002000000","0009000000","0002000000","0009000000","0","0","2000000","9000000"
1040102172,"01",1,"9333","9305",3,"8",3,"0000700000","0016000000","0000700000","0016000000","0","0","700000","16000000"
1040006056,"01",1,"2310","8031",1,"7",6,"0016020000","0212240000","0015000000","0180000000","0","0020000000","15000000","200000000"
1040006064,"01",1,"2432","8031",1,"8",5,"0007110000","0087820000","0006140000","0073680000","0000360000","0006820000","6500000","80500000"
1040006065,"01",1,"3231","8511",3,"12",4,"0004700000","0014100000","0004286000","0012858000","0","0","4286000","12858000"
1040106301,"03",1,"5220","5233",3,"9",7,"0001000000","0012000000","0001000000","0012000000","0","0","1000000","12000000"
1040058065,"01",1,"4190","8511",1,"10",7,"0016000000","0198000000","0011500000","0138000000","0003000000","0042000000","14500000","180000000"
1040058065,"02",1,"2230","8511",1,"13",4,"0011500000","0144000000","0010773333","0129279996","0","0006000000","10773333","135279996"
1040058053,"01",1,"3429","6720",3,"8",6,"0001500000","0018000000","0001430000","0017160000","0","0","1430000","17160000"
1040106307,"01",2,"9314","4522",3,"8",7,"0","0008100000","0","0008100000","0","0","0","8100000"
1040106300,"01",1,"3480","9193",1,"4",7,"0002500000","0030000000","0002353333","0028239996","0","0","2353333","28239996"
1040026109,"01",1,"9314","4521",3,"8",7,"0003600000","0027000000","0003600000","0027000000","0","0","3600000","27000000"
1040026109,"05",1,"9314","4521",3,"8",7,"0002850000","0025000000","0002850000","0025000000","0","0","2850000","25000000"
1040026109,"06",1,"9314","4521",3,"8",6,"0002250000","0022000000","0002250000","0022000000","0","0","2250000","22000000"
1040026102,"04",1,"9314","4521",3,"8",6,"0001800000","0006500000","0001800000","0006500000","0","0","1800000","6500000"
1040026102,"05",1,"7231","5020",3,"10",7,"0000200000","0004000000","0000200000","0002800000","0","0001200000","200000","4000000"
1040074193,"02",1,"5220","5232",3,"10",7,"0001300000","0015600000","0001244000","0014928000","0","0","1244000","14928000"
1040026098,"01",1,"7501","1724",3,"8",6,"0003000000","0036000000","0003000000","0036000000","0","0","3000000","36000000"
1040026109,"07",1,"7218","5260",3,"8",6,"0001400000","0007500000","0001300000","0006500000","0000100000","0001000000","1400000","7500000"
1040074190,"04",1,"7231","5020",3,"8",6,"0003200000","0039000000","0003000000","0036000000","0000200000","0003000000","3200000","39000000"
1040074188,"03",1,"9314","4521",3,"9",5,"0003400000","0017000000","0003400000","0017000000","0","0","3400000","17000000"
1040074188,"05",1,"2320","8021",1,"4",6,"0003900000","0050300000","0003480000","0041760000","0","0003500000","3480000","45260000"
1040114208,"01",1,"1100","7511",1,"8",7,"0007633333","0099599996","0006000000","0072000000","0001000000","0020000000","7000000","92000000"
1040114202,"03",1,"2331","7512",1,"2",2,"0001583020","0012500000","0001470000","0010000000","0","0001500000","1470000","11500000"
1040114208,"03",1,"2141","4522",3,"7",6,"0001000000","0012000000","0001000000","0012000000","0","0","1000000","12000000"
1040114199,"01",1,"4115","5126",3,"8",7,"0000500000","0015000000","0000500000","0015000000","0","0","500000","15000000"
1040078067,"03",1,"5220","9249",3,"5",7,"0001400000","0002800000","0001400000","0002800000","0","0","1400000","2800000"
1040078067,"04",2,"0112","7522",1,"8",6,"0","0001682000","0","0001200000","0","0","0","1200000"
1040066168,"01",1,"7221","2811",3,"6",6,"0002500000","0038000000","0002500000","0003800000","0","0","2500000","3800000"
1040038253,"02",2,"5220","5232",3,"8",6,"0","0009000000","0","0009000000","0","0","0","9000000"
1040038253,"03",1,"7433","1810",3,"9",6,"0001200000","0013700000","0001200000","0013200000","0","0000500000","1200000","13700000"
1040030008,"01",1,"4141","6512",1,"9",6,"0008953400","0116440800","0006800000","0081600000","0001500000","0027000000","8300000","108600000"
1040030010,"01",1,"9152","4100",3,"12",7,"0004310000","0056328000","0004000000","0048600000","0","0004000000","4000000","52600000"
1040038244,"05",1,"2320","8021",1,"5",6,"0","0030000000","0","0030000000","0","0","0","30000000"
1040078065,"01",1,"9314","4521",3,"8",4,"0002500000","0035000000","0002500000","0035000000","0","0","2500000","35000000"
1040078058,"03",1,"2411","5129",3,"8",6,"0001300000","0003900000","0001300000","0003900000","0","0","1300000","3900000"
1040078058,"04",1,"7417","1545",3,"7",6,"0000650000","0000650000","0000650000","0000650000","0","0","650000","650000"
1040018003,"03",1,"0112","7522",1,"8",6,"0000426433","0000852886","0000350000","0000700000","0","0","350000","700000"
1040018003,"05",1,"2142","4521",3,"10",7,"0003098000","0015490000","0003000000","0015000000","0","0","3000000","15000000"
1040018009,"01",1,"8324","6023",3,"9",4,"0003500000","0050000000","0003500000","0050000000","0","0","3500000","50000000"
1040082062,"01",1,"9211","0140",3,"8",5,"0003000000","0007000000","0003000000","0007000000","0","0","3000000","7000000"
1040082062,"03",1,"9211","0140",3,"8",3,"0000300000","0000300000","0000300000","0000300000","0","0","300000","300000"
1040082059,"01",2,"9314","4540",3,"10",5,"0","0028000000","0","0028000000","0","0","0","28000000"
1040082059,"02",2,"9314","4540",3,"10",5,"0","0021600000","0","0021600000","0","0","0","21600000"
1040010156,"01",1,"2490","6512",1,"8",6,"0005600000","0085200000","0004550000","0051660000","0000600000","0025200000","5150000","76860000"
1040010156,"02",1,"4121","8021",1,"5",6,"0003800000","0048600000","0003458000","0041496000","0","0003000000","3458000","44496000"
1040010164,"01",1,"2411","7512",1,"8",6,"0006500000","0081000000","0004895000","0058740000","0001000000","0015000000","5895000","73740000"
1040082064,"01",1,"9211","0140",3,"8",4,"0000500000","0003500000","0000500000","0003500000","0","0","500000","3500000"
1040082064,"03",2,"9211","0140",3,"9",7,"0","0007500000","0","0007500000","0","0","0","7500000"
1040082064,"04",1,"7221","2811",3,"8",6,"0001500000","0018000000","0001500000","0018000000","0","0","1500000","18000000"
1040082064,"06",2,"9211","0140",3,"9",7,"0","0007500000","0","0007500000","0","0","0","7500000"
1040082056,"01",1,"7133","4540",3,"8",5,"0003150000","0036000000","0003150000","0036000000","0","0","3150000","36000000"
1040082054,"03",1,"0112","7522",1,"8",6,"00","0","0000","0","0","0","0","0"
1040003254,"01",1,"8324","6023",3,"10",6,"0007000000","0084000000","0007000000","0084000000","0","0","7000000","84000000"
1040087147,"01",1,"9211","7493",3,"9",7,"0003311000","0039732000","0002984887","0035818644","0000180000","0002160000","3164887","37978644"
1040087157,"01",1,"9333","9305",3,"8",6,"0004500000","0031500000","0004146667","0027260000","0","0","4146667","27260000"
1040003250,"04",2,"0112","7522",1,"8",6,"0000309800","0003717600","0000300000","0003600000","0","0","300000","3600000"
1040003255,"01",1,"5220","5010",3,"8",6,"0003000000","0042000000","0002860000","0034320000","0","0006000000","2860000","40320000"
1040003255,"02",1,"1410","8012",1,"5",6,"0005800000","0072600000","0005078000","0060936000","0","0003000000","5078000","63936000"
1040003247,"01",1,"1427","6512",1,"9",5,"0015150000","0198800000","0010000000","0122000000","0004000000","0063000000","14000000","185000000"
1040015126,"03",2,"1429","8531",3,"8",7,"0","0022500000","0","0022500000","0","0","0","22500000"
1040015126,"03",1,"5220","5233",3,"8",6,"0003677113","0010931340","0003131000","0009393000","0000400000","0001100000","3531000","10493000"
1040091171,"01",2,"8141","2023",3,"8",6,"0","0013600000","0","0013600000","0","0","0","13600000"
1040091165,"01",1,"9314","4521",3,"8",6,"0001500000","0022500000","0001500000","0022500000","0","0","1500000","22500000"
1040091168,"01",1,"9314","4521",3,"8",5,"0002400000","0027000000","0002400000","0027000000","0","0","2400000","27000000"
1040091172,"01",1,"9314","4521",3,"8",4,"0002000000","0030000000","0002000000","0030000000","0","0","2000000","30000000"
1040091172,"03",1,"4211","1545",3,"5",5,"0000500000","0000500000","0000500000","0000500000","0","0","500000","500000"
1040015118,"01",1,"9333","6023",3,"5",3,"0001000000","0015000000","0001000000","0015000000","0","0","1000000","15000000"
1040015118,"03",1,"9333","6023",3,"5",5,"0001800000","0018000000","0001800000","0018000000","0","0","1800000","18000000"
1040015114,"01",1,"9211","0140",3,"8",5,"0000400000","0020000000","0000400000","0020000000","0","0","400000","20000000"
1040015114,"03",2,"7141","4540",3,"8",2,"0","0006000000","0","0006000000","0","0","0","6000000"
1040015114,"04",2,"7141","4540",3,"5",4,"0","0002500000","0","0002500000","0","0","0","2500000"
1040015122,"03",2,"0112","7522",1,"8",6,"0","0004543733","0","0004400000","0","0","0","4400000"
1040091177,"01",1,"7417","1545",1,"3",6,"0001884000","0023508000","0001800000","0022100000","0","0000400000","1800000","22500000"
1040007211,"01",1,"9314","4521",3,"8",6,"0004000000","0040000000","0004000000","0040000000","0","0","4000000","40000000"
1040007211,"04",1,"7418","1546",3,"10",6,"0","0007000000","0","0007000000","0","0","0","7000000"
1040007211,"05",1,"5220","5238",3,"12",7,"0003100000","0037200000","0002800000","0033600000","0000300000","0003600000","3100000","37200000"
1040007211,"07",1,"7418","1546",3,"6",6,"0001200000","0007200000","0001200000","0007200000","0","0","1200000","7200000"
1040007208,"01",1,"9314","4521",3,"8",2,"0000400000","0020000000","0000400000","0020000000","0","0","400000","20000000"
1040007204,"01",1,"9141","8021",3,"8",7,"0002508000","0035096000","0002200000","0026400000","0","0005000000","2200000","31400000"
1040115001,"02",1,"2331","8012",1,"4",6,"0005004100","0063549200","0004501650","0054019800","0","0003500000","4501650","57519800"
1040007200,"01",1,"4190","8031",1,"8",6,"0003569600","0050585200","0002940000","0035630000","0000300000","0011000000","3240000","46630000"
1040115010,"01",1,"1429","8021",1,"5",6,"0006598000","0082176000","0006000000","0072000000","0","0003000000","6000000","75000000"
1040059096,"01",1,"2142","4531",3,"14",7,"0005163333","0061959996","0005000000","0060000000","0","0","5000000","60000000"
1040031294,"04",1,"7418","1546",3,"8",7,"0003000000","0036000000","0002860000","0034320000","0","0","2860000","34320000"
1040031294,"07",1,"7433","1810",3,"8",7,"0001200000","0014400000","0001200000","0014400000","0","0","1200000","14400000"
1040031296,"01",1,"9314","4521",3,"8",5,"0001200000","0022500000","0001200000","0022500000","0","0","1200000","22500000"
1040031296,"05",1,"9314","4521",3,"8",5,"0003000000","0027000000","0003000000","0027000000","0","0","3000000","27000000"
1040031296,"06",1,"7422","3610",3,"8",6,"0000500000","0006000000","0","0","0000500000","0006000000","500000","6000000"
1040075142,"02",2,"4121","4521",3,"7",6,"0","0033493333","0","0032000000","0","0","0","32000000"
1040083101,"03",1,"7231","5020",3,"8",7,"0001000000","0012000000","0001000000","0012000000","0","0","1000000","12000000"
1040083110,"01",1,"5162","7523",1,"10",7,"0007000000","0088500000","0006595000","0079140000","0","0004500000","6595000","83640000"
1040011060,"01",1,"4212","6512",1,"8",6,"0007199500","0094394000","0006500000","0080000000","0","0006000000","6500000","86000000"
1040011063,"03",2,"9314","4521",3,"8",5,"0","0009000000","0","0009000000","0","0","0","9000000"
1040071103,"05",2,"5220","5236",3,"8",6,"0","0004500000","0","0004500000","0","0","0","4500000"
1040083106,"01",1,"8332","4510",3,"7",6,"0","0006000000","0","0006000000","0","0","0","6000000"
1040083108,"01",1,"9314","4521",3,"8",4,"0003000000","0035000000","0003000000","0035000000","0","0","3000000","35000000"
1040051008,"01",1,"2144","6421",1,"9",5,"0007000000","0087000000","0004832500","0057990000","0001500000","0021000000","6332500","78990000"
1040051005,"03",1,"7123","4521",3,"8",6,"0003600000","0032400000","0003600000","0032400000","0","0","3600000","32400000"
1040123326,"03",1,"7111","1410",3,"10",7,"0002500000","0010000000","0002383333","0009883333","0","0","2383333","9883333"
1040123326,"03",2,"7501","1724",3,"8",6,"0","0010800000","0","0010800000","0","0","0","010800000"
1040123326,"04",2,"7501","1724",3,"8",6,"0","0010800000","0","0010800000","0","0","0","010800000"
1040011056,"01",1,"5220","4010",1,"7",6,"0005913933","0066317196","0004100000","0049550000","0001500000","0013000000","5600000","62550000"
1040123329,"01",1,"9333","6023",3,"9",5,"0002000000","0025000000","0002000000","0025000000","0","0","2000000","25000000"
1040123329,"03",1,"7501","1724",3,"8",6,"0001000000","0010000000","0001000000","0010000000","0","0","1000000","10000000"
1040123329,"04",1,"7501","1724",3,"8",6,"0001000000","0010000000","0001000000","0010000000","0","0","1000000","10000000"
1040063064,"01",1,"7126","4521",3,"9",6,"0005400000","0048600000","0005400000","0048600000","0","0","5400000","48600000"
1040067194,"01",1,"4141","6512",1,"7",6,"0005100000","0064200000","0004500000","0057000000","0","0003000000","4500000","60000000"
1040019015,"01",1,"8323","8031",1,"12",7,"0004000000","0055000000","0003336667","0040040004","0000500000","0013000000","3836667","53040004"
1040019015,"03",1,"0112","7522",1,"8",6,"0000300000","0003600000","0000286000","0003432000","0","0","286000","3432000"
1040019012,"01",1,"3475","8021",1,"6",6,"0005800000","0072600000","0005162000","0061944000","0","0003000000","5162000","64944000"
1040063061,"01",1,"7422","2023",3,"8",6,"0001800000","0023000000","0001800000","0023000000","0","0","1800000","23000000"
1040063068,"01",1,"9314","4521",3,"9",3,"0001500000","0025000000","0001500000","0025000000","0","0","1500000","25000000"
1040043309,"03",1,"4223","5131",3,"8",6,"0","0","0","0","0","0","0","0"
1040043295,"01",1,"2142","4521",3,"8",7,"0007600000","0096200000","0007000000","0084000000","0","0005000000","7000000","89000000"
1040043295,"02",1,"2320","8021",1,"4",6,"0004910000","0061920000","0004500000","0054000000","0","0003000000","4500000","57000000"
1040023163,"01",1,"3435","7412",3,"6",5,"0000900000","0010000000","0000900000","0010000000","0","0","900000","10000000"
1040023154,"01",1,"7417","1545",3,"8",4,"0001700000","0027000000","0001700000","0027000000","0","0","1700000","27000000"
1040047002,"01",1,"2331","8012",1,"5",5,"0005231100","0065693200","0004700000","0056820000","0","0002500000","4700000","59320000"
1040047002,"02",1,"2331","8021",1,"6",6,"0005008500","0063202000","0004500000","0054600000","0","0002500000","4500000","57100000"
1040047015,"01",1,"5220","5232",3,"10",7,"0002000000","0024000000","0002000000","0024000000","0","0","2000000","24000000"
1040047012,"01",1,"9152","7493",3,"12",5,"0004100000","0026400000","0003070000","0024560000","0000900000","0","3970000","24560000"
1040047012,"01",2,"8324","6023",3,"10",7,"0","0012000000","0","0012000000","0","0","0","12000000"
1040107011,"04",2,"0112","7522",1,"6",6,"0","0002788200","0","0002700000","0","0","0","2700000"
1040035143,"01",1,"4134","2710",3,"9",6,"0004000000","0055500000","0003336667","0040040004","0000500000","0013000000","3836667","53040004"
1040107001,"01",1,"9314","4521",3,"9",5,"0002500000","0028000000","0002500000","0028000000","0","0","2500000","28000000"
1040111068,"01",1,"7422","3610",3,"9",6,"0003200000","0041000000","0003200000","0039000000","0","0002000000","3200000","41000000"
1040111060,"01",1,"6121","0124",3,"10",7,"0002000000","0024000000","0002000000","0024000000","0","0","2000000","24000000"
1040035147,"01",1,"2320","8090",1,"10",6,"0005500000","0069000000","0004095000","0049140000","0001000000","0015000000","5095000","64140000"
1040035147,"02",1,"4111","7523",1,"8",6,"0003500000","0045000000","0002912000","0034944000","0000300000","0009600000","3212000","44544000"
1040039056,"01",1,"0111","7522",1,"9",6,"0005500000","0069000000","0004550000","0054600000","0000500000","0009000000","5050000","63600000"
1040039063,"01",1,"4211","7493",3,"8",6,"0004250000","0057000000","0003003000","0036036000","0001100000","0019200000","4103000","55236000"
1040107004,"01",2,"9211","7511",3,"9",7,"0","0043500000","0","0038610000","0","0003000000","0","41610000"
1040107004,"03",1,"8324","6023",3,"10",7,"0005000000","0060000000","0004766667","0057200004","0","0","4766667","57200004"
1040099164,"03",1,"9314","4521",3,"8",3,"0000300000","0003000000","0000300000","0003000000","0","0","300000","3000000"
1040027203,"01",1,"9314","4521",3,"9",5,"0002800000","0025000000","0002800000","0025000000","0","0","2800000","25000000"
1040027191,"02",1,"9314","4521",3,"9",5,"0003500000","0026000000","0003500000","0026000000","0","0","3500000","26000000"
1040027193,"02",1,"7123","4521",3,"9",5,"0003300000","0028250000","0003300000","0028250000","0","0","3300000","28250000"
1040027196,"01",1,"9314","4521",3,"9",6,"0004000000","0038000000","0004000000","0038000000","0","0","4000000","38000000"
1040027200,"01",1,"9314","4521",3,"9",4,"0001200000","0013500000","0001200000","0013500000","0","0","1200000","13500000"
1040027200,"01",2,"9211","0126",3,"12",7,"0","0012000000","0","0012000000","0","0","0","12000000"
1040099168,"03",1,"7142","5020",3,"8",6,"0000500000","0006000000","0","0","0000500000","0006000000","500000","6000000"
1040099164,"01",2,"9314","4521",3,"6",4,"0","0005000000","0","0005000000","0","0","0","5000000"
1040099164,"01",1,"9211","9249",3,"8",7,"0003000000","0024000000","0003000000","0024000000","0","0","3000000","24000000"
1040099170,"03",1,"7218","5020",3,"8",6,"0001200000","0014000000","0001000000","0012000000","0000200000","0002000000","1200000","14000000"
1040111064,"01",1,"1410","8012",1,"6",6,"0005440000","0066880000","0005000000","0059600000","0","0002000000","5000000","61600000"
1040111066,"01",1,"9211","0140",3,"9",4,"0003000000","0026000000","0003000000","0026000000","00","0","3000000","26000000"
1040055196,"01",1,"9314","4521",3,"9",5,"0002250000","0032000000","0002250000","0032000000","0","0","2250000","32000000"
1040079107,"01",1,"7126","4521",3,"9",5,"0002500000","0030000000","0002500000","0030000000","0","0","2500000","30000000"
1040079110,"04",1,"9314","4521",3,"8",5,"0002500000","0020000000","0002500000","0020000000","0","0","2500000","20000000"
1040055203,"03",1,"2331","8011",1,"6",6,"0000700000","0006300000","0000667333","0006006000","0","0","667333","6006000"
1040055206,"01",1,"9152","1721",3,"10",6,"0003000000","0036000000","0002860000","0034320000","0","0","2860000","34320000"
1040103102,"01",1,"2320","8021",1,"6",6,"0006300000","0078600000","0005260000","0063120000","0000300000","0006600000","5560000","69720000"
1040103107,"01",1,"0112","7522",1,"6",6,"0000722866","0008674392","0000700000","0008400000","0","0","700000","8400000"
1040103113,"01",1,"2411","7512",1,"7",6,"0007400000","0091800000","0004835000","0058020000","0002000000","0027000000","6835000","85020000"
1040095163,"03",1,"2431","9232",1,"6",6,"0003140000","0041180000","0003000000","0036500000","0","0003000000","3000000","39500000"
1040095163,"04",1,"2432","9231",1,"8",6,"0004286667","0055090004","0004000000","0048650000","0","0003000000","4000000","51650000"
1040095161,"07",1,"2310","8031",1,"8",6,"0","0008000000","0","0008000000","0","0","0","8000000"
1040095168,"03",1,"8324","6023",3,"10",7,"0002000000","0006000000","0002000000","0006000000","0","0","2000000","6000000"
1040103106,"01",1,"2320","8021",1,"6",5,"0004807200","0061136400","0004400000","0053250000","0","0003000000","4400000","56250000"
1040103112,"01",1,"8324","6023",3,"15",5,"0005000000","0065000000","0005000000","0060000000","0","0005000000","5000000","65000000"
1040119006,"01",1,"7126","4521",3,"9",4,"0002000000","0024000000","0002000000","0024000000","0","0","2000000","24000000"
1040119001,"01",1,"9314","7511",1,"8",7,"0004663333","0065960000","0004500000","0060000000","0","0004000000","4500000","64000000"
1040119012,"01",1,"8154","7310",1,"6",7,"0003000000","0042000000","0002860000","0034320000","0","0006000000","2860000","40320000"
1040119015,"04",1,"7231","5020",3,"8",6,"0000300000","0001000000","0000300000","0001000000","0","0","300000","1000000"
1040019005,"01",1,"9333","1520",3,"8",7,"0004000000","0051000000","0003336667","0040040000","0000500000","0009000000","3836667","49040000"
1040124152,"01",1,"8159","2699",1,"10",6,"0006156800","0074481600","0004800000","0058200000","0001000000","0012000000","5800000","70200000"
1040124146,"01",1,"7126","4521",3,"9",4,"0001000000","0028000000","0001000000","0028000000","0","0","1000000","28000000"
1040124146,"03",1,"8112","2696",3,"10",6,"0001644667","0031538667","0001500000","0030000000","0","0","1500000","30000000"
1040124146,"04",1,"5162","7523",1,"9",6,"0003770000","0048240000","0003500000","0042000000","0","0003000000","3500000","45000000"
1040124142,"02",1,"8333","6023",3,"9",7,"0004000000","0032000000","0004000000","0032000000","0","0","4000000","32000000"
1040124142,"02",2,"7221","4521",3,"9",6,"0","0002000000","0","0002000000","0","0","0","2000000"
1040124156,"01",1,"7126","4521",3,"8",6,"0004500000","0054000000","0004500000","0054000000","0","0","4500000","54000000"
1040068052,"01",1,"4211","1545",3,"6",7,"0001200000","0014800000","0001200000","0014400000","0","0000400000","1200000","14800000"
1040040062,"01",1,"0111","7522",1,"8",6,"0008350000","0111000000","0007500000","0090400000","0","0006000000","7500000","96400000"
1040040065,"01",1,"0111","7522",1,"18",2,"0006754744","0084356928","0006170000","0074840000","0","0002500000","6170000","77340000"
1040040069,"01",1,"0111","7522",1,"8",6,"0006527600","0069831200","0005200000","0062400000","0001000000","0003500000","6200000","65900000"
1040052187,"04",1,"3152","2109",3,"8",6,"0002500000","0022500000","0002383333","0021449997","0","0","2383333","21449997"
1040052187,"06",1,"0111","7522",1,"8",6,"0000584000","0004672000","0000556747","0004453976","0","0","556747","4453976"
1040052187,"09",1,"7501","8090",1,"4",6,"0003500000","0045000000","0003336667","0040040004","0","0003000000","3336667","43040004"
1040052192,"02",2,"2320","8022",3,"6",6,"0","0010980000","0","0010000000","0","0","0","10000000"
1040080171,"01",1,"9160","7511",1,"9",6,"0003500000","0045000000","0003336667","0040040004","0","0003000000","3336667","43040004"
1040080175,"04",1,"7133","4540",3,"8",6,"0001800000","0013500000","0001800000","0013500000","0","0","1800000","13500000"
1040080180,"01",1,"9314","4521",3,"9",4,"0000500000","0015000000","0000500000","0015000000","0","0","500000","15000000"
1040088099,"01",1,"8324","9001",3,"6",6,"0003500000","0045000000","0003500000","0045000000","0","0","3500000","45000000"
1040088100,"04",1,"7437","1721",3,"8",6,"0000100000","0001000000","0","0","0000100000","0001000000","100000","1000000"
1040040067,"01",1,"0111","7522",1,"8",6,"0004783500","0060902000","0004500000","0055000000","0","0002500000","4500000","57500000"
1040068048,"01",1,"8322","7511",1,"8",6,"0005000000","0067000000","0003693333","0044319996","0001000000","0019000000","4693333","63319996"
1040012149,"01",1,"9314","4521",3,"8",6,"0001600000","0009000000","0001600000","0009000000","0","0","1600000","9000000"
1040012149,"04",1,"9314","4540",3,"8",6,"0002250000","0027000000","0002250000","0027000000","0","0","2250000","27000000"
1040012156,"01",1,"9314","4521",3,"8",6,"0001650000","0027000000","0001650000","0027000000","0","0","1650000","27000000"
1040036177,"01",2,"3435","7511",1,"8",6,"0","0024600000","0","0013800000","0","0009000000","0","22800000"
1040036165,"02",1,"2320","8021",1,"4",6,"0006000000","0075180000","0005305000","0063660000","0","0003180000","5305000","66840000"
1040068049,"01",1,"9314","4521",3,"8",4,"0","0012600000","0","0012600000","0","0","0","12600000"
1040068058,"01",1,"4121","9199",1,"7",6,"0000900000","0001800000","0000900000","0001800000","0","0","900000","1800000"
1040068058,"03",1,"9320","1542",3,"9",6,"0002000000","0008000000","0002000000","0008000000","0","0","2000000","8000000"
1040012145,"01",1,"9314","4521",3,"8",6,"0002550000","0027000000","0002550000","0027000000","0","0","2550000","27000000"
1040068056,"01",1,"9131","7493",3,"8",2,"0001500000","0015000000","0001500000","0015000000","0","0","1500000","15000000"
1040096005,"01",1,"5169","7512",1,"8",6,"0012660000","0092140000","0005000000","0061600000","0007180000","0024780000","12180000","86380000"
1040028117,"02",1,"9314","4521",3,"9",4,"0000750000","0022500000","0000750000","0022500000","0","0","750000","22500000"
1040016067,"01",1,"9333","9305",3,"10",7,"0001650000","0032000000","0001650000","0032000000","0","0","1650000","32000000"
1040016067,"03",1,"7417","1545",3,"5",7,"0002700000","0016200000","0002574000","0015444000","0","0","2574000","15444000"
1040016067,"04",1,"7417","1545",3,"5",7,"0003600000","0043200000","0003432000","0041184000","0","0","3432000","41184000"
1040028105,"03",1,"9131","7493",3,"8",7,"0004140000","0050680000","0003000000","0036000000","0001000000","0013000000","4000000","49000000"
1040016062,"01",1,"9314","4521",3,"8",6,"0001950000","0036000000","0001950000","0036000000","0","0","1950000","36000000"
1040028106,"01",1,"7437","1721",3,"10",6,"0001500000","0018000000","0001500000","0018000000","0","0","1500000","18000000"
1040112153,"01",1,"9314","4521",3,"8",6,"0001000000","0018000000","0001000000","0018000000","0","0","1000000","18000000"
1040016063,"01",1,"9314","0201",3,"7",5,"0002250000","0018000000","0002250000","0018000000","0","0","2250000","18000000"
1040016063,"03",2,"7141","4540",3,"8",7,"0","0012750000","0","0012750000","0","0","0","12750000"
1040016063,"04",1,"4113","7497",3,"8",6,"0001000000","0002000000","0001000000","0002000000","0","0","1000000","2000000"
1040016063,"05",1,"7417","1545",3,"7",7,"0002400000","0028800000","0002400000","0028800000","0","0","2400000","28800000"
1040004197,"02",1,"2331","8012",1,"4",6,"0004560000","0057720000","0004000000","0048000000","0","0003000000","4000000","51000000"
1040004203,"01",1,"0111","7522",1,"8",6,"0006405000","0081860000","0006000000","0072000000","0","0005000000","6000000","77000000"
1040004203,"02",1,"2331","8012",1,"5",6,"0005420000","0068040000","0005000000","0060000000","0","0003000000","5000000","63000000"
1040004199,"01",1,"2331","8012",1,"5",6,"0006655000","0084860000","0006000000","0072000000","0","0005000000","6000000","77000000"
1040008054,"01",1,"2320","8022",1,"6",4,"0005620000","0070440000","0004480000","0053760000","0000540000","0009480000","5020000","63240000"
1040016071,"02",1,"3118","4522",3,"8",6,"0","0","0","0","0","0","0","0"
1040008062,"03",1,"7221","2811",3,"8",3,"0000600000","0006000000","0000600000","0006000000","0","0","600000","6000000"
1040008060,"01",1,"3435","1555",3,"9",7,"0006500000","0081000000","0002945800","0035349600","0003410000","0037920000","6355800","73269600"
1040008060,"01",1,"3435","5222",2,"3",3,"0001000000","0012000000","0001000000","0012000000","0","0","1000000","12000000"
1040008060,"01",1,"3435","4522",3,"3",3,"0002000000","0024000000","0002000000","0024000000","0","0","2000000","24000000"
1040072115,"01",1,"9314","4521",3,"8",4,"0","0025000000","0","0025000000","0","0","0","25000000"
1040008051,"01",2,"9314","4521",3,"9",3,"0","0005000000","0","0005000000","0","0","0","5000000"
1040008051,"03",2,"9314","4521",3,"9",3,"0","0005000000","0","0005000000","0","0","0","5000000"
1040084162,"01",2,"9211","0140",3,"9",2,"0","0003500000","0","0003500000","0","0","0","03500000"
1040084162,"01",1,"9314","4521",3,"9",5,"0003000000","0020000000","0003000000","0020000000","0","0","3000000","20000000"
1040120002,"03",1,"9314","4521",3,"8",7,"0","0036000000","0","0036000000","00","0","0","36000000"
1040120009,"04",1,"7422","2029",3,"8",6,"0000500000","0004000000","0000500000","0004000000","0","0","500000","4000000"
1040084168,"01",1,"9314","4521",3,"8",6,"0001800000","0031500000","0001800000","0031500000","0","0","1800000","31500000"
1040084169,"01",1,"9314","4521",3,"8",6,"0002000000","0027500000","0002000000","0027500000","0","0","2000000","27500000"
1040120006,"02",1,"1429","8012",1,"4",6,"0007002243","0087206916","0006267698","0075212376","0","0003180000","6267698","78392376"
1040120015,"05",1,"4121","4521",3,"8",6,"0003500000","0007000000","0003500000","0007000000","0","0","3500000","7000000"
1040084158,"01",1,"9314","4521",3,"9",4,"0","0025000000","0","0025000000","0","0","0","25000000"
1040032052,"03",1,"2310","8031",1,"8",3,"0012076667","0116920004","0010000000","0095000000","0001500000","0015000000","11500000","110000000"
1040044273,"01",1,"8322","7511",1,"5",3,"0006561248","0066974976","0003720000","0044640000","0002480000","0018000000","6200000","62640000"
1040044273,"05",2,"9211","9249",3,"10",7,"0","0030899901","0","0025048000","0","0004683000","0","29731000"
1040044277,"03",1,"9152","1542",3,"12",4,"0005150000","0066800000","0005000000","0060000000","0","0005000000","5000000","65000000"
1040044277,"04",1,"1429","8021",1,"8",6,"0004765000","0063180000","0003900000","0046800000","0000300000","0006000000","4200000","52800000"
1040116167,"04",1,"3221","8511",1,"8",6,"0","0","0","0","0","0","0","0"
1040116167,"05",1,"2320","8021",1,"6",4,"0003500000","0045000000","0003336667","0040040004","0","0003000000","3336667","43040004"
1040048109,"03",1,"3221","8511",1,"9",6,"0007180000","0051180000","0003850667","0046208004","0003180000","0003180000","7030667","49388004"
1040048115,"01",1,"9314","4521",3,"8",5,"0001500000","0031500000","0001500000","0031500000","0","0","1500000","31500000"
1040024104,"01",2,"9131","7522",1,"6",6,"0","0048935000","0","0045000000","0","0","0","45000000"
1040092150,"01",1,"9211","0140",3,"8",6,"0001680000","0032400000","0001680000","0032400000","0","0","1680000","32400000"
1040092151,"01",1,"7422","2023",3,"8",6,"0003000000","0015000000","0003000000","0015000000","0","0","3000000","15000000"
1040092140,"01",2,"9314","4521",3,"9",4,"0","0012000000","0","0012000000","0","0","0","12000000"
1040092140,"03",2,"9314","4521",3,"9",3,"0","0007500000","0","0007500000","0","0","0","7500000"
1040024101,"01",1,"7141","4540",3,"7",5,"0001000000","0050000000","0001000000","0050000000","0","0","1000000","50000000"
1040024108,"01",1,"9333","1531",3,"7",6,"0009537113","0045585356","0003131000","0037572000","0006260000","0006260000","9391000","43832000"
1040024110,"01",1,"9211","0140",3,"8",3,"0","0017000000","0","0017000000","0","0","0","17000000"
1040024110,"03",2,"7414","1532",3,"9",6,"0","0008000000","0","0008000000","0","0","0","8000000"
1040092146,"01",2,"9314","4521",3,"9",6,"0","0027000000","0","0027000000","0","0","0","27000000"
1040104002,"01",1,"9211","0140",3,"9",7,"0003500000","0042000000","0003500000","0042000000","0","0","3500000","42000000"
1040104008,"01",2,"9211","0140",3,"10",6,"0","0030000000","0","0030000000","0","0","0","30000000"
1040104008,"03",2,"5220","5231",3,"10",6,"0","0035000000","0","0035000000","0","0","0","35000000"
1040104008,"03",1,"3429","5156",3,"8",6,"0","0","0","0","0","0","0","0"
1040108171,"01",1,"2331","8012",1,"5",5,"0012350000","0110040000","0006440000","0077280000","0005180000","0027180000","11620000","104460000"
1040064104,"02",1,"7126","4521",3,"9",6,"0006000000","0036000000","0006000000","0036000000","0","0","6000000","36000000"
1040064110,"05",1,"2331","8012",1,"5",7,"0001635000","0017715000","0001500000","0013500000","0","0003000000","1500000","16500000"
1040108165,"01",1,"1410","4020",1,"9",6,"0006200000","0077580000","0005070000","0060840000","0000700000","0011580000","5770000","72420000"
1040108168,"01",1,"1410","7511",1,"8",6,"0014885000","0134040000","0005500000","0066000000","0008780000","0060780000","14280000","126780000"
1040108168,"02",1,"2320","8021",1,"6",4,"0009536500","0074198000","0005500000","0064000000","0003560000","0004480000","9060000","68480000"
1040108172,"01",1,"0111","7522",1,"7",6,"0007930000","0067180000","0004300000","0051600000","0003180000","0013180000","7480000","64780000"
1040108172,"02",1,"2331","8012",1,"4",6,"0007830000","0058980000","0004000000","0048000000","0003180000","0003180000","7180000","51180000"
1040056217,"01",1,"7422","2023",3,"8",5,"0001800000","0024000000","0001800000","0024000000","0","0","1800000","24000000"
1040056220,"01",1,"9314","4521",3,"8",3,"0001500000","0010000000","0001500000","0010000000","0","0","1500000","10000000"
1040056212,"01",1,"1410","8031",1,"8",5,"0012000000","0147000000","0008300000","0099600000","0003000000","0039000000","11300000","138600000"
1040100111,"03",1,"5111","6023",3,"8",6,"0003000000","0024000000","0003000000","0024000000","0","0","3000000","24000000"
1040100120,"02",1,"7417","1545",3,"6",6,"0002140000","0031180000","0002000000","0029500000","0","0","2000000","29500000"
1040100120,"03",1,"7417","1545",3,"6",6,"0001500000","0001500000","0001500000","0001500000","0","0","1500000","1500000"
1040100120,"03",2,"7132","4540",3,"9",5,"0","0018000000","0","0018000000","0","0","0","18000000"
1040020113,"01",1,"8322","4522",3,"10",6,"0004677113","0055825356","0003100000","0037200000","0001400000","0016500000","4500000","53700000"
1040060010,"01",1,"7133","4540",3,"8",6,"0002400000","0063000000","0002400000","0063000000","0","0","2400000","63000000"
1040020106,"03",1,"7414","1519",3,"8",7,"0","0012393000","0","0008954660","0","0003000000","0","11954660"
1040020106,"03",2,"7123","4521",3,"10",7,"0","0030000000","0","0030000000","0","0","0","30000000"
1040012152,"01",1,"7133","4540",3,"8",6,"0002200000","0022500000","0002200000","0022500000","0","0","2200000","22500000"
1040012143,"01",1,"7211","2731",3,"9",6,"0003500000","0052000000","0003336667","0039240000","0","0010800000","3336667","50040000"
1040076051,"03",1,"4222","8511",3,"8",7,"0003500000","0045000000","0003336667","0040040004","0","0003000000","3336667","43040004"
1040076051,"04",1,"1410","8021",1,"6",6,"0006500000","0081000000","0005310000","0063720000","0000500000","0009000000","5810000","72720000"
1040076051,"05",1,"2332","8012",1,"4",6,"0001100000","0009900000","0001048667","0009438003","0","0","1048667","9438003"
1050097178,"01",1,"9314","4521",3,"7",6,"0002500000","0015000000","0002500000","0015000000","0","0","2500000","15000000"
1050097178,"04",2,"9314","4521",3,NA,NA,"0","0004000000","0","0004000000","0","0","0","4000000"
1050097178,"06",2,"9314","4521",3,NA,NA,"0","0008000000","0","0008000000","0","0","0","8000000"
1050049066,"01",1,"9333","9305",3,"7",6,"0000900000","0015000000","0000900000","0015000000","0","0","900000","15000000"
1050049064,"02",1,"2320","8021",1,"7",6,"0005000000","0063000000","0004466000","0053592000","0","0003000000","4466000","56592000"
1050085069,"01",1,"9132","8511",1,"7",6,"0003000000","0039000000","0002860000","0034320000","0","0003000000","2860000","37320000"
1050085065,"01",1,"4190","7512",1,"8",6,"0005500000","0069000000","0004950000","0059400000","0","0003000000","4950000","62400000"
1050085056,"02",1,"8322","6022",3,"8",6,"0003000000","0036000000","0003000000","0036000000","0","0","3000000","36000000"
1050085056,"03",1,"4190","0123",2,"4",6,"0001300000","0010400000","0001300000","0010400000","0","0","1300000","10400000"
1050085062,"04",1,"2230","8511",1,"11",7,"0006000000","0075000000","0004686000","0056232000","0001000000","0015000000","5686000","71232000"
1050097175,"01",1,"8324","6023",3,"14",4,"0005000000","0045000000","0005000000","0045000000","0","0","5000000","45000000"
1050097171,"05",1,"9333","2696",3,"8",6,"0002000000","0002000000","0002000000","0002000000","0","0","2000000","2000000"
1050049056,"03",2,"0112","7522",1,NA,NA,"0","0004000000","0","0004000000","0","0","0","4000000"
1050025107,"01",1,"9314","4521",3,"8",4,"0001000000","0021000000","0001000000","0021000000","0","0","1000000","21000000"
1050025107,"06",1,"7433","1810",3,"6",6,"0000400000","0004800000","0000400000","0004800000","0","0","400000","4800000"
1050025109,"01",1,"9314","4521",3,"8",6,"0002500000","0035000000","0002500000","0035000000","0","0","2500000","35000000"
1050013105,"01",1,"8323","7514",1,"10",6,"0005000000","0065000000","0004760000","0057120000","0","0005000000","4760000","62120000"
1050013115,"01",1,"8324","6023",3,"8",6,"0002500000","0040000000","0002500000","0040000000","0","0","2500000","40000000"
1050109239,"01",1,"7126","4521",3,"7",6,"0003000000","0040000000","0003000000","0040000000","0","0","3000000","40000000"
1050013107,"01",1,"2429","7514",1,"8",6,"0006200000","0077400000","0004743810","0056925720","0001200000","0017400000","5943810","74325720"
1050073011,"01",1,"0111","7522",1,"8",6,"0006800000","0084600000","0006188000","0074256000","0","0003000000","6188000","77256000"
1050073003,"01",1,"4141","7511",1,"8",6,"0006168888","0077026656","0005499201","0065990412","0","0003000000","5499201","68990412"
1050013109,"01",1,"4141","7514",1,"8",6,"0005000000","0069000000","0004095000","0049140000","0000500000","0009000000","4595000","58140000"
1050025117,"01",1,"9314","4521",3,"8",4,"0002000000","0018000000","0002000000","0018000000","0","0","2000000","18000000"
1050025117,"03",2,"9314","4521",3,NA,NA,"0","0001600000","0","0001600000","0","0","0","1600000"
1050025117,"05",2,"9314","4521",3,NA,NA,"0","0000700000","0","0000700000","0","0","0","700000"
1050025117,"06",2,"5220","5232",3,NA,NA,"0","0000700000","0","0000700000","0","0","0","700000"
1050001119,"01",1,"9314","4521",3,"8",4,"0002000000","0025000000","0002000000","0025000000","0","0","2000000","25000000"
1050025114,"01",1,"7231","5020",3,"8",6,"0003000000","0039000000","0002790000","0033480000","0","0003000000","2790000","36480000"
1050061176,"06",1,"2320","8090",3,"4",4,"0001500000","0004500000","0001500000","0004500000","0","0","1500000","4500000"
1050001110,"01",1,"9314","4521",3,"7",6,"0002000000","0006000000","0002000000","0006000000","0","0","2000000","6000000"
1050037065,"01",1,"7325","2697",3,"10",6,"0003000000","0035000000","0003000000","0035000000","0","0","3000000","35000000"
1050037065,"04",2,"7325","2697",3,NA,NA,"0","0030000000","0","0030000000","0","0","0","30000000"
1050037065,"08",2,"7325","2697",3,NA,NA,"0","0005000000","0","0005000000","0","0","0","5000000"
1050073015,"01",1,"0111","7522",1,"8",6,"0005197776","0065873312","0004729977","0056759724","0","0003500000","4729977","60259724"
1050037062,"04",1,"1422","2691",3,"6",6,"0005000000","0063000000","0004747200","0056966400","0","0003000000","4747200","59966400"
1050061174,"04",1,"8322","6023",3,"7",7,"0001500000","0009000000","0001500000","0009000000","0","0","1500000","9000000"
1050089243,"01",1,"9314","4521",3,"8",2,"0000300000","0007000000","0000300000","0007000000","0","0","300000","7000000"
1050113109,"03",1,"5220","5050",3,"8",6,"0002000000","0026000000","0001906000","0022872000","0","0002000000","1906000","24872000"
1050113109,"04",1,"2320","8021",1,"5",4,"0003000000","0027000000","0003000000","0027000000","0","0","3000000","27000000"
1050113100,"02",2,"9211","0130",3,NA,NA,"0","0007000000","0","0007000000","0","0","0","7000000"
1050005063,"01",1,"9314","4521",3,"9",4,"0001200000","0021000000","0001200000","0021000000","0","0","1200000","21000000"
1050005059,"03",1,"2320","8021",1,"7",4,"0005000000","0063000000","0004466000","0053592000","0","0003000000","4466000","56592000"
1050005066,"03",1,"3113","2698",3,"10",6,"0","0","0","0","0","0","0","0"
1050005066,"04",1,"3113","1514",3,"9",7,"0003000000","0038500000","0002860000","0034320000","0","0002500000","2860000","36820000"
1050005054,"01",2,"9314","4521",3,NA,NA,"0","0007000000","0","0007000000","0","0","0","7000000"
1050005054,"03",1,"3222","8517",1,"6",6,"0003662000","0032296000","0003500000","0028000000","0","0003000000","3500000","31000000"
1050077119,"01",1,"8324","6023",3,"12",4,"0004000000","0032000000","0004000000","0032000000","0","0","4000000","32000000"
1050065215,"01",1,"7126","4521",3,"9",4,"0002000000","0024000000","0002000000","0024000000","0","0","2000000","24000000"
1050065209,"01",1,"9314","4521",3,"9",4,"0001500000","0018000000","0001500000","0018000000","0","0","1500000","18000000"
1050065219,"03",1,"5130","8511",3,"10",7,"0002500000","0030000000","0002500000","0030000000","0","0","2500000","30000000"
1050053008,"02",1,"3432","7411",3,"10",6,"0003000000","0039000000","0002860000","0034320000","0","0003000000","2860000","37320000"
1050077120,"01",1,"8322","6022",3,"8",4,"0002500000","0022500000","0002500000","0022500000","0","0","2500000","22500000"
1050053013,"02",1,"2332","8011",3,"4",6,"0000800000","0004800000","0000800000","0004800000","0","0","800000","4800000"
1050053013,"03",1,"7411","1515",3,"8",4,"0002500000","0030000000","0002500000","0030000000","0","0","2500000","30000000"
1050029096,"03",1,"4190","7411",3,"8",6,"0002000000","0026000000","0002000000","0024000000","0","0002000000","2000000","26000000"
1050029096,"05",1,"2490","7530",1,"8",6,"0004000000","0051000000","0003813330","0045759960","0","0003000000","3813330","48759960"
1050041110,"03",1,"7231","5020",3,"5",6,"0001200000","0014400000","0001200000","0014400000","0","0","1200000","14400000"
1050017004,"01",2,"9314","4521",3,NA,NA,"0","0010000000","0","0010000000","0","0","0","10000000"
1050017011,"01",1,"0111","7522",1,"7",6,"0003577000","0045924000","0003255070","0039060840","0","0003000000","3255070","42060840"
1050109250,"01",1,"0111","7522",1,"8",6,"0003000000","0039000000","0002730000","0032760000","0","0003000000","2730000","35760000"
1050065211,"01",1,"9314","4521",3,"8",3,"0001200000","0008400000","0001200000","0008400000","0","0","1200000","8400000"
1050101008,"01",1,"0111","7522",1,"8",6,"0004500000","0058000000","0004095000","0049140000","0","0004000000","4095000","53140000"
1050025104,"01",1,"8324","6023",3,"8",7,"0005700000","0068400000","0005700000","0068400000","0","0","5700000","68400000"
1050009061,"03",1,"8322","6021",3,"8",7,"0001600000","0018000000","0001600000","0018000000","0","0","1600000","18000000"
1050105007,"01",1,"9314","4521",3,"7",6,"0003000000","0021000000","0003000000","0021000000","0","0","3000000","21000000"
1050005061,"01",1,"7123","4521",3,"9",6,"0005244530","0062934360","0005000000","0060000000","0","0","5000000","60000000"
1050005061,"03",2,"7212","2812",3,NA,NA,"0","0006000000","0","0006000000","0","0","0","6000000"
1050045182,"01",1,"9333","9305",3,"8",6,"0004000000","0042000000","0004000000","0042000000","0","0","4000000","42000000"
1050033160,"01",1,"7417","1545",3,"10",7,"0002800000","0008400000","0002800000","0008400000","0","0","2800000","8400000"
1050093059,"01",1,"9333","9305",1,"7",3,"0000800000","0009600000","0000800000","0009600000","0","0","800000","9600000"
1050081059,"04",1,"7142","3610",3,"8",6,"0001800000","0009000000","0001800000","0009000000","0","0","1800000","9000000"
1050021097,"01",1,"9211","0130",3,"8",6,"0001250000","0015000000","0001250000","0015000000","0","0","1250000","15000000"
1050105004,"01",1,"9314","4521",3,"8",4,"0001600000","0014400000","0001600000","0014400000","0","0","1600000","14400000"
1050081066,"01",1,"8322","4522",3,"8",6,"0006000000","0075000000","0004760000","0057120000","0001000000","0015000000","5760000","72120000"
1050021092,"03",1,"9314","4521",3,"9",7,"0001500000","0001500000","0001500000","0001500000","0","0","1500000","1500000"
1050033164,"01",2,"8322","6021",3,NA,NA,"0","0002000000","0","0002000000","0","0","0","2000000"
1050065207,"01",1,"9314","4521",3,"8",4,"0001800000","0016200000","0001800000","0016200000","0","0","1800000","16200000"
1050081060,"03",1,"5220","5222",3,"8",7,"0000300000","0003600000","0000300000","0003600000","0","0","300000","3600000"
1050077123,"01",1,"1410","6023",3,"10",6,"0007000000","0105000000","0005243333","0062919996","0001500000","0021000000","6743333","83919996"
1050057106,"01",1,"2230","8511",1,"15",4,"0004900000","0061800000","0004085000","0049020000","0000400000","0007800000","4485000","56820000"
1050057106,"02",1,"2230","8511",1,"8",7,"0005600000","0073800000","0004466000","0053592000","0000600000","0010200000","5066000","63792000"
1050057119,"01",1,"0111","7522",1,"8",6,"0005700000","0071400000","0005187000","0062244000","0","0003000000","5187000","65244000"
1050057119,"02",1,"2320","8021",1,"7",4,"0005400000","0067800000","0004790000","0057480000","0","0003000000","4790000","60480000"
1050033154,"01",1,"5220","5231",3,"8",7,"0003000000","0039000000","0002860000","0034320000","0","0003000000","2860000","37320000"
1050053003,"02",1,"8161","4010",3,"9",7,"0004500000","0059000000","0004290000","0051480000","0","0005000000","4290000","56480000"
1050053003,"03",1,"4190","8511",1,"8",6,"0005000000","0064000000","0004510000","0054120000","0","0004000000","4510000","58120000"
1050081063,"03",2,"4190","7491",3,NA,NA,"0","0048000000","0","0048000000","0","0","0","48000000"
1050045192,"03",1,"8322","2694",3,"9",6,"0003558666","0010675998","0003400000","0010200000","0","0","3400000","10200000"
1050045192,"03",2,"8322","6021",3,NA,NA,"0","0008000000","0","0008000000","0","0","0","8000000"
1050045186,"01",1,"8322","6021",3,"8",5,"0002000000","0024000000","0002000000","0024000000","0","0","2000000","24000000"
1050057114,"01",1,"0111","7522",1,"8",6,"0005000000","0064000000","0004550000","0054600000","0","0004000000","4550000","58600000"
1050109245,"01",2,"9314","4521",3,NA,NA,"0","0008000000","0","0008000000","0","0","0","8000000"
1050105015,"01",1,"4190","4020",1,"8",6,"0004900000","0066800000","0004290000","0051480000","0000400000","0008000000","4690000","59480000"
1050053010,"01",1,"4215","6512",1,"8",6,"0003000000","0039000000","0002860000","0034320000","0","0003000000","2860000","37320000"
1050009058,"01",1,"0111","7522",1,"7",6,"0006000000","0075000000","0005460000","0065520000","0","0003000000","5460000","68520000"
1050093057,"01",1,"9333","9305",3,"10",6,"0004000000","0035000000","0004000000","0035000000","0","0","4000000","35000000"
1050093057,"03",1,"9333","9305",3,"10",6,"0003500000","0030000000","0003500000","0030000000","0","0","3500000","30000000"
1050093062,"01",1,"3422","6023",3,"9",6,"0004000000","0050000000","0004000000","0050000000","0","0","4000000","50000000"
1050061170,"03",1,"1429","8021",1,"6",6,"0009150000","0113800000","0008000000","0096000000","0","0004000000","8000000","100000000"
1050081055,"01",1,"9152","1911",3,"12",7,"0004500000","0052500000","0004290000","0047190000","0","0003000000","4290000","50190000"
1050069097,"01",1,"0111","7522",1,"8",6,"0005000000","0063000000","0004550000","0054600000","0","0003000000","4550000","57600000"
1050069106,"01",1,"8324","4522",3,"10",7,"0005686666","0071239992","0004186666","0050239992","0001500000","0021000000","5686666","71239992"
1050021105,"03",1,"9152","8031",3,"12",7,"0003500000","0048000000","0002670000","0032040000","0000600000","0013200000","3270000","45240000"
1050077111,"01",1,"3435","4010",1,"10",6,"0006595500","0079146000","0004872755","0058473060","0001200000","0017400000","6072755","75873060"
1050009054,"05",1,"8322","6022",3,"8",7,"0002500000","0030000000","0002500000","0030000000","0","0","2500000","30000000"
1050089250,"01",1,"9314","4521",3,"8",6,"0003000000","0012000000","0003000000","0012000000","0","0","3000000","12000000"
1050089250,"01",2,"9314","4522",3,NA,NA,"0","0015000000","0","0015000000","0","0","0","15000000"
1050089248,"01",1,"3231","8517",1,"6",6,"0005000000","0063000000","0004536000","0054432000","0","0003000000","4536000","57432000"
1050089254,"02",1,"5162","7523",1,"8",6,"0004000000","0051000000","0003640000","0043680000","0","0003000000","3640000","46680000"
1050021096,"01",1,"4223","6421",3,"9",7,"0004000000","0051000000","0003813000","0045756000","0","0003000000","3813000","48756000"
1050093053,"01",1,"8322","7513",1,"9",6,"0006500000","0073000000","0004760000","0057120000","0001500000","0013000000","6260000","70120000"
1050029104,"01",2,"1410","2320",3,NA,NA,"0","0030000000","0","0028600000","0","0","0","28600000"
1050029104,"02",1,"3117","1410",3,"2",1,"0001500000","0018000000","0001500000","0018000000","0","0","1500000","18000000"
1050074118,"01",1,"9314","4521",3,"9",5,"0002500000","0025800000","0002500000","0025800000","0","0","2500000","25800000"
1050038117,"01",1,"7325","2697",3,"10",6,"0004000000","0040000000","0004000000","0040000000","0","0","4000000","40000000"
1050026160,"01",1,"9160","7511",1,"8",6,"0006050000","0076800000","0004570000","0053360000","0001250000","0020800000","5820000","74160000"
1050074117,"01",1,"5122","7491",3,"10",6,"0005000000","0063000000","0004682667","0056192004","0","0003000000","4682667","59192004"
1050038113,"01",1,"7212","4521",3,"8",6,"0003400000","0044200000","0003241300","0038895600","0","0003400000","3241300","42295600"
1050038113,"03",1,"7212","4521",3,"8",6,"0002900000","0037700000","0002764660","0033175920","0","0002900000","2764660","36075920"
1050014015,"01",1,"0111","7522",1,"8",6,"0006000000","0078000000","0005460000","0065520000","0","0006000000","5460000","71520000"
1050098101,"01",2,"9314","4521",3,NA,NA,"0","0006000000","0","0006000000","0","0","0","6000000"
1050110165,"01",2,"9314","4521",3,NA,NA,"0","0006000000","0","0006000000","0","0","0","6000000"
1050110165,"01",1,"9211","0130",3,"9",7,"0002500000","0014000000","0002500000","0014000000","0","0","2500000","14000000"
1050110174,"06",1,"8322","6421",3,"6",6,"0003000000","0006000000","0003000000","0006000000","0","0","3000000","6000000"
1050038122,"01",1,"9314","4521",3,"8",6,"0004000000","0030000000","0004000000","0030000000","0","0","4000000","30000000"
1050002201,"01",1,"9314","4521",3,"6",6,"0003000000","0006000000","0003000000","0006000000","0","0","3000000","6000000"
1050098108,"01",1,"8322","6023",3,"7",6,"0002500000","0030000000","0002500000","0030000000","0","0","2500000","30000000"
1050110171,"02",2,"9211","0130",3,NA,NA,"0","0002000000","0","0002000000","0","0","0","2000000"
1050098104,"01",1,"9314","4521",3,"9",4,"0002400000","0021600000","0002400000","0021600000","0","0","2400000","21600000"
1050110162,"01",1,"9314","4521",3,"8",6,"0002500000","0025000000","0002500000","0025000000","0","0","2500000","25000000"
1050102064,"01",1,"9314","4521",3,"9",5,"0002100000","0016800000","0002100000","0016800000","0","0","2100000","16800000"
1050062200,"01",1,"8324","6023",3,"18",7,"0007000000","0084000000","0007000000","0083000000","0","0001000000","7000000","84000000"
1050050113,"01",1,"0111","7522",1,"6",6,"0004700000","0057000000","0004277000","0049140000","0","0003000000","4277000","52140000"
1050038116,"01",1,"0111","7522",1,"8",6,"0005000000","0063000000","0004550000","0054600000","0","0003000000","4550000","57600000"
1050014002,"03",1,"3432","7411",3,"7",6,"0000350000","0001050000","0000350000","0001050000","0","0","350000","1050000"
1050006097,"01",1,"9320","1514",3,"8",7,"0003800000","0051600000","0002955000","0035460000","0000700000","0014400000","3655000","49860000"
1050030110,"01",1,"9131","9500",3,"10",7,"0001500000","0017000000","0001500000","0017000000","0","0","1500000","17000000"
1050018056,"01",1,"2320","8021",1,"6",6,"0006040000","0080880000","0005373272","0064479264","0","0008400000","5373272","72879264"
1050114003,"01",1,"9211","0130",3,"7",3,"0000500000","0007000000","0000500000","0007000000","0","0","500000","7000000"
1050114014,"01",1,"8324","6023",3,"10",7,"0003500000","0021000000","0003500000","0021000000","0","0","3500000","21000000"
1050074112,"01",1,"9160","7491",3,"10",7,"0004000000","0051500000","0003813334","0045760008","0","0003500000","3813334","49260008"
1050110168,"01",1,"9333","9305",3,"8",7,"0001600000","0012000000","0001600000","0012000000","0","0","1600000","12000000"
1050002202,"02",1,"2320","8021",1,"6",6,"0004500000","0057000000","0004095000","0049140000","0","0003000000","4095000","52140000"
1050014009,"01",1,"3231","8511",1,"8",6,"0005800000","0072600000","0005200400","0062404800","0","0003000000","5200400","65404800"
1050098101,"01",2,"4190","7513",1,NA,NA,"0","0007800000","0","0007800000","0","0","0","7800000"
1050090010,"01",1,"7311","4020",1,"8",6,"0004800000","0060000000","0003813333","0045760000","0000800000","0012000000","4613333","57760000"
1050066203,"01",1,"7126","4521",3,"8",2,"0001200000","0016000000","0001200000","0016000000","0","0","1200000","16000000"
1050066203,"03",1,"5220","5236",3,"10",6,"0001500000","0007500000","0001500000","0007500000","0","0","1500000","7500000"
1050066203,"04",1,"8322","6021",3,"7",6,"0002000000","0016000000","0002000000","0016000000","0","0","2000000","16000000"
1050066189,"01",1,"7136","4531",3,"7",2,"0000500000","0010000000","0000500000","0010000000","0","0","500000","10000000"
1050066189,"03",2,"9314","4521",3,NA,NA,"0","0018000000","0","0018000000","0","0","0","18000000"
1050102060,"01",1,"8322","6023",3,"9",7,"0002100000","0009000000","0002100000","0009000000","0","0","2100000","9000000"
1050042161,"01",2,"7411","1515",1,NA,NA,"0","0030000000","0","0030000000","0","0","0","30000000"
1050030115,"01",1,"7417","1545",3,"9",3,"0001440000","0015000000","0001440000","0015000000","0","0","1440000","15000000"
1050006104,"05",1,"9320","1520",3,"10",7,"0002700000","0032400000","0002574000","0030888000","0","0","2574000","30888000"
1050006107,"01",1,"2320","8021",1,"6",6,"0006000000","0075000000","0005340872","0064090464","0","0003000000","5340872","67090464"
1050078049,"01",1,"5220","5222",3,"8",6,"0000500000","0006000000","0000500000","0006000000","0","0","500000","6000000"
1050078059,"01",1,"2310","8031",1,"10",6,"0011000000","0160000000","0006164228","0089970736","0004000000","0060000000","10164228","149970736"
1050078059,"02",1,"2320","8021",1,"6",4,"0005500000","0069000000","0004871000","0058452000","0","0003000000","4871000","61452000"
1050078060,"01",1,"1410","7512",1,"10",6,"0008000000","0099000000","0005500000","0066000000","0002000000","0027000000","7500000","93000000"
1050078060,"02",1,"2320","8021",1,"7",4,"0005000000","0063000000","0004800000","0057600000","0","0003000000","4800000","60600000"
1050114005,"01",1,"7137","4532",3,"6",4,"0002500000","0002500000","0002500000","0002500000","0","0","2500000","2500000"
1050102062,"03",1,"3431","7491",3,"8",6,"0003000000","0040000000","0002860000","0034320000","0","0004000000","2860000","38320000"
1050054198,"04",1,"3429","5129",3,"8",6,"0001500000","0010500000","0001500000","0010500000","0","0","1500000","10500000"
1050054187,"03",1,"2146","7491",3,"8",5,"0009500000","0091000000","0006866000","0076372000","0002000000","0008000000","8866000","84372000"
1050094174,"01",1,"9314","4521",3,"8",6,"0004000000","0040000000","0004000000","0040000000","0","0","4000000","40000000"
1050034193,"01",1,"7122","4540",3,"9",7,"0003000000","0025000000","0003000000","0025000000","0","0","3000000","25000000"
1050030103,"01",2,"9152","4532",3,NA,NA,"0","0020000000","0","0020000000","0","0","0","20000000"
1050054190,"01",1,"8322","8511",1,"9",6,"0005110000","0073550000","0004629300","0054927900","0","0013000000","4629300","67927900"
1050102057,"05",2,"0112","7522",1,NA,NA,"0000330000","0003960000","0000330000","0003960000","0","0","330000","3960000"
1050058003,"01",1,"0111","7522",1,"8",6,"0005000000","0065000000","0004550000","0054600000","0","0005000000","4550000","59600000"
1050058004,"01",1,"7418","1546",3,"8",6,"0002500000","0007500000","0002500000","0007500000","0","0","2500000","7500000"
1050058004,"01",2,"5220","5232",3,NA,NA,"0","0014400000","0","0014400000","0","0","0","14400000"
1050034198,"01",1,"7417","1545",3,"7",6,"0004000000","0045000000","0003860000","0038040000","0","0003000000","3860000","41040000"
1050034201,"01",1,"9314","4521",3,"10",5,"0002700000","0025000000","0002700000","0025000000","0","0","2700000","25000000"
1050070013,"03",1,"2320","8090",3,"6",6,"0001000000","0008000000","0001000000","0008000000","0","0","1000000","8000000"
1050058013,"03",1,"2230","8511",1,"8",6,"0007000000","0087000000","0004683000","0056196000","0002000000","0027000000","6683000","83196000"
1050082003,"01",1,"4190","7511",1,"7",6,"0005534000","0069408000","0005000000","0062881488","0","0003000000","5000000","65881488"
1050086154,"01",1,"9211","0130",3,"6",5,"0002500000","0007500000","0002500000","0007500000","0","0","2500000","7500000"
1050086154,"06",1,"7417","1545",3,"8",6,"0001500000","0009000000","0001500000","0009000000","0","0","1500000","9000000"
1050058011,"04",1,"4212","6512",1,"8",6,"0005000000","0063000000","0004500000","0054000000","0","0003000000","4500000","57000000"
1050010244,"01",1,"2142","7421",3,"5",3,"0012000000","0050000000","0012000000","0050000000","0","0","12000000","50000000"
1050010247,"03",1,"7134","4531",3,"8",6,"0003000000","0036000000","0002860000","0034320000","0","0","2860000","34320000"
1050010250,"01",1,"2143","4010",1,"8",6,"0007000000","0088600000","0006794228","0071570736","0","0007000000","6794228","78570736"
1050010250,"02",1,"2146","8031",1,"8",5,"0006500000","0081000000","0005681000","0068172000","0","0003000000","5681000","71172000"
1050106253,"01",1,"4113","4010",1,"8",6,"0003745000","0044940000","0003500000","0042000000","0","0","3500000","42000000"
1050010254,"01",1,"3416","5156",3,"12",7,"0003850000","0049200000","0003670000","0044040000","0","0003000000","3670000","47040000"
1050010254,"02",1,"5220","6304",3,"8",6,"0003000000","0039000000","0002860000","0034320000","0","0003000000","2860000","37320000"
1050022252,"01",1,"9160","7511",1,"9",6,"0006500000","0082500000","0003813333","0045760000","0002500000","0034500000","6313333","80260000"
1050046137,"01",2,"7221","7491",3,NA,NA,"0","0022500000","0","0022500000","0","0","0","22500000"
1050046137,"04",1,"7218","2899",3,"8",6,"0001500000","0006000000","0001500000","0006000000","0","0","1500000","6000000"
1050046137,"05",1,"7141","4540",3,"8",6,"0003000000","0006000000","0003000000","0006000000","0","0","3000000","6000000"
1050046147,"01",1,"9314","4521",3,"8",6,"0002000000","0020000000","0002000000","0020000000","0","0","2000000","20000000"
1050070004,"01",1,"9314","4521",3,"6",3,"0001200000","0009000000","0001200000","0009000000","0","0","1200000","9000000"
1050106264,"04",1,"2143","3150",3,"9",5,"0005300000","0068600000","0004686000","0056232000","0000300000","0008600000","4986000","64832000"
1050082009,"01",1,"1429","8012",1,"7",6,"0006000000","0092000000","0005354228","0059250736","0","0025000000","5354228","84250736"
1050026160,"05",1,"9314","4521",3,"8",2,"0000960000","0010000000","0000960000","0010000000","0","0","960000","10000000"
1050022255,"01",1,"9314","4521",3,"8",6,"0002000000","0020000000","0002000000","0020000000","0","0","2000000","20000000"
1050099308,"01",1,"9314","4521",3,"8",6,"0003000000","0018000000","0003000000","0018000000","0","0","3000000","18000000"
1050099308,"03",1,"9314","4521",3,"8",6,"0002000000","0010000000","0002000000","0010000000","0","0","2000000","10000000"
1050099308,"04",1,"9314","4521",3,"8",6,"0002000000","0010000000","0002000000","0010000000","0","0","2000000","10000000"
1050099313,"01",1,"9211","0130",3,"8",6,"0002500000","0017000000","0002500000","0017000000","0","0","2500000","17000000"
1050075066,"01",1,"9132","7491",3,"7",6,"0004280000","0054860000","0004093333","0049120000","0","0003500000","4093333","52620000"
1050075059,"01",1,"7231","5020",3,"10",6,"0003500000","0043000000","0002500000","0030000000","0001000000","0013000000","3500000","43000000"
1050075067,"01",1,"7214","2811",3,"12",6,"0005268000","0065216000","0003600000","0043200000","0001500000","0020000000","5100000","63200000"
1050075067,"03",2,"7214","2811",3,NA,NA,"0003600000","0010800000","0003600000","0010800000","0","0","3600000","10800000"
1050015061,"03",2,"7141","4540",3,NA,NA,"0","0003000000","0","0003000000","0","0","0","3000000"
1050027004,"04",2,"7231","5020",3,NA,NA,"0","0028000000","0","0028000000","0","0","0","28000000"
1050027004,"05",2,"7231","5020",3,NA,NA,"0","0005000000","0","0005000000","0","0","0","5000000"
1050111167,"01",1,"2331","8012",1,"4",7,"0006000000","0075000000","0005460000","0065520000","0","0003000000","5460000","68520000"
1050111167,"02",1,"2331","8012",1,"4",7,"0005500000","0069000000","0005005000","0060060000","0","0003000000","5005000","63060000"
1050063056,"01",1,"9314","4521",3,"8",3,"0001400000","0018000000","0001400000","0018000000","0","0","1400000","18000000"
1050039058,"01",1,"9314","4521",3,"8",6,"0003000000","0018000000","0003000000","0018000000","0","0","3000000","18000000"
1050111171,"02",1,"2320","8021",1,"8",3,"0002753000","0020253000","0002500000","0018500000","0","0001500000","2500000","20000000"
1050003102,"02",1,"2213","0140",2,"6",6,"0001000000","0012000000","0001000000","0012000000","0","0","1000000","12000000"
1050111180,"02",2,"0111","7522",1,NA,NA,"0","0015000000","0","0013650000","0","0","0","13650000"
1050051108,"03",1,"9314","4521",3,"8",4,"0002000000","0020000000","0002000000","0020000000","0","0","2000000","20000000"
1050051108,"05",1,"9314","4521",3,"8",4,"0002000000","0020000000","0002000000","0020000000","0","0","2000000","20000000"
1050051103,"01",1,"8324","6023",3,"12",7,"0005000000","0060000000","0005000000","0060000000","0","0","5000000","60000000"
1050087058,"01",1,"0111","7522",1,"8",7,"0006640000","0083400000","0006186035","0074232420","0","0003720000","6186035","77952420"
1050015059,"02",1,"9131","7493",3,"8",3,"0000500000","0000500000","0000500000","0000500000","0","0","500000","500000"
1050015059,"02",2,"6111","0112",3,NA,NA,"0","0006000000","0","0006000000","0","0","0","6000000"
1050015059,"03",1,"9314","4521",3,"8",3,"0001400000","0011200000","0001400000","0011200000","0","0","1400000","11200000"
1050087055,"01",1,"8324","6023",3,"12",7,"0004500000","0031500000","0004500000","0031500000","0","0","4500000","31500000"
1050087055,"03",1,"8324","6023",3,"15",7,"0006000000","0030000000","0006000000","0030000000","0","0","6000000","30000000"
1050087055,"04",1,"2213","0140",1,"8",5,"0002500000","0030000000","0002383334","0028600008","0","0","2383334","28600008"
1050087069,"01",1,"2320","8021",1,"4",6,"0007140000","0089680000","0006250916","0075010992","0","0004000000","6250916","79010992"
1050087069,"02",1,"2320","8021",1,"4",6,"0005000000","0063000000","0004466000","0053592000","0","0003000000","4466000","56592000"
1050091008,"01",1,"2320","8021",1,"8",6,"0006500000","0083000000","0005759228","0069110736","0","0005000000","5759228","74110736"
1050019007,"03",1,"5123","5521",3,"10",6,"0002000000","0021300000","0002000000","0021300000","0","0","2000000","21300000"
1050115058,"01",2,"9314","4521",3,NA,NA,"0","0015000000","0","0015000000","0","0","0","15000000"
1050007003,"01",2,"5162","7523",1,NA,NA,"0009000000","0066800000","0008465157","0059256104","0","0003800000","8465157","63056104"
1050079148,"02",1,"2320","8021",1,"6",4,"0004000000","0048000000","0003640000","0043680000","0","0003000000","3640000","46680000"
1050091006,"01",1,"1410","7493",3,"8",7,"0010000000","0120000000","0010000000","0120000000","0","0","10000000","120000000"
1050067011,"01",1,"3413","7020",3,"6",7,"0001700000","0034000000","0001700000","0034000000","0","0","1700000","34000000"
1050067011,"03",1,"2143","4532",3,"9",6,"0007000000","0081000000","0005000000","0060000000","0002000000","0021000000","7000000","81000000"
1050079144,"01",1,"7126","4521",3,"12",3,"0002800000","0036000000","0002800000","0036000000","0","0","2800000","36000000"
1050007014,"01",1,"9152","0201",1,"12",7,"0004500000","0057000000","0003700000","0050400000","0000500000","0003000000","4200000","53400000"
1050043113,"01",1,"5123","5521",3,"9",7,"0002000000","0024600000","0001906667","0023720001","0","0000600000","1906667","24320001"
1050043107,"01",1,"9132","5010",3,"11",6,"0003300000","0042600000","0003146000","0037752000","0","0003000000","3146000","40752000"
1050043110,"01",2,"7325","2697",3,NA,NA,"0","0018000000","0","0018000000","0","0","0","18000000"
1050043110,"04",1,"7433","1810",3,"8",6,"0000800000","0009600000","0000800000","0009600000","0","0","800000","9600000"
1050043116,"01",1,"7325","2697",3,"8",7,"0002200000","0026400000","0002097334","0025168008","0","0","2097334","25168008"
1050043118,"01",1,"7126","7491",3,"9",7,"0002500000","0030000000","0002383334","0028600008","0","0","2383334","28600008"
1050115061,"03",1,"7218","5020",3,"9",6,"0000600000","0008000000","0000600000","0008000000","0","0","600000","8000000"
1050039068,"03",1,"7126","4521",3,"9",5,"0002400000","0012000000","0002400000","0012000000","0","0","2400000","12000000"
1050039068,"04",1,"0112","7522",1,"10",7,"0000350000","0004200000","0000350000","0004200000","0","0","350000","4200000"
1050103058,"01",2,"9314","4521",3,NA,NA,"0","0004000000","0","0004000000","0","0","0","4000000"
1050019013,"02",2,"9314","4521",3,NA,NA,"0","0007500000","0","0007500000","0","0","0","7500000"
1050019013,"03",2,"9314","4521",3,NA,NA,"0","0007500000","0","0007500000","0","0","0","7500000"
1050019013,"04",2,"9314","4521",3,NA,NA,"0","0005000000","0","0005000000","0","0","0","5000000"
1050055002,"01",1,"8323","6021",3,"8",6,"0006000000","0072000000","0006000000","0072000000","0","0","6000000","72000000"
1050091011,"04",1,"7418","1546",3,"12",6,"0001800000","0021600000","0001800000","0021600000","0","0","1800000","21600000"
1050107059,"01",1,"0111","7522",1,"8",6,"0005300000","0066600000","0004820000","0057870000","0","0003000000","4820000","60870000"
1050007006,"02",1,"5122","5521",3,"10",1,"0000200000","0002400000","0000200000","0002400000","0","0","200000","2400000"
1050019002,"01",1,"7233","3130",3,"7",6,"0003700000","0051400000","0003528000","0042336000","0","0007000000","3528000","49336000"
1050047001,"01",1,"9314","4521",3,"9",4,"0001200000","0021000000","0001200000","0021000000","0","0","1200000","21000000"
1050047011,"01",1,"9314","4521",3,"8",4,"0001400000","0018000000","0001400000","0018000000","0","0","1400000","18000000"
1050055007,"01",1,"9152","7492",3,"12",7,"0003500000","0042000000","0003500000","0042000000","0","0","3500000","42000000"
1050047014,"01",1,"9314","4521",3,"9",5,"0002400000","0021600000","0002400000","0021600000","0","0","2400000","21600000"
1050047004,"01",2,"9314","4521",3,NA,NA,"0","0018000000","0","0018000000","0","0","0","18000000"
1050047004,"01",1,"9211","0124",3,"15",7,"0003000000","0009000000","0003000000","0009000000","0","0","3000000","9000000"
1050083001,"01",1,"9141","8021",1,"9",6,"0004500000","0057000000","0004095000","0049140000","0","0003000000","4095000","52140000"
1050055011,"01",1,"2442","7512",1,"8",6,"0005400000","0070800000","0004449000","0053398000","0000500000","0012000000","4949000","65398000"
1050055011,"02",1,"2212","8515",1,"6",6,"0008790000","0108480000","0004781900","0057382000","0003400000","0043800000","8181900","101182000"
1050071167,"01",1,"3231","8511",1,"8",6,"0005300000","0066600000","0005052667","0060632004","0","0003000000","5052667","63632004"
1050107065,"01",1,"9314","4521",3,"8",7,"0003500000","0024500000","0003500000","0024500000","0","0","3500000","24500000"
1050095104,"01",1,"9333","9305",3,"8",7,"0003000000","0036000000","0003000000","0036000000","0","0","3000000","36000000"
1050031202,"03",1,"7433","1810",3,"8",6,"0001000000","0003000000","0001000000","0003000000","0","0","1000000","3000000"
1050059174,"01",1,"7245","4010",1,"13",4,"0006600000","0099200000","0005874228","0070082736","0","0020000000","5874228","90082736"
1050071160,"05",1,"7222","2893",3,"8",7,"0004525000","0052600000","0003550000","0042600000","0000975000","0010000000","4525000","52600000"
1050083007,"01",1,"1424","7512",1,"8",6,"0005500000","0016500000","0005000000","0015000000","0","0","5000000","15000000"
1050083007,"01",2,"4190","7512",1,NA,NA,"0","0043500000","0","0036000000","0","0003000000","0","39000000"
1050035054,"01",1,"5220","5221",3,"10",7,"0003000000","0021000000","0003000000","0021000000","0","0","3000000","21000000"
1050071163,"03",1,"5220","5522",3,"10",7,"0002100000","0025200000","0002100000","0025200000","0","0","2100000","25200000"
1050023165,"01",1,"9314","4521",3,"10",4,"0000600000","0036000000","0000600000","0036000000","0","0","600000","36000000"
1050031200,"02",1,"4223","6421",1,"8",6,"0002550000","0022950000","0002431000","0021879000","0","0","2431000","21879000"
1050031200,"04",1,"5220","5222",3,"12",6,"0002000000","0014000000","0002000000","0014000000","0","0","2000000","14000000"
1050011196,"01",1,"1423","4522",3,"14",7,"0009500000","0121000000","0007188160","0086257920","0001000000","0019000000","8188160","105257920"
1050011203,"01",1,"1427","8031",1,"9",6,"0010000000","0130000000","0008580880","0102970560","0","0010000000","8580880","112970560"
1050011203,"02",1,"2212","8031",1,"8",6,"0005400000","0067800000","0004466000","0053592000","0000400000","0007800000","4866000","61392000"
1050083012,"03",1,"3222","8513",1,"8",6,"0004200000","0053400000","0003822000","0045864000","0","0003000000","3822000","48864000"
1050083014,"01",1,"4190","8021",1,"4",6,"0006000000","0075000000","0005340872","0064090464","0","0003000000","5340872","67090464"
1050103065,"01",1,"7123","4521",3,"9",5,"0002420000","0025000000","0002420000","0025000000","0","0","2420000","25000000"
1050103066,"04",1,"2331","8012",1,"4",6,"0003924000","0050088000","0003570840","0042850080","0","0003000000","3570840","45850080"
1050035050,"01",1,"5220","5221",3,"9",7,"0001500000","0008000000","0001500000","0008000000","0","0","1500000","8000000"
1050104159,"03",1,"0111","7522",1,"8",6,"0003500000","0045000000","0003300000","0039600000","0","0003000000","3300000","42600000"
1050104162,"03",1,"2320","9214",1,"4",5,"0001140000","0013680000","0001000000","0012000000","0","0","1000000","12000000"
1050068252,"01",1,"2320","8022",1,"6",6,"0004500000","0036500000","0004095000","0034475000","0","0","4095000","34475000"
1050020138,"01",1,"9314","4521",3,"8",6,"0001200000","0018000000","0001200000","0018000000","0","0","1200000","18000000"
1050076166,"01",1,"4211","6512",1,"7",6,"0007000000","0092000000","0006176000","0074132000","0","0008000000","6176000","82132000"
1050052105,"01",1,"2213","0201",1,"8",6,"0008500000","0110000000","0007700000","0092400000","0","0008000000","7700000","100400000"
1050052105,"02",1,"2351","8021",1,"6",6,"0005000000","0065000000","0004682667","0056192004","0","0005000000","4682667","61192004"
1050016198,"01",1,"8322","6023",3,"8",6,"0002300000","0027600000","0002300000","0027600000","0","0","2300000","27600000"
1050044097,"01",1,"9314","4521",3,"8",5,"0001000000","0018000000","0001000000","0018000000","0","0","1000000","18000000"
1050044104,"01",1,"9314","4521",3,"8",5,"0001000000","0018000000","0001000000","0018000000","0","0","1000000","18000000"
1050116106,"01",1,"5220","5222",3,"10",6,"0003000000","0036000000","0003000000","0036000000","0","0","3000000","36000000"
1050020149,"03",1,"5123","5522",3,"10",6,"0001800000","0021600000","0001800000","0021600000","0","0","1800000","21600000"
1050004115,"05",2,"7141","4540",3,NA,NA,"0","0007000000","0","0007000000","0","0","0","7000000"
1050100098,"01",1,"1429","9214",1,"8",6,"0009000000","0111000000","0007797590","0093571008","0","0003000000","7797590","96571008"
1050040048,"01",1,"8324","6023",3,"12",4,"0005000000","0045000000","0005000000","0045000000","0","0","5000000","45000000"
1050040056,"04",1,"0112","7522",1,"10",6,"0000400000","0003200000","0000400000","0003200000","0","0","400000","3200000"
1050016201,"01",1,"7212","2892",3,"9",6,"0003700000","0047400000","0003500000","0042000000","0","0003000000","3500000","45000000"
1050100097,"03",2,"9314","4521",3,NA,NA,"0","0005000000","0","0005000000","0","0","0","5000000"
1050100108,"01",1,"7422","3610",3,"9",7,"0003000000","0032000000","0003000000","0032000000","0","0","3000000","32000000"
1050028153,"03",1,"4211","6512",1,"8",6,"0003500000","0045000000","0003185000","0038220000","0","0003000000","3185000","41220000"
1050100104,"01",1,"5123","8022",1,"8",6,"0005700000","0081400000","0005124584","0061507008","0","0013000000","5124584","74507008"
1050112108,"02",1,"8322","7491",3,"9",6,"0003500000","0010500000","0003500000","0010500000","0","0","3500000","10500000"
1050076161,"02",1,"4111","7523",3,"7",6,"0004500000","0058000000","0004256000","0051072000","0","0004000000","4256000","55072000"
1050064149,"03",2,"9314","4521",3,NA,NA,"0","0014000000","0","0014000000","0","0","0","14000000"
1050064149,"05",2,"9314","4521",3,NA,NA,"0","0013000000","0","0013000000","0","0","0","13000000"
1050028165,"01",1,"7418","1546",3,"8",6,"0004000000","0052000000","0004000000","0048000000","0","0004000000","4000000","52000000"
1050112100,"05",1,"0112","7522",1,"18",7,"0000320000","0003840000","0000320000","0003840000","0","0","320000","3840000"
1050008149,"01",1,"9314","4521",3,"8",5,"0001000000","0010000000","0001000000","0010000000","0","0","1000000","10000000"
1050008149,"02",2,"9211","0130",3,NA,NA,"0","0003000000","0","0003000000","0","0","0","3000000"
1050032001,"01",1,"9314","4522",3,"8",6,"0004750000","0060000000","0004500000","0054000000","0","0003000000","4500000","57000000"
1050032001,"03",1,"5123","5521",3,"8",6,"0000160000","0002000000","0000160000","0002000000","0","0","160000","2000000"
1050032001,"04",2,"0112","7522",1,NA,NA,"0","0003850000","0","0003850000","0","0","0","3850000"
1050032001,"04",1,"9314","4521",3,"8",6,"0002250000","0002250000","0002250000","0002250000","0","0","2250000","2250000"
1050032012,"03",1,"5161","7491",3,"8",6,"0003400000","0043800000","0003241334","0038896000","0","0003000000","3241334","41896000"
1050032012,"04",1,"9314","4521",3,"8",3,"0001000000","0005000000","0001000000","0005000000","0","0","1000000","5000000"
1050032012,"05",1,"9314","4521",3,"8",3,"0001000000","0005000000","0001000000","0005000000","0","0","1000000","5000000"
1050032013,"02",1,"2131","7491",3,"8",6,"0004000000","0051000000","0003810000","0045760000","0","0003000000","3810000","48760000"
1050032013,"03",1,"0111","7522",1,"8",6,"0004000000","0051000000","0003640000","0043680000","0","0003000000","3640000","46680000"
1050032013,"04",1,"2331","8012",1,"8",5,"0004000000","0051000000","0003640000","0043680000","0","0003000000","3640000","46680000"
1050008146,"01",1,"9314","4521",3,"8",6,"0003000000","0028000000","0003000000","0028000000","0","0","3000000","28000000"
1050008138,"01",1,"4113","5050",3,"8",6,"0002400000","0019200000","0002400000","0019200000","0","0","2400000","19200000"
1050008144,"01",1,"3231","8517",1,"7",6,"0006500000","0085000000","0005755490","0069125880","0","0007000000","5755490","76125880"
1050028161,"02",1,"2139","8090",3,"3",4,"0002000000","0003000000","0002000000","0003000000","0","0","2000000","3000000"
1050080010,"01",1,"2320","8021",3,"6",4,"0002700000","0013500000","0002700000","0013500000","0","0","2700000","13500000"
1050092011,"01",2,"4134","6023",3,NA,NA,"0","0015000000","0","0015000000","0","0","0","15000000"
1050076169,"01",1,"7221","2893",3,"10",6,"0002500000","0007000000","0002500000","0007000000","0","0","2500000","7000000"
1050076169,"04",1,"7221","2893",3,"11",7,"0003000000","0038000000","0003000000","0038000000","0","0","3000000","38000000"
1050080006,"02",1,"2429","7411",3,"6",6,"0001650000","0019000000","0001503887","0017269777","0","0","1503887","17269777"
1050080015,"03",2,"4115","8090",3,NA,NA,"0","0003600000","0","0003600000","0","0","0","3600000"
1050056271,"01",1,"8124","3130",3,"10",6,"0003400000","0044800000","0003241333","0038896000","0","0004000000","3241333","42896000"
1050068248,"01",1,"9314","4521",3,"9",3,"0001200000","0028800000","0001200000","0028800000","0","0","1200000","28800000"
1050056264,"01",1,"3435","5156",3,"9",7,"0004919333","0068031996","0004689765","0056277180","0","0009000000","4689765","65277180"
1050056264,"04",2,"4113","2695",3,NA,NA,"0","0035000000","0","0035000000","0","0","0","35000000"
1050116096,"01",1,"9314","4521",3,"9",7,"0001200000","0027000000","0001200000","0027000000","0","0","1200000","27000000"
1050116099,"01",1,"8324","6023",3,"12",7,"0003500000","0016000000","0003500000","0016000000","0","0","3500000","16000000"
1050116099,"01",2,"7111","1410",3,NA,NA,"0","0015000000","0","0015000000","0","0","0","15000000"
1050116108,"01",2,"9160","7491",1,NA,NA,"0","0008000000","0","0008000000","0","0","0","8000000"
1050116108,"03",2,"9160","7491",1,NA,NA,"0","0008000000","0","0008000000","0","0","0","8000000"
1050116108,"04",2,"9160","7491",1,NA,NA,"0","0008000000","0","0008000000","0","0","0","8000000"
1050044096,"01",1,"9314","4521",3,"8",6,"0001000000","0018000000","0001000000","0018000000","0","0","1000000","18000000"
1050116103,"01",1,"2320","8021",1,"6",4,"0006000000","0075000000","0005500000","0066000000","0","0003000000","5500000","69000000"
1050116103,"02",1,"2213","7513",1,"6",3,"0001500000","0018000000","0001500000","0018000000","0","0","1500000","18000000"
1050088193,"01",1,"9314","4521",3,"9",4,"0001800000","0014400000","0001800000","0014400000","0","0","1800000","14400000"
1050088193,"01",2,"7126","4522",3,NA,NA,"0","0015000000","0","0015000000","0","0","0","15000000"
1050068249,"01",1,"9132","8511",1,"14",4,"0003700000","0050400000","0003527334","0042328008","0","0006000000","3527334","48328008"
1050004112,"04",2,"9314","4521",3,NA,NA,"0","0017000000","0","0017000000","0","0","0","17000000"
1050004125,"01",1,"9314","4521",3,"9",4,"0001920000","0025200000","0001920000","0025200000","0","0","1920000","25200000"
1050064152,"03",1,"9314","7511",1,"10",7,"0003800000","0057600000","0003623000","0043476000","0","0012000000","3623000","55476000"
1050092015,"01",1,"3422","6023",3,"8",6,"0009000000","0115000000","0008700000","0104400000","0","0007000000","8700000","111400000"
1050068257,"04",1,"8322","6021",3,"6",7,"0001800000","0005400000","0001800000","0005400000","0","0","1800000","5400000"
1050056275,"02",1,"2331","8012",1,"6",5,"0007500000","0055900000","0004004000","0048048000","0003100000","0003100000","7104000","51148000"
1050108197,"01",1,"9314","4521",3,"8",4,"0003000000","0030000000","0003000000","0030000000","0","0","3000000","30000000"
1050060116,"03",1,"5141","9302",3,"7",6,"0000700000","0008400000","0000700000","0008400000","0","0","700000","8400000"
1050024146,"01",1,"9132","8511",1,"8",7,"0007200000","0054200000","0003813333","0045760000","0003200000","0003200000","7013333","48960000"
1050060112,"01",1,"7417","1545",3,"9",6,"0008400000","0100800000","0007648872","0091786464","0","0","7648872","91786464"
1050012110,"01",1,"2213","7513",1,"8",6,"0013360000","0130000000","0008000000","0096000000","0004580000","0020000000","12580000","116000000"
1050024142,"01",1,"9314","4521",3,"8",5,"0002000000","0021000000","0002000000","0021000000","0","0","2000000","21000000"
1050024153,"03",2,"8331","0130",3,NA,NA,"0","0004500000","0","0004500000","0","0","0","4500000"
1050024153,"04",1,"9314","4521",3,"9",3,"0000600000","0014400000","0000600000","0014400000","0","0","600000","14400000"
1050060125,"01",1,"8324","2429",3,"10",7,"0005000000","0063000000","0004766667","0057200004","0","0003000000","4766667","60200004"
1050052094,"01",1,"2320","8021",1,"6",6,"0008000000","0099000000","0006940000","0083280000","0","0003000000","6940000","86280000"
1050052094,"02",1,"2432","8021",1,"8",6,"0004000000","0051000000","0003640000","0043680000","0","0003000000","3640000","46680000"
1050096158,"01",1,"9314","4521",3,"8",5,"0000500000","0015000000","0000500000","0015000000","0","0","500000","15000000"
1050048114,"01",1,"9314","4521",3,"9",7,"0001200000","0018000000","0001200000","0018000000","0","0","1200000","18000000"
1050072007,"01",1,"9314","4521",3,"8",3,"0000800000","0012000000","0000800000","0012000000","0","0","800000","12000000"
1050084158,"01",1,"2432","7512",1,"8",6,"0005700000","0071580000","0005111228","0061652736","0","0003180000","5111228","64832736"
1050048107,"01",1,"9314","4521",3,"10",7,"0002000000","0035000000","0002000000","0035000000","0","0","2000000","35000000"
1050096151,"01",2,"8324","6023",3,NA,NA,"0","0050000000","0","0050000000","0","0","0","50000000"
1050072003,"03",1,"9314","4521",3,"9",4,"0002000000","0024000000","0002000000","0024000000","0","0","2000000","24000000"
1050036102,"01",1,"7244","6421",1,"8",6,"0005500000","0069180000","0005187562","0062250736","0","0003180000","5187562","65430736"
1050048110,"01",1,"7417","1545",3,"9",6,"0004620000","0038940000","0003120000","0037440000","0001500000","0001500000","4620000","38940000"
1050048113,"01",1,"9314","4521",3,"8",5,"0002800000","0022400000","0002800000","0022400000","0","0","2800000","22400000"
1050012114,"01",1,"5169","6512",1,"8",6,"0017000000","0142000000","0007000000","0084000000","0009000000","0050000000","16000000","134000000"
1060001248,"03",1,"8340","0501",3,"8",3,"0001100000","0013200000","0001100000","0013200000",NA,NA,"1100000","13200000"
1060001248,"04",1,"5220","5232",3,"12",7,"0002100000","0025200000","0002100000","0025200000",NA,NA,"2100000","25200000"
1060001241,"01",1,"8340","6301",3,"8",5,"0001700000","0020400000","0001500000","0018000000",NA,NA,"1500000","18000000"
1060001244,"01",1,"8340","0501",3,"7",5,"0001500000","0018000000","0001500000","0018000000","0","0","1500000","18000000"
1060001244,"03",1,"8340","0501",3,"7",5,"0001200000","0014400000","0001200000","0014400000","0","0","01200000","14400000"
1060001244,"06",1,"8340","0501",3,"7",5,"0001500000","0018000000","0001500000","0018000000","0","0","1500000","18000000"
1060001254,"03",1,"8340","0501",3,"10",5,"0001500000","0018000000","0001500000","0018000000",NA,NA,"1500000","18000000"
1060001254,"05",1,"8340","0501",3,"10",5,"0001500000","0018000000","0001500000","0018000000",NA,NA,"1500000","18000000"
1060001254,"09",1,"8340","0501",3,"10",5,"0001500000","0018000000","0001500000","0018000000",NA,NA,"1500000","18000000"
1060069198,"01",1,"2331","8012",1,"5",6,"0004700000","0061000000","0004200000","0050400000",NA,"0004500000","4200000","54900000"
1060069204,"01",1,"7245","6421",1,"8",6,"0003300000","0043400000","0003000000","0036000000","0","0003400000","3000000","39400000"
1060069205,"01",1,"3435","7491",3,"10",6,"0004480000","0056000000","0004000000","0048000000","0","0003000000","4000000","51000000"
1060081099,"03",1,"3435","1546",3,"12",7,"0","0","0","0","0","0","0","0"
1060085048,"01",1,"9314","4521",3,"9",3,"0001800000","0021600000","0001800000","0021600000","0","0","1800000","21600000"
1060085056,"04",1,"9314","4521",3,"9",5,"0002700000","0032400000","0002700000","0032400000","0","0","2700000","32400000"
1060061203,"01",1,"7245","2413",1,"10",6,"0008000000","0104000000","0006800000","0081600000","0000500000","0012600000","7300000","94200000"
1060061201,"01",1,"7231","2413",1,"12",7,"0004000000","0053000000","0002900000","0035000000","0000800000","0012600000","3700000","47600000"
1060061198,"01",1,"7233","7491",3,"8",5,"0006000000","0076000000","0005100000","0062000000","0000300000","0006600000","5400000","68600000"
1060061207,"01",1,"9152","7422",3,"12",6,"0003500000","0046000000","0002900000","0034800000","0000300000","0006600000","3200000","41400000"
1060089152,"01",1,"9314","4521",3,"8",5,"0002500000","0030000000","0002500000","0030000000","0","0","2500000","30000000"
1060089152,"04",1,"9314","4521",3,"8",4,"0002000000","0028000000","0002000000","0028000000","0","0","2000000","28000000"
1060089155,"01",1,"8332","7511",1,"8",7,"0006600000","0084000000","0005500000","0066000000","0000500000","0010000000","6000000","76000000"
1060077144,"04",1,"7133","4521",3,"9",7,"0002100000","0025200000","0002100000","0025200000","0","0","2100000","25200000"
1060077144,"05",1,"0111","7522",1,"8",6,"0004500000","0054000000","0002800000","0033000000","0000600000","0010800000","3400000","43800000"
1060077151,"01",1,"4190","7530",1,"9",6,"0008000000","0096000000","0004800000","0057600000","0001500000","0021000000","6300000","78600000"
1060089144,"01",1,"3435","8532",1,"8",7,"0005000000","0064000000","0004000000","0048000000","0000500000","0010000000","4500000","58000000"
1060089145,"03",1,"4134","5144",3,"8",7,"0003700000","0048000000","0003000000","0036000000","0000300000","0007600000","3300000","43600000"
1060089148,"01",1,"1410","7512",1,"9",6,"0007000000","0090000000","0005200000","0065000000","0000800000","0015000000","6000000","80000000"
1060089148,"04",1,"0112","7522",1,"8",7,"0000300000","0002100000","0000300000","0002100000","0","0","300000","2100000"
1060073003,"01",1,"3422","6110",3,"6",6,"0003000000","0036000000","0003000000","0036000000",NA,"0","3000000","36000000"
1060101143,"01",1,"1429","8021",1,"6",6,"0007500000","0092000000","0005770000","0069300000","0000730000","0010800000","6500000","80100000"
1060101143,"02",1,"2320","8021",1,"6",6,"0006500000","0081000000","0005000000","0060000000","0000500000","0009000000","5500000","69000000"
1060101140,"03",1,"9314","4521",3,"7",6,"0003000000","0036000000","0003000000","0036000000","0","0","3000000","36000000"
1060101149,"01",1,"3118","7511",1,"8",6,"0005500000","0069740000","0004250000","0051400000","0000750000","0012000000","5000000","63400000"
1060101149,"03",1,"2142","7491",3,"5",3,"0001500000","0018000000","0001500000","0018000000",NA,NA,"1500000","18000000"
1060101149,"07",1,"2213","7513",1,"8",7,"0001200000","0014400000","0001200000","0014400000","0","0","1200000","14400000"
1060077147,"03",1,"7231","5020",3,"9",6,"0000500000","0001500000","0000500000","0001500000","0","0","500000","1500000"
1060049176,"04",1,"4142","6411",3,"8",6,"0003000000","0039000000","0002000000","0024000000","0000500000","0008500000","2500000","32500000"
1060013118,"01",1,"0111","7522",1,"8",6,"0006000000","0076000000","0004800000","0056400000","0000900000","0013300000","5700000","69700000"
1060013123,"01",1,"0111","7522",1,"12",6,"0008000000","0089000000","0004800000","0057600000","0001600000","0023000000","6400000","80600000"
1060013123,"03",1,"4190","7522",1,"8",7,"0002700000","0032400000","0002700000","0031400000","0","0001000000","2700000","32400000"
1060013113,"01",1,"0111","7522",1,"8",6,"0006000000","0073600000","0004500000","0058000000","0000800000","0011300000","5300000","69300000"
1060013114,"01",1,"0111","7522",1,"8",6,"0007000000","0084000000","0005500000","0066000000","0000900000","0013500000","6400000","79500000"
1060013122,"01",1,"0111","7522",1,"8",6,"0007000000","0092000000","0004900000","0057800000","0001200000","0017400000","6100000","75200000"
1060077149,"01",1,"2331","8012",1,"4",6,"0006000000","0072000000","0004800000","0057600000","0000700000","0012500000","5500000","70100000"
1060049171,"01",1,"8323","6022",3,"12",7,"0005000000","0065000000","0003400000","0040800000","0000800000","0012100000","4200000","52900000"
1060049174,"01",1,"4134","2710",3,"12",6,"0004500000","0057000000","0002800000","0033600000","0000700000","0010900000","3500000","44500000"
1060093001,"01",1,"9314","4521",3,"8",3,"0001000000","0012000000","0001000000","0012000000","0","0","1000000","12000000"
1060093011,"01",1,"9153","8532",3,"8",6,"0001350000","0016200000","0001200000","0016200000","0","0","1200000","16200000"
1060069193,"02",2,"8141","5233",3,NA,NA,"0000300000","0001200000","0000300000","0001200000","0","0","300000","1200000"
1060057009,"03",1,"9314","4521",3,"8",4,"0001500000","0020000000","0001500000","0020000000",NA,NA,"1500000","20000000"
1060057013,"01",1,"9314","4521",3,"8",5,"0001000000","0015000000","0001000000","0015000000","0","0","1000000","15000000"
1060117150,"01",1,"7241","1120",1,"8",5,"0006600000","0085000000","0005700000","0068400000","0000300000","0008000000","6000000","76400000"
1060029175,"01",1,"7245","6421",1,"12",6,"0007000000","0084000000","0004800000","0057600000","0001600000","0022200000","6400000","79800000"
1060025060,"01",1,"2114","1120",1,"12",5,"0012000000","0184000000","0009000000","0108000000","0002200000","0029400000","11200000","137400000"
1060025060,"02",1,"2310","8031",1,"12",3,"0003500000","0046000000","0002000000","0027500000","0000850000","0013700000","2850000","41200000"
1060025066,"01",1,"2145","4010",1,"8",5,"0008500000","0102000000","0005200000","0062400000","0002500000","0033500000","7700000","95900000"
1060025066,"02",1,"2310","8031",1,"5",3,"0009000000","0108000000","0006500000","0078000000","0001700000","0023900000","8200000","101900000"
1060029178,"01",1,"8322","7491",3,"12",7,"0003500000","0042000000","0002500000","0030000000","0000700000","0008700000","3200000","38700000"
1060025062,"01",1,"9314","4521",3,"10",6,"0002800000","0033600000","0002800000","0033600000","0","0","2800000","33600000"
1060065054,"01",1,"4223","2413",1,"10",6,"0003900000","0050000000","0003000000","0036000000","0000500000","0009000000","3500000","45000000"
1060065061,"01",1,"4190","2413",1,"10",6,"0003900000","0050200000","0003200000","0039000000","0000300000","0006600000","3500000","45600000"
1060065061,"02",1,"2320","8021",1,"6",6,"0003700000","0042300000","0003200000","0035400000","0","0003000000","3200000","38400000"
1060065050,"01",1,"3116","2413",1,"8",5,"0007700000","0098000000","0006400000","0076900000","0000600000","0012000000","7000000","88900000"
1060105059,"01",1,"7233","1110",1,"8",6,"0012000000","0136000000","0008700000","0104400000","0001300000","0018600000","10000000","123000000"
1060105068,"01",1,"3417","1110",1,"8",7,"0009900000","0124000000","0007000000","0085000000","0002000000","0027000000","9000000","112000000"
1060105064,"01",1,"5220","5231",1,"8",5,"0011000000","0135500000","0008800000","0105600000","0001200000","0017400000","10000000","123000000"
1060105065,"01",1,"3113","1110",1,"8",7,"0005600000","0071000000","0004000000","0049000000","0001000000","0015000000","5000000","64000000"
1060105056,"01",1,"2411","1110",1,"9",5,"0006700000","0084000000","0005200000","0063000000","0000800000","0012600000","6000000","75600000"
1060081100,"03",1,"5220","5236",3,"6",6,"0000300000","0003600000","0000300000","0003600000","0","0","300000","3600000"
1060081100,"05",1,"2351","9214",3,"3",3,"0000300000","0003600000","0000300000","0003600000","0","0","300000","3600000"
1060081100,"06",1,"5220","5222",3,"8",6,"0000500000","0006000000","0000500000","0006000000","0","0","500000","6000000"
1060081105,"03",1,"3429","9249",3,"5",6,"0000100000","0001200000","0000100000","0001200000","0","0","100000","1200000"
1060081092,"01",1,"9152","6512",1,"14",4,"0077000000","0096000000","0007000000","0084000000","0","0003000000","7000000","87000000"
1060081095,"05",1,"4190","8031",3,"8",6,"0003900000","0052000000","0003500000","0042000000","0","0004500000","3500000","46500000"
1060113102,"01",1,"9314","4521",3,"8",6,"0003000000","0040000000","0003000000","0040000000","0","0","3000000","40000000"
1060113102,"03",1,"7231","5020",3,"8",6,"0002500000","0030000000","0002500000","0030000000","0","0","2500000","30000000"
1060113102,"05",1,"9333","9305",3,"8",6,"0002000000","0026000000","0002000000","0026000000","0","0","2000000","26000000"
1060109172,"03",1,"2320","8021",1,"4",6,"0005650000","0067200000","0003940000","0047500000","0001100000","0012500000","5040000","60000000"
1060109172,"04",1,"7123","4521",3,"10",3,"0001900000","0008700000","0001900000","0008700000","0","0","1900000","8700000"
1060109168,"02",1,"3231","8511",1,"9",6,"0005480000","0065900000","0003480000","0046400000","0000600000","0013500000","4080000","59900000"
1060109171,"01",1,"1410","4100",1,"9",6,"0008100000","0103000000","0004980000","0060000000","0002350000","0033100000","7330000","93100000"
1060009003,"01",1,"9314","4521",3,"12",6,"0005000000","0060000000","0005000000","0060000000","0","0","5000000","60000000"
1060009009,"03",1,"5220","5222",3,"10",7,"0001500000","0018000000","0001500000","0018000000","0","0","1500000","18000000"
1060009005,"01",1,"9314","4521",3,"9",7,"0003000000","0036000000","0003000000","0036000000","0","0","3000000","36000000"
1060053153,"01",1,"5169","1110",1,"8",6,"0013000000","0156000000","0009000000","0108000000","0001500000","0023000000","10500000","131000000"
1060009015,"01",1,"9333","7491",3,"8",6,"0003500000","0043000000","0003000000","0036000000",NA,"0003000000","3000000","39000000"
1060041152,"01",1,"4134","7491",3,"10",6,"0005000000","0062000000","0003500000","0042000000","0000700000","0012000000","4200000","54000000"
1060041165,"01",1,"8322","6023",3,"10",6,"0005000000","0060000000","0005000000","0060000000","0","0","5000000","60000000"
1060041155,"01",1,"5169","1110",3,"8",6,"0005500000","0066000000","0003900000","0046800000","0000800000","0013200000","4700000","60000000"
1060041158,"01",1,"8322","6022",3,"10",6,"0003500000","0042000000","0003500000","0042000000","0","0","3500000","42000000"
1060021060,"03",1,"5220","5232",3,"10",6,"0002000000","0024000000","0002000000","0024000000","0","0","2000000","24000000"
1060053157,"01",1,"5169","1120",1,"12",6,"0008500000","0102000000","0007350000","0084000000","0000700000","0016100000","8050000","100100000"
1060021060,"04",1,"7136","4531",3,"12",6,"0002500000","0030000000","0002500000","0030000000","0","0","2500000","30000000"
1060033063,"01",1,"3435","6512",1,"8",6,"0008500000","0106000000","0004500000","0054000000","0002000000","0034000000","6500000","88000000"
1060033056,"01",1,"8332","7491",3,"12",7,"0004500000","0054000000","0003400000","0040800000","0000800000","0013100000","4200000","53900000"
1060033069,"01",1,"9333","6010",1,"10",7,"0004500000","0056000000","0003000000","0036000000","0001200000","0018500000","4200000","54500000"
1060033069,"03",1,"0112","7523",1,"12",6,"0000300000","0003600000","0000300000","0003600000","0","0","300000","3600000"
1060033058,"06",1,"8155","1110",3,"9",5,"0008500000","0102000000","0006000000","0072000000","0001000000","0015000000","7000000","87000000"
1060097064,"01",1,"7417","1545",3,"8",6,"0001200000","0015400000","0001200000","0014400000",NA,"0001000000","1200000","15400000"
1060097061,"01",1,"8159","4522",3,"10",6,"0004480000","0059700000","0002540000","0032500000","0000990000","0017000000","3530000","49500000"
1060097061,"02",1,"2230","8511",1,"8",6,"0006570000","0095000000","0004800000","0057000000","0001100000","0028000000","5900000","85000000"
1060045116,"01",1,"5220","5223",3,"3",3,"0003000000","0036000000","0003000000","0036000000",NA,NA,"3000000","36000000"
1060045116,"03",1,"9152","9305",3,"12",7,"0003500000","0035000000","0003000000","0035000000",NA,NA,"3000000","35000000"
1060045107,"01",1,"9314","4521",3,"12",6,"0003100000","0372000000","0003100000","0372000000",NA,NA,"3100000","372000000"
1060021055,"01",1,"9333","6023",3,"8",7,"0006500000","0078000000","0005500000","0065000000","0000700000","0011900000","6200000","76900000"
1060021057,"01",1,"7136","4531",3,"10",6,"0004000000","0049500000","0003000000","0036000000","0000600000","0009400000","3600000","45400000"
1060045115,"01",1,"7141","4540",3,"8",4,"0003000000","0035000000","0003000000","0035000000",NA,NA,"3000000","35000000"
1060045115,"02",1,"7133","4540",3,"8",4,"0003000000","0035000000","0003000000","0035000000",NA,NA,"3000000","35000000"
1060045112,"01",1,"8323","6022",3,"12",6,"0002500000","0030000000","0002500000","0030000000",NA,NA,"2500000","30000000"
1060045121,"02",1,"9152","7491",3,"12",7,"0004800000","0057600000","0003600000","0042500000","0000800000","0012500000","4400000","55000000"
1060021050,"01",1,"5122","5521",3,"4",4,"0001500000","0033000000","0001500000","0033000000","0","0","1500000","33000000"
1060017007,"01",1,"6113","7491",3,"8",6,"0005500000","0068000000","0003500000","0042000000","0000800000","0012000000","4300000","54000000"
1060017004,"04",1,"5220","5221",3,"8",6,"0001500000","0018000000","0001500000","0018000000","0","0","1500000","18000000"
1060017004,"07",1,"7231","5020",3,"8",6,"0001500000","0018000000","0001500000","0018000000","0","0","1500000","18000000"
1060037056,"01",1,"4134","7491",1,"8",5,"0006500000","0078000000","0003800000","0045600000","0001600000","0023000000","5400000","68600000"
1060037058,"01",1,"3435","7491",1,"8",5,"0008000000","0099500000","0006000000","0072000000","0001200000","0016500000","7200000","88500000"
1060110064,"01",1,"8340","6110",3,"8",6,"0005000000","0066000000","0004500000","0054000000","0","0006000000","4500000","60000000"
1060110064,"03",1,"7134","4521",3,"6",5,"0002900000","0034800000","0002900000","0034800000","0","0","2900000","34800000"
1060102005,"01",1,"2320","8021",1,"12",5,"0005600000","0070500000","0005000000","0060000000","0","0004000000","5000000","64000000"
1060102001,"01",1,"4190","2101",1,"8",6,"0008800000","0115200000","0007460000","0090000000","0000540000","0010000000","8000000","100000000"
1060102013,"02",1,"7433","1810",3,"5",6,"0001820000","0010920000","0001820000","0010920000","0","0","1820000","10920000"
1060102012,"01",1,"4190","2101",1,"12",7,"0007800000","0096000000","0006400000","0077000000","0000600000","0010000000","7000000","87000000"
1060074058,"04",1,"9314","4521",3,"10",6,"0003200000","0031000000","0003200000","0031000000","0","0","3200000","31000000"
1060078196,"01",1,"9314","4521",3,"9",6,"0004000000","0052000000","0004000000","0052000000","0","0","4000000","52000000"
1060078196,"03",1,"5220","5233",3,"4",4,"0000600000","0007200000","0000600000","0007200000","0","0","600000","7200000"
1060078207,"01",1,"8322","4100",1,"8",7,"0007950000","0095000000","0006400000","0076800000","0000850000","0013500000","7250000","90300000"
1060054246,"01",1,"9314","4521",3,"8",7,"0002700000","0016200000","0002700000","0016200000","0","0","2700000","16200000"
1060054248,"02",1,"9314","4521",3,"8",5,"0003000000","0024000000","0003000000","0024000000","0","0","3000000","24000000"
1060054248,"03",1,"9314","4521",3,"8",4,"0003500000","0021000000","0003500000","0021000000","0","0","3500000","21000000"
1060054248,"04",1,"6113","7511",1,"10",4,"0003500000","0042000000","0003500000","0042000000","0","0","3500000","42000000"
1060074048,"03",1,"9314","4521",3,"10",6,"0003000000","0030000000","0003000000","0030000000","0","0","3000000","30000000"
1060074062,"01",1,"9314","4521",3,"8",4,"0002000000","0016000000","0002000000","0016000000","0","0","2000000","16000000"
1060074051,"01",1,"9314","4521",3,"8",5,"0002300000","0028000000","0002300000","0028000000","0","0","2300000","28000000"
1060078200,"02",1,"2331","8012",1,"4",6,"0006500000","0076000000","0004700000","0056400000","0000800000","0012000000","5500000","68400000"
1060078200,"06",1,"7422","2022",3,"7",4,"0001500000","0018000000","0001500000","0018000000","0","0","1500000","18000000"
1060078193,"01",1,"8322","8513",1,"8",6,"0004600000","0057200000","0003700000","0044400000","0000600000","0012000000","4300000","56400000"
1060114062,"03",1,"7417","1545",3,"9",6,"0002950000","0037800000","0002550000","0033200000","0","0","2550000","33200000"
1060114062,"05",1,"7417","1545",3,"9",6,"0002950000","0037800000","0002550000","0033200000","0","0","2550000","33200000"
1060114060,"01",1,"2331","8012",1,"4",6,"0005732000","0071300000","0003450000","0042300000","0001810000","0023500000","5260000","65800000"
1060098053,"01",2,"7123","4522",3,NA,NA,"0","0019700000","0","0018200000","0","0001500000","0","19700000"
1060098064,"02",1,"7233","4523",3,"10",5,"0006540000","0079900000","0003570000","0045300000","0002480000","0026700000","6050000","72000000"
1060114056,"01",1,"2320","8021",1,"6",6,"0006730000","0079500000","0004520000","0052000000","0001480000","0021300000","6000000","73300000"
1060114064,"05",1,"3134","7493",3,"9",6,"0001500000","0016000000","0001500000","0015000000","0","0001000000","1500000","16000000"
1060114064,"07",1,"9132","6592",3,"8",6,"0001800000","0028500000","0001800000","0024300000","0","0001800000","1800000","26100000"
1060110057,"01",1,"9333","9305",3,"5",6,"0002800000","0028800000","0002800000","0028800000","0","0","2800000","28800000"
1060090002,"02",1,"3211","8515",3,"2",6,"0003000000","0041000000","0003000000","0036000000","0","0005000000","3000000","41000000"
1060090002,"02",1,"3211","8511",1,"8",7,"0005000000","0064900000","0004500000","0054000000","0","0005000000","4500000","59000000"
1060090006,"01",1,"8324","6023",3,"10",6,"0007000000","0090000000","0006500000","0078000000","0","0003000000","6500000","81000000"
1060098060,"01",1,"5161","7511",1,"12",6,"0007420000","0093700000","0003950000","0046500000","0002690000","0041000000","6640000","87500000"
1060098052,"01",1,"9152","7491",3,"10",6,"0006842320","0087532000","0004214000","0049950000","0002120000","0031100000","6334000","81050000"
1060110066,"01",1,"9333","6110",3,"8",6,"0005000000","0066000000","0004500000","0054000000","0","0006000000","4500000","60000000"
1060070106,"01",1,"2145","6110",1,"8",7,"0034000000","0296800000","0030000000","0258000000","0","0010000000","30000000","268000000"
1060070115,"03",1,"7137","2413",1,"8",6,"0004580000","0056100000","0004000000","0048000000","0","0003000000","4000000","51000000"
1060050117,"01",1,"7218","5260",3,"10",6,"0003000000","0036000000","0003000000","0036000000","0","0","3000000","36000000"
1060070113,"03",1,"4142","6411",3,"7",6,"0001400000","0015900000","0001400000","0015800000","0","0000100000","1400000","15900000"
1060070113,"04",1,"4113","7290",3,"8",6,"0000800000","0004000000","0000800000","0004000000","0","0","800000","4000000"
1060070105,"01",1,"9333","9305",3,"10",7,"0001000000","0012000000","0001000000","0012000000","0","0","1000000","12000000"
1060062171,"01",1,"8324","2710",1,"6",6,"0004800000","0067200000","0004800000","0058000000","0","0003000000","4800000","61000000"
1060062171,"06",1,"8324","6023",3,"8",6,"0004500000","0058400000","0004000000","0048000000","0","0005000000","4000000","53000000"
1060062171,"09",1,"8340","3511",3,"8",6,"0005100000","0067000000","0004600000","0056000000","0","0004000000","4600000","60000000"
1060062165,"01",1,"3480","9194",3,"8",4,"0003000000","0020000000","0003000000","0020000000","0","0","3000000","20000000"
1060062167,"01",1,"8340","0501",3,"8",6,"0004500000","0054000000","0004500000","0054000000","0","0","4500000","54000000"
1060050114,"01",1,"7422","3512",3,"10",6,"0003500000","0040000000","0003500000","0040000000","0","0","3500000","40000000"
1060118009,"01",1,"8113","4523",3,"8",4,"0006700000","0084700000","0006000000","0072000000","0","0005000000","6000000","77000000"
1060066102,"01",1,"3221","4020",1,"8",5,"0004800000","0062000000","0004300000","0052000000","0","0004000000","4300000","56000000"
1060066100,"01",1,"8324","6023",3,"10",5,"0005000000","0060000000","0005000000","0060000000","0","0","5000000","60000000"
1060066100,"03",1,"9314","4521",3,"8",5,"0002400000","0028800000","0002400000","0028800000","0","0","2400000","28800000"
1060066100,"04",1,"9314","4521",3,"8",5,"0002400000","0028800000","0002400000","0028800000","0","0","2400000","28800000"
1060066096,"03",1,"7245","4010",1,"9",6,"0004500000","0056200000","0004000000","0048000000","0","0003000000","4000000","51000000"
1060002168,"01",1,"7132","4521",3,"9",3,"0003600000","0043640000","0003600000","0043640000","0","0","3600000","43640000"
1060002156,"01",1,"9314","4521",3,"8",4,"0003000000","0034000000","0003000000","0034000000","0","0","3000000","34000000"
1060030060,"01",1,"5220","5234",3,"9",6,"0003000000","0036000000","0003000000","0036000000","0","0","3000000","36000000"
1060058006,"01",1,"2320","8021",1,"6",4,"0007200000","0093600000","0006500000","0078000000","0","0007000000","6500000","85000000"
1060058006,"02",1,"2320","8021",1,"6",4,"0005600000","0067200000","0005000000","0060000000","0","0005000000","5000000","65000000"
1060002164,"01",1,"4212","6511",1,"8",6,"0005200000","0067000000","0004600000","0056000000","0","0004200000","4600000","60200000"
1060030065,"01",1,"2490","6512",1,"12",7,"0112000000","0134400000","0006100000","0073000000","0000900000","0012000000","7000000","85000000"
1060086118,"01",1,"8323","6022",3,"10",6,"0003000000","0036000000","0003000000","0036000000","0","0","3000000","36000000"
1060086118,"07",1,"4190","7491",3,"8",6,"0003500000","0042000000","0003500000","0042000000","0","0","3500000","42000000"
1060086110,"03",1,"9333","9305",3,"10",6,"0002000000","0026000000","0002000000","0026000000","0","0","2000000","26000000"
1060086115,"01",1,"9314","4521",3,"8",6,"0002500000","0030000000","0002500000","0030000000","0","0","2500000","30000000"
1060030066,"02",1,"5220","5030",3,"8",6,"0002000000","0024000000","0002000000","0024000000","0","0","2000000","24000000"
1060030071,"01",1,"3115","6303",1,"8",6,"0008500000","0120000000","0005500000","0066000000","0001800000","0021600000","7300000","87600000"
1060038163,"01",1,"2142","7491",3,"12",6,"0006000000","0077000000","0004500000","0054000000","0000800000","0013000000","5300000","67000000"
1060034118,"01",1,"8324","7491",3,"8",6,"0004500000","0054000000","0003000000","0036000000","0000500000","0008000000","3500000","44000000"
1060010107,"01",1,"8324","6023",3,"12",2,"0004000000","0048000000","0004000000","0048000000","0","0","4000000","48000000"
1060034112,"01",1,"9152","4010",3,"12",6,"0005000000","0060000000","0003400000","0036000000","0000800000","0012000000","4200000","48000000"
1060034110,"01",1,"9314","4521",3,"8",6,"0003000000","0036000000","0003000000","0036000000","0","0","3000000","36000000"
1060034123,"01",1,"8324","3800",3,"8",6,"0007000000","0084000000","0004800000","0057600000","0001200000","0016800000","6000000","74400000"
1060038175,"01",1,"2142","7491",3,"8",7,"0025000000","0300000000","0017000000","0204000000","0002500000","0038000000","19500000","242000000"
1060038167,"01",1,"7233","1120",1,"9",6,"0014000000","0168000000","0007500000","0090000000","0001500000","0022000000","9000000","112000000"
1060038169,"01",1,"7221","2892",3,"12",6,"0005000000","0063000000","0003500000","0042000000","0000700000","0011500000","4200000","53500000"
1060010107,"03",1,"3475","7511",3,"3",7,"0005500000","0066000000","0003800000","0045600000","0000700000","0011000000","4500000","56600000"
1060010098,"03",1,"9314","4521",3,"8",5,"0003000000","0036000000","0003000000","0036000000","0","0","3000000","36000000"
1060106062,"01",1,"8322","8511",1,"8",6,"0004400000","0057000000","0004000000","0048000000","0","0003000000","4000000","51000000"
1060018001,"03",1,"9314","4521",3,"8",6,"0002500000","0030000000","0002500000","0030000000","0","0","2500000","30000000"
1060026161,"01",1,"5220","5233",3,"12",5,"0005000000","0060000000","0005000000","0060000000","0","0","5000000","60000000"
1060046176,"01",1,"9141","7493",3,"8",4,"0001300000","0015600000","0001300000","0015600000","0","0","1300000","15600000"
1060010101,"01",1,"0111","7522",1,"12",6,"0004500000","0054000000","0003200000","0038400000","0000800000","0012600000","4000000","51000000"
1060082015,"01",1,"9211","0112",3,"10",7,"0002100000","0025200000","0002100000","0025200000","0","0","2100000","25200000"
1060082015,"02",1,"9211","0112",3,"10",7,"0002100000","0025200000","0002100000","0025200000","0","0","2100000","25200000"
1060082009,"02",1,"9211","0140",3,"6",5,"0002100000","0025200000","0002100000","0025200000","0","0","2100000","25200000"
1060046176,"03",1,"7417","1545",3,"9",6,"0000800000","0009600000","0000800000","0009600000","0","0","800000","9600000"
1060046173,"01",1,"7422","3610",3,"9",6,"0004000000","0048000000","0003100000","0037200000","0000600000","0009500000","3700000","46700000"
1060026157,"01",1,"2213","7491",3,"8",6,"0008000000","0099000000","0004500000","0056000000","0003000000","0041000000","7500000","97000000"
1060026166,"01",1,"3111","4100",1,"8",6,"0004800000","0061000000","0004150000","0049800000","0000650000","0009800000","4800000","59600000"
1060026156,"01",1,"8324","6023",3,"8",4,"0008000000","0096000000","0005500000","0066000000","0001500000","0018000000","7000000","84000000"
1060046181,"01",1,"9141","8022",1,"8",6,"0005200000","0062400000","0003800000","0045600000","0000700000","0011900000","4500000","57500000"
1060022289,"07",1,"2452","9214",3,"8",4,"0002000000","0024000000","0002000000","0024000000","0","0","2000000","24000000"
1060022302,"01",1,"8322","6023",3,"6",4,"0001600000","0019200000","0","0","0001600000","0019200000","1600000","19200000"
1060022295,"01",1,"7422","2022",3,"10",6,"0003200000","0038400000","0003200000","0038400000","0","0","3200000","38400000"
1060022300,"01",1,"9152","7513",1,"12",4,"0004500000","0058000000","0003400000","0040800000","0000700000","0011900000","4100000","52700000"
1060042110,"01",1,"9314","4521",3,"10",6,"0003000000","0036000000","0003000000","0036000000","0","0","3000000","36000000"
1060014062,"01",1,"7134","4521",3,"7",3,"0003500000","0042000000","0003500000","0042000000","0","0","3500000","42000000"
1060014068,"01",1,"5122","7491",3,"12",6,"0004000000","0049000000","0002900000","0034800000","0000700000","0011900000","3600000","46700000"
1060014060,"01",1,"8324","6023",3,"10",6,"0009000000","0120000000","0009000000","0120000000","0","0","9000000","120000000"
1060014056,"01",1,"8324","6023",3,"12",6,"0005000000","0063000000","0003700000","0043000000","0000600000","0012000000","4300000","55000000"
1060014056,"03",1,"9314","4521",3,"10",6,"0002400000","0028800000","0002400000","0028800000","0","0","2400000","28800000"
1060014067,"01",1,"0111","7522",1,"10",6,"0006800000","0082600000","0004500000","0054000000","0001100000","0016500000","5600000","70500000"
1060050112,"03",1,"9152","7492",3,"10",7,"0003000000","0036000000","0003000000","0036000000","0","0","3000000","36000000"
1060042108,"03",1,"5220","5223",3,"10",6,"0001500000","0018000000","0001500000","0018000000","0","0","1500000","18000000"
1060042113,"01",1,"8322","6022",3,"12",6,"0004000000","0042000000","0004000000","0042000000","0","0","4000000","42000000"
1060042103,"01",1,"9152","7491",3,"10",6,"0004600000","0055200000","0003200000","0038000000","0000900000","0014800000","4100000","52800000"
1060042103,"03",1,"9333","5129",3,"10",6,"0003000000","0036000000","0003000000","0036000000","0","0","3000000","36000000"
1060106061,"01",1,"5169","4020",1,"8",5,"0004400000","0056800000","0003200000","0039000000","0000800000","0012600000","4000000","51600000"
1060059152,"01",2,"9314","4521",3,NA,NA,"0","0030000000","0","0030000000","0","0","0","30000000"
1060059159,"01",1,"9314","4521",3,"8",4,"0001500000","0020000000","0001500000","0020000000","0","0","1500000","20000000"
1060003010,"01",1,"4142","7513",1,"8",6,"0006000000","0074000000","0005000000","0060000000","0000400000","0007000000","5400000","67000000"
1060003009,"01",1,"8340","0501",3,"12",5,"0004000000","0048000000","0004000000","0048000000","0","0","4000000","48000000"
1060059154,"01",1,"3231","8513",1,"8",6,"0005200000","0072000000","0004600000","0057000000","0","0008000000","4600000","65000000"
1060003009,"03",1,"8340","0501",3,"10",4,"0001500000","0018000000","0001500000","0018000000","0","0","1500000","18000000"
1060103099,"01",1,"9314","4521",3,"8",4,"0002000000","0030000000","0002000000","0030000000","0","0","2000000","30000000"
1060103099,"02",1,"4115","7421",3,"8",6,"0004500000","0004500000","0004500000","0004500000","0","0","4500000","4500000"
1060103099,"03",1,"4115","7421",3,"8",6,"0004500000","0004500000","0004500000","0004500000","0","0","4500000","4500000"
1060103102,"01",1,"2331","8012",1,"5",6,"0005700000","0077000000","0005100000","0062000000","0","0008000000","5100000","70000000"
1060027007,"01",1,"7422","4521",3,"9",7,"0004500000","0058000000","0003800000","0045600000","0000500000","0009500000","4300000","55100000"
1060027014,"01",1,"5220","5131",3,"3",2,"0001300000","0015600000","0001300000","0015600000","0","0","1300000","15600000"
1060027014,"02",1,"2331","8012",1,"4",5,"0002500000","0035000000","0002000000","0024000000","0000500000","0009000000","2500000","33000000"
1060027012,"01",1,"4190","8031",1,"8",5,"0003500000","0046000000","0003000000","0036000000","0000500000","0008500000","3500000","44500000"
1060027012,"02",1,"4190","7310",1,"8",6,"0004500000","0056000000","0004000000","0048000000","0000500000","0008000000","4500000","56000000"
1060027001,"03",1,"5161","7491",3,"12",7,"0003500000","0046000000","0002750000","0033000000","0000550000","0012000000","3300000","45000000"
1060007148,"01",1,"1425","2320",1,"12",6,"0016500000","0201300000","0014000000","0168000000","0001000000","0015000000","15000000","183000000"
1060007152,"01",1,"4133","2320",1,"12",6,"0023000000","0268000000","0017000000","0204000000","0003000000","0039000000","20000000","243000000"
1060007152,"03",1,"4190","2320",1,"8",6,"0005300000","0067200000","0004800000","0058000000","0","0003000000","4800000","61000000"
1060007152,"04",1,"2146","2320",1,"8",6,"0005500000","0056200000","0004000000","0048000000","0001000000","0003000000","5000000","51000000"
1060007155,"01",1,"4190","2320",1,"8",6,"0016000000","0199000000","0013300000","0160000000","0001000000","0020000000","14300000","180000000"
1060007162,"01",1,"4190","8031",1,"8",6,"0011000000","0136500000","0008500000","0102000000","0001500000","0022000000","10000000","124000000"
1060007162,"02",1,"2320","8021",1,"5",4,"0006300000","0078700000","0005700000","0068500000","0","0003000000","5700000","71500000"
1060111160,"01",1,"6113","7511",1,"8",6,"0006300000","0076000000","0005000000","0060000000","0000600000","0009000000","5600000","69000000"
1060111159,"01",1,"9152","7511",1,"8",6,"0006300000","0076000000","0005000000","0060000000","0000600000","0009000000","5600000","69000000"
1060075002,"01",1,"3435","7511",1,"8",6,"0004600000","0053000000","0003200000","0039000000","0000800000","0009000000","4000000","48000000"
1060063186,"01",1,"2143","2413",1,"10",5,"0009000000","0096000000","0006000000","0072000000","0002000000","0015000000","8000000","87000000"
1060063186,"02",1,"2331","8012",1,"6",6,"0005000000","0064000000","0004500000","0054000000",NA,"0004000000","4500000","58000000"
1060063188,"01",1,"8324","6023",3,"11",6,"0006000000","0072000000","0006000000","0072000000","0","0","6000000","72000000"
1060063188,"03",1,"2320","8021",1,"2",6,"0001500000","0018000000","0001500000","0018000000","0","0","1500000","18000000"
1060087163,"01",1,"2331","8012",1,"6",5,"0006700000","0130000000","0006000000","0092000000","0000500000","0030000000","6500000","122000000"
1060087166,"01",1,"9152","7491",3,"8",6,"0005000000","0076000000","0004500000","0060000000","0","0010000000","4500000","70000000"
1060087159,"01",1,"3231","8511",1,"8",6,"0005600000","0087000000","0005000000","0071000000","0000400000","0011000000","5400000","82000000"
1060003001,"01",1,"8340","0501",3,"10",6,"0004500000","0054000000","0004500000","0054000000","0","0","4500000","54000000"
1060003015,"01",1,"8340","0501",3,"12",5,"0004500000","0054000000","0004500000","0054000000","0","0","4500000","54000000"
1060079185,"03",1,"7133","4521",3,"10",7,"0005000000","0060000000","0005000000","0060000000","0","0","5000000","60000000"
1060079185,"04",1,"7218","5020",3,"9",6,"0001600000","0019200000","0001600000","0019200000","0","0","1600000","19200000"
1060015172,"03",1,"9314","4521",3,"10",3,"0001200000","0015000000","0001200000","0015000000","0","0","1200000","15000000"
1060015172,"05",1,"9314","4521",3,"10",3,"0001500000","0018000000","0001500000","0018000000","0","0","1500000","18000000"
1060015178,"01",1,"5220","1520",3,"10",6,"0002000000","0024000000","0002000000","0024000000","0","0","2000000","24000000"
1060079199,"01",1,"1427","6512",3,"12",7,"0006500000","0078000000","0004900000","0058800000","0000900000","0014500000","5800000","73300000"
1060079194,"01",1,"7123","4522",1,"14",7,"0006500000","0078000000","0004600000","0053000000","0000900000","0013800000","5500000","66800000"
1060079194,"03",1,"9314","4521",3,"9",7,"0002400000","0028800000","0002400000","0028800000","0","0","2400000","28800000"
1060015177,"01",1,"9314","4521",3,"12",6,"0003600000","0043200000","0003600000","0043200000","0","0","3600000","43200000"
1060015177,"08",1,"9314","4521",3,"12",6,"0003600000","0043200000","0003600000","0043200000","0","0","3600000","43200000"
1060015177,"11",1,"5220","5238",3,"10",6,"0001000000","0012000000","0001000000","0012000000","0","0","1000000","12000000"
1060039055,"01",1,"7122","4521",3,"6",5,"0005000000","0062000000","0005000000","0062000000","0","0","5000000","62000000"
1060051181,"01",1,"8333","7491",3,"12",5,"0004750000","0059000000","0003700000","0044000000","0000900000","0013800000","4600000","57800000"
1060051181,"04",1,"7136","4531",3,"12",3,"0003000000","0036000000","0003000000","0036000000","0","0","3000000","36000000"
1060051181,"05",1,"7136","4531",3,"12",3,"0003000000","0036000000","0003000000","0036000000","0","0","3000000","36000000"
1060051177,"01",1,"7212","1120",1,"8",6,"0006500000","0082000000","0005300000","0063600000","0000800000","0013000000","6100000","76600000"
1060051173,"01",1,"3435","6512",1,"8",6,"0004500000","0063000000","0003900000","0046800000","0000500000","0009500000","4400000","56300000"
1060099105,"04",1,"4190","7491",3,"9",6,"0","0039700000","0","0039700000","0","0","0","39700000"
1060019159,"01",1,"7433","1810",3,"8",6,"0001600000","0022000000","0001600000","0022000000",NA,NA,"1600000","22000000"
1060039067,"01",1,"4190","8532",1,"8",6,"0007500000","0093000000","0005800000","0069600000","0000900000","0015800000","6700000","85400000"
1060039065,"06",1,"4190","3800",1,"12",6,"0005000000","0064000000","0003800000","0045600000","0000700000","0013000000","4500000","58600000"
1060119210,"01",1,"8324","6023",1,"8",6,"0004000000","0058000000","0003600000","0043400000","0","0010000000","3600000","53400000"
1060119214,"02",1,"9314","4521",3,"8",6,"0002000000","0020000000","0002000000","0020000000","0","0","2000000","20000000"
1060119218,"01",1,"7441","7491",3,"8",6,"0005000000","0070000000","0004600000","0054000000","0","0009000000","4600000","63000000"
1060019160,"01",1,"2142","7491",3,"12",7,"0008000000","0110000000","0006300000","0077000000","0000900000","0015800000","7200000","92800000"
1060019166,"01",1,"3416","7491",3,"10",6,"0004000000","0054000000","0002900000","0033500000","0000700000","0012300000","3600000","45800000"
1060071190,"01",1,"2320","8021",1,"6",4,"0006300000","0081200000","0005700000","0069000000","0","0004800000","5700000","73800000"
1060071190,"02",1,"2230","8511",1,"8",6,"0006700000","0083100000","0006000000","0072000000","0","0003500000","6000000","75500000"
1060071198,"01",1,"2331","8012",1,"4",6,"0005000000","0064400000","0004500000","0054000000","0","0004500000","4500000","58500000"
1060071198,"02",1,"1429","8012",1,"4",6,"0004500000","0056800000","0004000000","0048000000","0","0003500000","4000000","51500000"
1060071196,"01",1,"7231","8090",1,"2",6,"0001000000","0012000000","0001000000","0012000000","0","0","1000000","12000000"
1060071196,"01",1,"7231","8090",1,"4",6,"0006000000","0075000000","0005400000","0065000000","0","0003000000","5400000","68000000"
1060071196,"02",1,"2320","8021",1,"6",4,"0005000000","0060780000","0004500000","0054000000","0","0003000000","4500000","57000000"
1060071191,"01",1,"8322","7491",3,"8",6,"0008000000","0096000000","0008000000","0091000000","0","0005000000","8000000","96000000"
1060067209,"04",1,"2146","1514",3,"8",7,"0004100000","0037200000","0003700000","0030000000","0","0003800000","3700000","33800000"
1060067212,"01",1,"5220","5233",3,"8",6,"0004500000","0054000000","0004000000","0048000000","0","0001000000","4000000","49000000"
1060011002,"01",1,"7221","2892",3,"8",7,"0003000000","0036000000","0003000000","0036000000","0","0","3000000","36000000"
1060011014,"03",1,"2429","4522",3,"8",7,"0008500000","0102000000","0006300000","0075000000","0001200000","0019400000","7500000","94400000"
1060011014,"04",1,"3416","4522",3,"8",7,"0004500000","0054000000","0003400000","0040800000","0000600000","0012500000","4000000","53300000"
1060107165,"02",1,"5111","6022",3,"10",6,"0002000000","0024000000","0002000000","0024000000","0","0","2000000","24000000"
1060107162,"01",1,"8324","6023",3,"10",7,"0005000000","0060000000","0005000000","0060000000","0","0","5000000","60000000"
1060107157,"01",1,"7231","5020",3,"10",6,"0002500000","0030000000","0002500000","0030000000","0","0","2500000","30000000"
1060107156,"03",1,"5161","7523",1,"12",5,"0005500000","0085000000","0005000000","0063000000","0","0012000000","5000000","75000000"
1060107168,"03",1,"4115","4020",1,"8",6,"0005500000","0076000000","0005000000","0060000000","0","0010000000","5000000","70000000"
1060047014,"01",1,"5220","5231",3,"10",6,"0003900000","0054000000","0003000000","0042000000","0000500000","0007000000","3500000","49000000"
1060047008,"03",1,"8125","7491",3,"8",5,"0005000000","0063000000","0004000000","0048000000","0000500000","0009000000","4500000","57000000"
1060011005,"04",1,"2212","4522",1,"8",6,"0007500000","0090000000","0005800000","0069000000","0001200000","0019400000","7000000","88400000"
1060011005,"07",1,"9152","7491",3,"8",7,"0004000000","0048000000","0004000000","0048000000","0","0","4000000","48000000"
1060047011,"01",1,"9333","9305",3,"10",7,"0006100000","0078000000","0005500000","0063000000","0","0006000000","5500000","69000000"
1060043197,"01",1,"3416","7491",3,"8",6,"0005500000","0066000000","0004200000","0050400000","0000800000","0013100000","5000000","63500000"
1060043192,"01",1,"9160","7511",1,"8",7,"0007000000","0084000000","0004300000","0051600000","0000900000","0014800000","5200000","66400000"
1060043191,"01",1,"3144","6303",1,"8",6,"0008000000","0098000000","0005200000","0062400000","0000800000","0015100000","6000000","77500000"
1060043199,"01",1,"9333","9305",3,"10",6,"0003000000","0036000000","0003000000","0036000000","0","0","3000000","36000000"
1060023011,"01",1,"3416","7512",1,"8",7,"0009500000","0124000000","0008300000","0099600000","0000800000","0014800000","9100000","114400000"
1060055097,"01",1,"8161","4010",1,"8",6,"0010000000","0155000000","0006500000","0078000000","0001300000","0022600000","7800000","100600000"
1060055098,"01",1,"4190","8511",1,"8",6,"0006500000","0078000000","0004100000","0049200000","0000900000","0013500000","5000000","62700000"
1060055105,"01",1,"6113","7491",3,"8",6,"0006000000","0072000000","0004200000","0050400000","0000900000","0013500000","5100000","63900000"
1060055105,"03",1,"5220","5222",3,"10",7,"0003000000","0036000000","0003000000","0036000000","0","0","3000000","36000000"
1060031115,"03",1,"4113","7491",3,"8",7,"0004500000","0056000000","0003300000","0039500000","0000700000","0012200000","4000000","51700000"
1060031115,"05",1,"3435","7491",3,"11",6,"0004500000","0062000000","0003400000","0041800000","0001100000","0018600000","4500000","60400000"
1060031120,"01",1,"9152","1120",1,"8",6,"0013000000","0162000000","0008500000","0102000000","0001550000","0023600000","10050000","125600000"
1060031120,"03",1,"7417","1545",3,"10",6,"0003000000","0036000000","0003000000","0036000000","0","0","3000000","36000000"
1060031120,"04",1,"3435","7491",3,"8",6,"0003000000","0036000000","0003000000","0036000000","0","0","3000000","36000000"
1060031123,"01",1,"4190","7491",3,"10",6,"0005500000","0068000000","0003500000","0042000000","0000800000","0016000000","4300000","58000000"
1060099099,"04",1,"0111","7522",1,"9",6,"0006740000","0089800000","0004910000","0057300000","0001250000","0021300000","6160000","78600000"
1060035164,"01",1,"2412","2710",1,"8",5,"0012000000","0158000000","0010000000","0120000000","0002000000","0028000000","12000000","148000000"
1060035166,"01",1,"4115","7491",3,"8",6,"0005000000","0062000000","0003500000","0042000000","0000700000","0011000000","4200000","53000000"
1060035155,"01",1,"2351","7512",1,"8",6,"0012000000","0163000000","0007350000","0088200000","0001400000","0021500000","8750000","109700000"
1060035157,"01",1,"3416","7512",1,"8",6,"0006500000","0079000000","0004300000","0051600000","0000900000","0012500000","5200000","64100000"
1060035157,"03",1,"5123","7512",1,"8",6,"0005500000","0066000000","0003800000","0045000000","0000600000","0011000000","4400000","56000000"
1060035160,"01",1,"2411","7511",1,"8",6,"0007000000","0084000000","0004700000","0056000000","0000800000","0012500000","5500000","68500000"
1060095064,"01",2,"9314","4521",3,NA,NA,"0001400000","0009300000","0001400000","0009300000","0","0","1400000","9300000"
1060095064,"03",2,"9314","4521",3,NA,NA,"0000600000","0004900000","0000600000","0004900000","0","0","600000","4900000"
1060095061,"01",2,"7132","4521",3,NA,NA,"0001400000","0024000000","0001400000","0024000000","0","0","1400000","24000000"
1060115065,"01",1,"9314","4521",3,"9",5,"0003200000","0028400000","0003200000","0027000000","0","0001400000","3200000","28400000"
1060115060,"02",1,"9314","4521",3,"9",4,"0002100000","0019700000","0002100000","0019700000","0","0","2100000","19700000"
1060115056,"01",1,"9152","4522",3,"11",6,"0005642000","0072400000","0003120000","0037500000","0002110000","0028400000","5230000","65900000"
1060040015,"03",1,"4214","7020",3,"8",6,"0003500000","0043000000","0003500000","0043000000","0","0","3500000","43000000"
1060040007,"03",1,"7233","3800",1,"10",6,"0006000000","0064000000","0004000000","0050000000","0001000000","0007000000","5000000","57000000"
1060112014,"01",1,"7212","4522",3,"15",7,"0003500000","0014000000","0003500000","0014000000","0","0","3500000","14000000"
1060040003,"03",1,"2142","7491",3,"10",7,"0010200000","0109000000","0006000000","0073000000","0003000000","0025000000","9000000","98000000"
1060112014,"02",1,"8332","4522",3,"15",7,"0004000000","0016000000","0004000000","0016000000","0","0","4000000","16000000"
1060112014,"03",1,"7212","4522",3,"15",7,"0003000000","0012000000","0003000000","0012000000","0","0","3000000","12000000"
1060112002,"01",1,"8324","6023",3,"12",6,"0008400000","0016800000","0005500000","0014000000","0001500000","0","7000000","14000000"
1060112004,"01",1,"9314","4521",3,"8",4,"0003000000","0024000000","0003000000","0024000000","0","0","3000000","24000000"
1060112004,"03",1,"9314","4521",3,"8",3,"0001500000","0009000000","0001500000","0009000000","0","0","1500000","9000000"
1060028107,"01",1,"7212","7491",3,"8",6,"0011000000","0107000000","0007500000","0091000000","0001500000","0005000000","9000000","96000000"
1060028107,"03",1,"2411","5129",3,"8",7,"0006200000","0079000000","0005500000","0068000000","0","0003000000","5500000","71000000"
1060028107,"04",1,"3417","7491",3,"6",4,"0003600000","0046000000","0003000000","0037000000","0","0004000000","3000000","41000000"
1060028095,"03",1,"4113","7491",3,"8",6,"0004200000","0054000000","0003800000","0046000000","0","0003000000","3800000","49000000"
1060112008,"06",1,"9314","4521",3,"8",4,"0002000000","0012000000","0002000000","0012000000","0","0","2000000","12000000"
1060028102,"04",1,"4113","7491",3,"12",6,"0004000000","0051000000","0003500000","0043000000","0","0003000000","3500000","46000000"
1060088118,"03",1,"8324","6023",3,"10",6,"0004000000","0050000000","0004000000","0050000000","0","0","4000000","50000000"
1060088119,"01",1,"8324","6023",3,"8",6,"0003500000","0045000000","0003500000","0045000000","0","0","3500000","45000000"
1060004182,"01",1,"3114","7491",3,"8",6,"0004000000","0050000000","0003400000","0041000000","0","0006000000","3400000","47000000"
1060064007,"03",1,"4222","8514",3,"8",6,"0003400000","0044000000","0003000000","0037000000","0","0003000000","3000000","40000000"
1060064007,"04",1,"2139","7491",3,"6",6,"0002000000","0024000000","0002000000","0024000000","0","0","2000000","24000000"
1060064010,"01",1,"7311","2413",1,"9",5,"0006700000","0083000000","0005400000","0065000000","0000600000","0010200000","6000000","75200000"
1060064002,"03",1,"9152","2413",1,"12",6,"0008000000","0096600000","0005850000","0072000000","0001200000","0012600000","7050000","84600000"
1060064002,"04",1,"8324","6023",3,"12",6,"0004500000","0060600000","0003950000","0049000000","0","0005000000","3950000","54000000"
1060088111,"04",1,"7241","5020",3,"8",6,"0003000000","0040000000","0003000000","0040000000","0","0","3000000","40000000"
1060088111,"06",1,"7241","5020",3,"8",6,"0002500000","0030000000","0002500000","0030000000","0","0","2500000","30000000"
1060076165,"01",1,"9314","4521",3,"8",4,"0003000000","0036000000","0003000000","0036000000","0","0","3000000","36000000"
1060112010,"01",1,"8324","6023",3,"7",6,"0007200000","0014400000","0006000000","0012000000","0","0","6000000","12000000"
1060076174,"02",1,"7212","2892",3,"8",3,"0003000000","0024000000","0003000000","0024000000","0","0","3000000","24000000"
1060076168,"01",1,"6113","7511",3,"8",7,"0005400000","0066000000","0004200000","0051000000","0000500000","0006000000","4700000","57000000"
1060076169,"01",1,"9160","7491",3,"8",7,"0004400000","0060000000","0003200000","0046000000","0000600000","0007000000","3800000","53000000"
1060052202,"01",1,"3118","7421",3,"10",6,"0007500000","0092000000","0005810000","0071220000","0001000000","0012000000","6810000","83220000"
1060052197,"01",1,"3429","5231",3,"8",6,"0004000000","0052000000","0003320000","0040840000","0000240000","0005880000","3560000","46720000"
1060052207,"01",1,"9152","2710",3,"8",6,"0006500000","0075000000","0004814000","0057768000","0000600000","0010200000","5414000","67968000"
1060080153,"03",1,"9314","4540",3,"9",5,"0004500000","0054000000","0004500000","0054000000","0","0","4500000","54000000"
1060080153,"04",1,"9314","4540",3,"9",3,"0004500000","0054000000","0004500000","0054000000","0","0","4500000","54000000"
1060056210,"01",1,"9314","4521",3,"8",5,"0003000000","0040000000","0003000000","0040000000","0","0","3000000","40000000"
1060056210,"11",1,"9314","4521",3,"10",5,"0","0008000000","0","0008000000","0","0","0","8000000"
1060056210,"12",1,"9314","4521",3,"10",5,"0","0007000000","0","0007000000","0","0","0","7000000"
1060056208,"01",1,"9314","4521",3,"8",4,"0002500000","0035000000","0002500000","0035000000","0","0","2500000","35000000"
1060056208,"03",1,"9314","4521",3,"8",4,"0002000000","0025000000","0002000000","0025000000","0","0","2000000","25000000"
1060056208,"04",1,"9314","4521",3,"8",4,"0002000000","0020000000","0002000000","0020000000","0","0","2000000","20000000"
1060104007,"03",1,"9314","4521",3,"8",3,"0001500000","0020000000","0001500000","0020000000","0","0","1500000","20000000"
1060080140,"04",1,"8232","2520",3,"8",7,"0002400000","0028800000","0002400000","0028800000","0","0","2400000","28800000"
1060008350,"03",1,"7231","5020",3,"8",6,"0002500000","0030000000","0002500000","0030000000","0","0","2500000","30000000"
1060056199,"01",1,"9314","4521",3,"8",4,"0002000000","0030000000","0002000000","0030000000","0","0","2000000","30000000"
1060056199,"05",1,"9314","4521",3,"8",4,"0002000000","0030000000","0002000000","0030000000","0","0","2000000","30000000"
1060104010,"01",1,"7311","4020",1,"8",6,"0007600000","0054000000","0003600000","0040800000","0003180000","0008000000","6780000","48800000"
1060008343,"01",1,"3112","7491",3,"12",6,"0012400000","0070000000","0004200000","0051000000","0006800000","0012000000","11000000","63000000"
1060092061,"01",1,"7126","4521",3,"8",6,"0003000000","0035000000","0003000000","0035000000","0","0","3000000","35000000"
1060092052,"01",1,"9314","4521",3,"8",6,"0001800000","0022000000","0001800000","0022000000","0","0","1800000","22000000"
1060092048,"01",1,"7126","4521",3,"8",6,"0002000000","0025000000","0002000000","0025000000","0","0","2000000","25000000"
1060044169,"01",1,"9314","4521",3,"10",6,"0003900000","0047000000","0003900000","0047000000","0","0","3900000","47000000"
1060044166,"04",1,"6111","7511",3,"12",6,"0011400000","0046000000","0003400000","0041000000","0006800000","0","10200000","41000000"
1060044173,"01",1,"7417","1545",3,"9",6,"0002000000","0024000000","0002000000","0024000000","0","0","2000000","24000000"
1060016067,"01",1,"4134","7523",1,"10",6,"0007000000","0074000000","0005000000","0062000000","0","0004000000","5000000","66000000"
1060016067,"04",1,"0112","7522",1,"10",7,"0000520000","0004160000","0000520000","0004160000",NA,"0","520000","4160000"
1060044164,"01",1,"8125","2710",3,"8",7,"0012800000","0069000000","0004600000","0056000000","0006800000","0005700000","11400000","61700000"
1060020146,"01",1,"7141","4540",3,"8",6,"0003000000","0036000000","0003000000","0036000000","0","0","3000000","36000000"
1060044160,"03",1,"8323","6021",1,"9",7,"0007400000","0007400000","0003400000","0003400000","0","0","3400000","3400000"
1060016058,"01",1,"9152","4010",1,"8",7,"0005200000","0063000000","0004300000","0052000000","0","0005000000","4300000","57000000"
1060016055,"01",1,"9314","4521",3,"10",6,"0004500000","0054000000","0004500000","0054000000","0","0","4500000","54000000"
1060020143,"03",1,"0112","7523",1,"10",7,"0000350000","0003150000","0000350000","0003150000","0","0","350000","3150000"
1060032003,"01",1,"3416","1110",1,"12",6,"0012000000","0125000000","0005300000","0070600000","0004500000","0053000000","9800000","123600000"
1060120241,"04",1,"0111","7522",1,"8",6,"0000800000","0008000000","0000800000","0008000000","0","0","800000","8000000"
1060060162,"01",1,"7123","4522",3,"10",6,"0005000000","0060000000","0004200000","0050400000","0","0008000000","4200000","58400000"
1060060157,"03",1,"9314","4521",3,"8",4,"0002200000","0020000000","0002200000","0020000000","0","0","2200000","20000000"
1060060149,"01",1,"5220","8513",1,"8",6,"0005400000","0065000000","0004800000","0057600000","0","0006000000","4800000","63600000"
1060120244,"02",1,"2331","8012",3,"5",6,"0004000000","0004000000","0002000000","0002000000","0002000000","0002000000","4000000","4000000"
1060060149,"02",1,"2320","8012",1,"4",6,"0005800000","0070000000","0005200000","0062400000","0","0005500000","5200000","67900000"
1060060151,"01",1,"7241","4010",3,"12",6,"0004800000","0064000000","0004200000","0050000000","0","0008000000","4200000","58000000"
1060120236,"01",1,"8332","7511",1,"8",6,"0005800000","0082000000","0005000000","0070000000","0","0003200000","5000000","73200000"
1060120236,"04",1,"2320","8021",1,"5",5,"0006800000","0089000000","0006100000","0070000000","0","0010000000","6100000","80000000"
1060120236,"06",1,"5220","5238",3,"10",6,"0001500000","0018000000","0001500000","0018000000","0","0","1500000","18000000"
1060012060,"01",1,"9314","4521",3,"9",7,"0004500000","0054000000","0004500000","0054000000","0","0","4500000","54000000"
1060012060,"02",1,"6112","0113",3,"9",7,"0002400000","0028000000","0002400000","0028000000","0","0","2400000","28000000"
1060012053,"01",1,"9211","3800",3,"8",6,"0004700000","0063000000","0004000000","0049000000","0","0008000000","4000000","57000000"
1060012053,"04",1,"6113","7491",3,"8",7,"0003700000","0052000000","0003300000","0040000000","0","0007000000","3300000","47000000"
1060012053,"05",1,"9314","4521",3,"8",7,"0003000000","0036000000","0003000000","0036000000","0","0","3000000","36000000"
1060012064,"02",1,"6112","0113",3,"9",7,"0002400000","0028800000","0002400000","0028800000","0","0","2400000","28800000"
1060012064,"03",1,"9314","4521",3,"8",7,"0003600000","0043200000","0003600000","0043200000","0","0","3600000","43200000"
1060012064,"04",1,"9314","4521",3,"8",7,"0003600000","0043200000","0003600000","0043200000","0","0","3600000","43200000"
1060012054,"04",1,"7417","1545",3,"8",6,"0004800000","0057600000","0004800000","0057600000","0","0","4800000","57600000"
1060012059,"01",1,"9314","4521",3,"9",6,"0003600000","0043200000","0003600000","0043200000","0","0","3600000","43200000"
1060012059,"02",1,"6112","0113",3,"9",7,"0002700000","0032400000","0002700000","0032400000","0","0","2700000","32400000"
1060036167,"01",1,"8333","2710",1,"8",7,"0008900000","0125000000","0008000000","0097000000","0","0014000000","8000000","111000000"
1060036154,"03",1,"4190","8532",1,"8",6,"0005700000","0074000000","0005000000","0061000000","0","0006000000","5000000","67000000"
1060036158,"02",1,"5220","8513",1,"8",6,"0005800000","0075000000","0005200000","0063000000","0","0005000000","5200000","68000000"
1060108067,"02",1,"7123","4522",3,"11",5,"0008300000","0080000000","0004100000","0044000000","0003300000","0028200000","7400000","72200000"
1060108062,"03",2,"9314","4521",3,NA,NA,"0000800000","0029000000","0000800000","0029000000","0","0","800000","29000000"
1060108064,"01",1,"3431","7511",1,"10",6,"0005000000","0118000000","0004520000","0053200000","0","0051000000","4520000","104200000"
1060108064,"02",1,"3435","6512",1,"8",6,"0005400000","0098500000","0004800000","0057000000","0","0031000000","4800000","88000000"
1060108054,"01",1,"8322","4522",3,"10",6,"0004600000","0074000000","0003400000","0042000000","0000690000","0025000000","4090000","67000000"
1060048102,"01",1,"9152","2710",3,"8",6,"0006300000","0076200000","0004890000","0059760000","0000500000","0009000000","5390000","68760000"
1060048111,"01",1,"8281","3312",3,"8",6,"0004000000","0052000000","0003300000","0040000000","0000300000","0006600000","3600000","46600000"
1060048098,"01",1,"5122","4522",3,"10",6,"0004400000","0057000000","0003500000","0043000000","0000300000","0007000000","3800000","50000000"
1060048098,"03",1,"5220","5232",3,"10",6,"0002000000","0024000000","0002000000","0024000000","0","0","2000000","24000000"
1060024204,"01",1,"2213","3800",1,"12",7,"0006200000","0089000000","0005000000","0060000000","0000500000","0020000000","5500000","80000000"
1060024204,"02",1,"2320","8021",1,"5",4,"0047000000","0060000000","0004200000","0050000000","0","0004000000","4200000","54000000"
1060048103,"01",1,"9160","7511",3,"8",7,"0004000000","0052000000","0003300000","0040000000","0000300000","0006600000","3600000","46600000"
1060116009,"01",1,"4121","8513",1,"9",6,"0008400000","0079000000","0004200000","0051000000","0003180000","0020000000","7380000","71000000"
1060116012,"01",1,"4121","7511",3,"9",6,"0011600000","0075000000","0003650000","0043500000","0006300000","0024500000","9950000","68000000"
1060116005,"01",1,"8322","7513",1,"9",6,"0007200000","0075000000","0003240000","0042400000","0003180000","0025400000","6420000","67800000"
1060116005,"03",1,"5162","7523",1,"10",6,"0007800000","0073500000","0003790000","0044500000","0003180000","0021000000","6970000","65500000"
1060004189,"02",1,"5220","5222",3,"10",6,"0001000000","0012000000","0001000000","0012000000","0","0","1000000","12000000"
1060004186,"01",1,"9314","4521",3,"8",3,"0001200000","0014400000","0001200000","0014400000","0","0","1200000","14400000"
1060100057,"01",1,"3435","1110",1,"9",5,"0013500000","0197000000","0007200000","0099600000","0004150000","0076500000","11350000","176100000"
1060100064,"01",1,"3435","1110",1,"10",6,"0016700000","0264000000","0007200000","0122000000","0006800000","0104000000","14000000","226000000"
1060100054,"01",2,"9314","4521",3,NA,NA,"0","0008600000","0","0008600000","0","0","0","8600000"
1060100067,"01",1,"1427","1110",1,"10",5,"0019500000","0275000000","0008700000","0121000000","0008300000","0114000000","17000000","235000000"
1060072110,"01",1,"2230","8511",1,"8",6,"0008600000","0084000000","0005000000","0061000000","0002640000","0015000000","7640000","76000000"
1060072112,"01",1,"4190","8513",1,"8",6,"0005700000","0070000000","0004400000","0052788000","0000600000","0010200000","5000000","62988000"
1060072105,"01",1,"3435","8513",1,"8",6,"0006500000","0077000000","0004460000","0054000000","0001200000","0015000000","5660000","69000000"
1060072099,"01",1,"8161","6421",1,"10",6,"0082000000","0105000000","0005940000","0072000000","0001500000","0021000000","7440000","93000000"
1060068108,"01",1,"7417","1545",3,"8",6,"0002700000","0033000000","0002400000","0029000000","0","0000200000","2400000","29200000"
1060068112,"02",1,"4190","8012",1,"4",6,"0007900000","0058500000","0004000000","0049200000","0003180000","0003000000","7180000","52200000"
1060044166,"05",1,"6111","7511",3,"8",7,"0011200000","0046000000","0003400000","0040000000","0006660000","0","10060000","40000000"
1070085117,"03",1,"2331","7512",1,"3",6,"0000530000","0009360000","0000500000","0006000000","0","0003000000","500000","9000000"
1070085117,"04",1,"9211","0111",3,"12",7,"0000420000","0005000000","0000420000","0005000000","0","0","420000","5000000"
1070085117,"05",1,"9211","0111",3,"12",7,"0000420000","0005000000","0000420000","0005000000","0","0","420000","5000000"
1070085117,"06",2,"0112","7522",1,NA,NA,"0","0004080000","0","0004080000","0","0","0","4080000"
1070085120,"01",1,"9314","4521",3,"8",6,"0003000000","0027000000","0003000000","0027000000","0","0","3000000","27000000"
1070085120,"03",1,"0111","7522",1,"8",6,"0","0","0","0","0","0","0","0"
1070085107,"03",2,"0112","7522",1,NA,NA,"0","0003960000","0","0003960000","0","0","0","3960000"
1070121288,"01",1,"7422","2022",3,"10",6,"0004000000","0048000000","0004000000","0048000000","0","0","4000000","48000000"
1070121277,"01",1,"9211","0111",3,"4",3,"0","0","0","0","0","0","0","0"
1070121283,"03",1,"8322","6022",3,"8",6,"0003000000","0037000000","0003000000","0036000000","0","0001000000","3000000","37000000"
1070121283,"06",2,"0112","7522",1,NA,NA,"0","0004080000","0","0004080000","0","0","0","4080000"
1070097304,"03",1,"3471","2899",3,"10",6,"0003000000","0039000000","0003000000","0036000000","0","0003000000","3000000","39000000"
1070097308,"01",1,"7126","4521",3,"8",6,"0004500000","0054000000","0004500000","0054000000","0","0","4500000","54000000"
1070097308,"03",1,"7212","2892",3,"12",6,"0003000000","0036500000","0003000000","0036500000","0","0","3000000","36500000"
1070097308,"04",1,"8333","1520",3,"8",6,"0003000000","0036800000","0003000000","0036800000","0","0","3000000","36800000"
1070097297,"01",1,"1429","8090",3,"5",6,"0009100000","0109200000","0008000000","0096000000","0","0003000000","8000000","99000000"
1070097297,"01",1,"2320","8090",3,"4",6,"0001500000","0018000000","0001500000","0018000000","0","0","1500000","18000000"
1070097299,"02",1,"4190","8511",1,"8",6,"0004300000","0049200000","0003500000","0042200000","0000400000","0006400000","3900000","48600000"
1070097308,"06",1,"2411","1520",3,"8",6,"0003000000","0026000000","0003000000","0026000000","0","0","3000000","26000000"
1070025003,"03",2,"0112","7522",1,NA,NA,"0","0003720000","0","0003720000","0","0","0","3720000"
1070025010,"01",1,"9314","4521",3,"9",4,"0002400000","0028800000","0002400000","0028800000","0","0","2400000","28800000"
1070105218,"01",1,"8324","6023",3,"10",6,"0005500000","0068400000","0005500000","0068400000","0","0","5500000","68400000"
1070105215,"01",1,"2331","8012",1,"6",6,"0007000000","0084000000","0006500000","0078000000","0","0003000000","6500000","81000000"
1070073257,"01",1,"6111","0111",3,"10",7,"0003720000","0044640000","0003720000","0044640000","0","0","3720000","44640000"
1070109207,"03",1,"5111","6023",3,"12",3,"0003000000","0036000000","0003000000","0036000000","0","0","3000000","36000000"
1070109207,"05",1,"4115","7290",3,"5",7,"0000500000","0003500000","0000500000","0003500000","0","0","500000","3500000"
1070109216,"01",2,"7132","5020",3,NA,NA,"0","0","0","0","0","0","0","0"
1070109216,"01",2,"9314","4521",3,NA,NA,"0","0010800000","0","0010800000","0","0","0","10800000"
1070073267,"01",1,"9333","9305",3,"5",3,"0000600000","0007200000","0000600000","0007200000","0","0","600000","7200000"
1070073267,"03",1,"7422","2022",3,"12",3,"0001000000","0012000000","0001000000","0012000000","0","0","1000000","12000000"
1070073267,"04",2,"9314","4521",3,NA,NA,"0000240000","0000240000","0000240000","0000240000","0","0","240000","240000"
1070073267,"05",2,"0112","7522",1,NA,NA,"0","0004080000","0","0004080000","0","0","0","4080000"
1070073269,"03",1,"5220","5238",3,"12",6,"0001860000","0005460000","0001860000","0005460000","0","0","1860000","5460000"
1070109216,"02",2,"4115","7290",3,NA,NA,"0","0001800000","0","0001800000","0","0","0","1800000"
1070109216,"02",2,"3435","6023",3,NA,NA,"0","0002400000","0","0002400000","0","0","0","2400000"
1070061271,"01",2,"1423","4521",3,NA,NA,"0","0040000000","0","0040000000","0","0","0","40000000"
1070061285,"01",2,"8323","6021",3,NA,NA,"0","0021000000","0","0021000000","0","0","0","21000000"
1070061285,"03",1,"9314","4521",3,"4",3,"0001500000","0008000000","0001500000","0008000000","0","0","1500000","8000000"
1070061275,"01",1,"3221","8511",1,"10",7,"0009730000","0099600000","0006850000","0069300000","0000750000","0012000000","7600000","81300000"
1070037004,"01",1,"7212","2892",3,"3",6,"0002500000","0030000000","0002500000","0030000000","0","0","2500000","30000000"
1070037003,"01",1,"8232","2520",3,"8",6,"0","0","0","0","0","0","0","0"
1070049058,"01",1,"3231","8511",1,"6",6,"0005300000","0063600000","0004600000","0055200000","0000150000","0003000000","4750000","58200000"
1070049065,"01",1,"9314","4521",3,"8",4,"0004000000","0045000000","0004000000","0045000000","0","0","4000000","45000000"
1070049053,"01",1,"3435","6512",1,"8",6,"0004900000","0060800000","0004500000","0054000000","0","0002000000","4500000","56000000"
1070061277,"02",1,"3222","8511",1,"7",6,"0007930000","0099200000","0006620000","0087540000","0000380000","0007960000","7000000","95500000"
1070061282,"01",1,"5220","5232",3,"8",2,"0003000000","0030600000","0003000000","0030600000","0","0","3000000","30600000"
1070109213,"01",1,"2320","8021",1,"5",6,"0008460000","0101520000","0006700000","0080400000","0","0003000000","6700000","83400000"
1070049057,"01",1,"1427","7523",1,"11",6,"0008500000","0105000000","0006500000","0078000000","0001500000","0021000000","8000000","99000000"
1070001066,"01",1,"9311","2692",1,"8",6,"0003000000","0041000000","0002800000","0033600000","0","0005000000","2800000","38600000"
1070001058,"03",1,"9314","4521",3,"10",1,"0000650000","0007800000","0000650000","0007800000","0","0","650000","7800000"
1070001064,"01",1,"9311","2692",3,"8",6,"0003500000","0047000000","0003000000","0036000000","0","0005000000","3000000","41000000"
1070001064,"03",1,"8333","0140",3,"8",5,"0","0","0","0","0","0","0","0"
1070001064,"04",1,"7231","5020",3,"10",6,"0000250000","0002400000","0000250000","0002400000","0","0","250000","2400000"
1070013163,"01",1,"9211","0113",3,"10",7,"0004000000","0049500000","0004000000","0049500000","0","0","4000000","49500000"
1070013163,"03",1,"9211","0113",3,"10",7,"0003500000","0042000000","0003500000","0042000000","0","0","3500000","42000000"
1070013157,"01",1,"2331","8012",1,"4",6,"0007179986","0086159832","0006011893","0072942716","0000423360","0008080320","6435253","81023036"
1070013157,"02",1,"2320","8021",1,"6",4,"0004521179","0054254148","0002263713","0027964556","0000768032","0012216384","3031745","40180940"
1070077151,"01",2,"9131","7493",3,NA,NA,"0","0002800000","0","0002800000","0","0","0","2800000"
1070077151,"02",1,"7133","4540",3,"12",6,"0002800000","0033600000","0002800000","0033600000","0","0","2800000","33600000"
1070077151,"03",1,"7133","4540",3,"7",2,"0000240000","0002880000","0000240000","0002880000","0","0","240000","2880000"
1070077151,"04",1,"7133","4540",3,"12",5,"0001600000","0019200000","0001600000","0019200000","0","0","1600000","19200000"
1070077165,"01",2,"7133","4540",3,NA,NA,"0","0013500000","0","0013500000","0","0","0","13500000"
1070077155,"01",1,"7132","4540",3,"8",6,"0002500000","0037500000","0002500000","0030000000","0","0","2500000","30000000"
1070077159,"01",1,"9314","4521",3,"8",7,"0003000000","0036000000","0003000000","0036000000","0","0","3000000","36000000"
1070077159,"03",1,"7433","1810",3,"10",6,"0002500000","0030000000","0002500000","0030000000","0","0","2500000","30000000"
1070077159,"04",1,"9314","4521",3,"10",4,"0002400000","0028800000","0002400000","0028800000","0","0","2400000","28800000"
1070113192,"01",2,"5220","5235",3,NA,NA,"0","0008000000","0","0008000000","0","0","0","8000000"
1070113194,"01",1,"9314","4521",3,"7",6,"0005000000","0054400000","0005000000","0054400000","0","0","5000000","54400000"
1070113194,"01",1,"9211","0111",3,"5",7,"0001000000","0008000000","0001000000","0008000000","0","0","1000000","8000000"
1070125063,"01",1,"5169","7523",1,"8",6,"0005800000","0073600000","0004698500","0056382000","0000258000","0006596000","4956500","62978000"
1070125060,"01",1,"5111","6023",3,"8",4,"0003500000","0024500000","0003500000","0024500000","0","0","3500000","24500000"
1070065109,"02",2,"9131","7493",3,NA,NA,"0","0000800000","0","0000800000","0","0","0","800000"
1070065109,"03",2,"9314","4521",3,NA,NA,"0","0021600000","0","0021600000","00","0","0","21600000"
1070065109,"04",1,"7133","4540",3,"12",6,"0002600000","0039000000","0002600000","0039000000","0","0","2600000","39000000"
1070065104,"02",1,"3429","3190",3,"9",6,"0003000000","0006000000","0003000000","0006000000","0","0","3000000","6000000"
1070065104,"02",2,"7241","5260",3,NA,NA,"0","0002000000","0","0002000000","0","0","0","2000000"
1070065104,"03",2,"4115","4522",3,NA,NA,"0","0001000000","0","0001000000","0","0","0","1000000"
1070065105,"01",2,"7324","2698",3,NA,NA,"0","0156000000","0","0120000000","0","0","0","120000000"
1070089169,"01",2,"2320","8021",1,NA,NA,"0","0010752000","0","0010752000","0","0","0","10752000"
1070089183,"01",1,"7414","1546",3,"8",6,"0002700000","0035900000","0002500000","0030000000","0","0003500000","2500000","33500000"
1070089173,"02",1,"2320","8021",1,"5",5,"0004500000","0057000000","0003000000","0036000000","0","0003000000","3000000","39000000"
1070017053,"02",1,"2331","8012",1,"8",6,"0005500000","0074000000","0005370000","0064440000","0","0007000000","5370000","71440000"
1070017056,"01",1,"9314","4521",3,"8",6,"0004000000","0032000000","0004000000","0032000000","0","0","4000000","32000000"
1070017047,"01",1,"2331","8012",1,"8",6,"0006300000","0089070000","0006000000","0075600000","0","0013470000","6000000","89070000"
1070005002,"01",1,"7111","2696",3,"10",6,"0003600000","0048200000","0003600000","0043200000","0","0005000000","3600000","48200000"
1070005006,"01",1,"7126","4521",3,"10",6,"0010800000","0091200000","0010800000","0091200000","0","0","10800000","91200000"
1070005009,"01",1,"1429","8021",1,"8",6,"0008000000","0096000000","0007100000","0088200000","0000220000","0005640000","7320000","93840000"
1070005009,"02",1,"2320","8021",1,"8",6,"0005100000","0061200000","0004470000","0053640000","0","0003000000","4470000","56640000"
1070101261,"01",1,"8324","7511",1,"8",6,"0004000000","0048000000","0003000000","0036000000","0000500000","0008000000","3500000","44000000"
1070005013,"01",1,"9152","2696",3,"10",6,"0005000000","0065000000","0005000000","0060000000","0","0005000000","5000000","65000000"
1070101262,"01",1,"6113","7511",1,"8",6,"0003500000","0049000000","0002500000","0030000000","0001000000","0001900000","3500000","31900000"
1070053057,"01",1,"9333","9305",3,"12",6,"0003500000","0042000000","0003500000","0042000000","0","0","3500000","42000000"
1070053050,"01",1,"9314","4521",3,"8",4,"0002080000","0035100000","0002080000","0035100000","0","0","2080000","35100000"
1070053050,"02",1,"7414","1520",3,"12",6,"0002500000","0015200000","0002500000","0014000000","0","0001200000","2500000","15200000"
1070029176,"01",2,"1429","4522",3,NA,NA,"0","0038000000","0","0026000000","0","0004000000","0","30000000"
1070029176,"02",1,"2310","8031",3,"3",2,"0002200000","0026400000","0001500000","0018000000","0","0","1500000","18000000"
1070101261,"05",1,"8324","6023",1,"8",6,"0002000000","0024000000","0002000000","0024000000","0","0","2000000","24000000"
1070041278,"01",1,"8324","6023",1,"2",6,"0077000000","0092400000","0005000000","0060000000","0001200000","0014400000","6200000","74400000"
1070101266,"01",1,"9314","4521",3,"8",3,"0001500000","0020000000","0001500000","0020000000","0","0","1500000","20000000"
1070101268,"01",1,"6113","7511",1,"12",3,"0035000000","0042000000","0002500000","0030000000","0","0005000000","2500000","35000000"
1070101268,"06",1,"9314","4521",3,"8",4,"0002000000","0025000000","0002000000","0025000000","0","0","2000000","25000000"
1070041278,"03",1,"5111","6023",1,"12",6,"0001500000","0018000000","0001500000","0018000000","0","0","1500000","18000000"
1070057215,"01",1,"2331","8012",1,"6",6,"0006100000","0075200000","0005934000","0071208000","0","0003000000","5934000","74208000"
1070065112,"01",1,"9314","4521",2,"12",6,"0003000000","0036000000","0003000000","0036000000","0","0","3000000","36000000"
1070065112,"05",1,"9314","4521",2,"12",6,"0002500000","0030000000","0002500000","0030000000","0","0","2500000","30000000"
1070029168,"01",1,"2412","7491",1,"8",6,"0008000000","0096000000","0004680000","0056160000","0002200000","0029400000","6880000","85560000"
1070029168,"01",1,"2139","8090",3,"3",4,"0001500000","0018000000","0001500000","0018000000","0","0","1500000","18000000"
1070029171,"01",1,"3224","8516",1,"5",6,"0005000000","0060000000","0005000000","0060000000","0","0","5000000","60000000"
1070033006,"03",1,"5220","5232",3,"9",6,"0003500000","0042000000","0003500000","0042000000","0","0","3500000","42000000"
1070033006,"04",1,"5220","5232",3,"9",6,"0001500000","0018000000","0001500000","0018000000","0","0","1500000","18000000"
1070033009,"05",1,"0112","7522",1,"8",7,"0000180000","0002160000","0000180000","0002160000","0","0","180000","2160000"
1070021110,"01",1,"4190","7512",1,"8",6,"0004500000","0054000000","0003800000","0045600000","0","0002500000","3800000","48100000"
1070009095,"04",1,"5220","5233",3,"8",6,"0","0","0","0","0","0","0","0"
1070045224,"01",1,"5220","5231",3,"7",6,"0001000000","0012000000","0001000000","0012000000","0","0","1000000","12000000"
1070029173,"01",1,"3435","4010",3,"12",6,"0023000000","0282000000","0016000000","0192000000","0004000000","0054000000","20000000","246000000"
1070041281,"06",2,"5220","5223",3,NA,NA,"0","0001500000","0","0001500000","0","0","0","1500000"
1070129200,"01",1,"9314","4521",3,"9",4,"0002500000","0020000000","0002500000","0020000000","0","0","2500000","20000000"
1070129205,"01",1,"0112","7522",1,"12",6,"0005800000","0069600000","0005278000","0063336000","0000130000","0004100000","5408000","67436000"
1070045218,"01",1,"8323","8031",3,"10",7,"0004500000","0054000000","0003300000","0039600000","0","0005000000","3300000","44600000"
1070045220,"01",1,"8324","6023",3,"8",5,"0004000000","0048000000","0004000000","0048000000","0","0","4000000","48000000"
1070045225,"01",1,"9152","4521",3,"8",7,"0005000000","0067000000","0005000000","0060000000","0","0007000000","5000000","67000000"
1070093206,"01",1,"2320","8021",1,"8",3,"0006400000","0079800000","0006000000","0072000000","0","0003000000","6000000","75000000"
1070093199,"01",1,"7221","2811",3,"8",7,"0002000000","0024500000","0002000000","0024000000","0","0000500000","2000000","24500000"
1070093195,"02",1,"9314","4521",3,"8",6,"0001000000","0012000000","0001000000","0012000000","0","0","1000000","12000000"
1070045214,"01",1,"9131","7493",3,"8",6,"0003800000","0045600000","0003300000","0039600000","0000500000","0005200000","3800000","44800000"
1070045214,"03",1,"7327","4521",3,"8",6,"0003030000","0041360000","0003030000","0036360000","0","0005000000","3030000","41360000"
1070069006,"03",1,"2331","8012",1,"6",4,"0000900000","0010800000","0000900000","0010800000","0","0","900000","10800000"
1070081270,"03",1,"5220","5522",3,"8",6,"0001110000","0005500000","0001110000","0005500000","0","0","1110000","5500000"
1070081274,"01",1,"2320","8021",1,"6",4,"0004535505","0062426060","0003578533","0047942388","0000416666","0008953427","3995199","56895815"
1070117052,"01",2,"9211","0111",3,NA,NA,"0","0010000000","0","0010000000","0","0","0","10000000"
1070117064,"03",2,"7231","5020",3,NA,NA,"0","0036000000","0","0036000000","0","0","0","36000000"
1070093197,"01",1,"9211","0111",3,"8",5,"0001500000","0018000000","0001500000","0018000000","0","0","1500000","18000000"
1070089175,"01",1,"4115","8511",1,"8",6,"0004300000","0054600000","0003900000","0047800000","0000100000","0004200000","4000000","52000000"
1070089175,"02",1,"7422","2022",3,"8",4,"0002500000","0030000000","0002500000","0030000000","0","0","2500000","30000000"
1070093202,"01",2,"9314","4521",3,NA,NA,"0","0008000000","0","0008000000","0","0","0","8000000"
1070033013,"03",1,"2453","5521",3,"8",2,"0001000000","0003000000","0001000000","0003000000","0","0","1000000","3000000"
1070129198,"02",2,"0112","7522",1,NA,NA,"0","0002700000","0","0002700000","0","0","0","2700000"
1070009100,"02",1,"2331","8012",1,"7",6,"0004170000","0051000000","0004000000","0004800000","0000170000","0000504000","4170000","5304000"
1070081275,"01",2,"7141","4521",3,NA,NA,"0","0015000000","0","0015000000","0","0","0","15000000"
1070021107,"05",1,"7417","1545",3,"8",6,"0003300000","0009900000","0003000000","0009000000","0","0","3000000","9000000"
1070021107,"05",2,"0112","7522",1,NA,NA,"0","0002700000","0","0002700000","0","0","0","2700000"
1070021113,"01",1,"2320","8021",1,"4",6,"0008473610","0104183320","0007841587","0094099044","0","0002500000","7841587","96599044"
1070113181,"01",1,"9314","4521",3,"8",3,"0002000000","0024000000","0002000000","0024000000","0","0","2000000","24000000"
1070113184,"01",1,"2320","8021",1,"6",6,"0007500000","0094000000","0006160000","0073920000","0000520800","0007666400","6680800","81586400"
1070122015,"04",1,"9314","4521",3,"8",3,"0001800000","0001800000","0001800000","0001800000","0","0","1800000","1800000"
1070122009,"01",1,"4190","6512",1,"8",6,"0006800000","0087600000","0006000000","0075000000","0","0006000000","6000000","81000000"
1070074054,"03",1,"9314","4521",3,"8",5,"0002500000","0030000000","0002500000","0030000000","0","0","2500000","30000000"
1070074054,"05",1,"7221","2892",3,"8",6,"0002400000","0019200000","0002400000","0019200000","0","0","2400000","19200000"
1070074066,"01",1,"9211","0113",1,"8",7,"0003700000","0049400000","0003030000","0036360000","0000200000","0004000000","3230000","40360000"
1070074062,"06",1,"9314","4521",3,"8",7,"0003000000","0039000000","0003000000","0036000000","0","0003000000","3000000","39000000"
1070074057,"03",1,"7141","4540",3,"8",3,"0002000000","0024000000","0002000000","0024000000","0","0","2000000","24000000"
1070074057,"04",1,"5220","5221",3,"10",3,"0000700000","0008400000","0000700000","0008400000","0","0","700000","8400000"
1070050313,"01",1,"9314","4521",3,"8",7,"0003500000","0042000000","0003500000","0042000000","0","0","3500000","42000000"
1070026007,"01",1,"4190","8532",1,"7",6,"0006000000","0075000000","0005000000","0060000000","0001000000","0015000000","6000000","75000000"
1070002062,"02",1,"2331","8012",1,"8",6,"0004000000","0052000000","0003500000","0042000000","0","0004000000","3500000","46000000"
1070002057,"01",1,"4212","6512",1,"8",6,"0006000000","0072000000","0004000000","0048000000","0","0003000000","4000000","51000000"
1070002066,"01",1,"2490","6512",1,"8",6,"0012000000","0146500000","0009000000","0108000000","0","0002500000","9000000","110500000"
1070014108,"01",2,"8322","6022",3,NA,NA,"0","0001000000","0","0001000000","0","0","0","1000000"
1070014099,"01",1,"9314","4521",3,"9",4,"0003900000","0042000000","0003900000","0042000000","0","0","3900000","42000000"
1070014099,"02",1,"5122","5521",3,"8",7,"0003300000","0042900000","0002425000","0029120000","0000375000","0007280000","2800000","36400000"
1070014099,"03",2,"9314","4521",3,NA,NA,"0","0007000000","0","0007000000","0","0","0","7000000"
1070110257,"01",1,"8324","6023",3,"9",6,"0005000000","0060000000","0005000000","0060000000","0","0","5000000","60000000"
1070110262,"03",1,"7224","5020",3,"8",6,"0000600000","0007200000","0000600000","0007200000","0","0","600000","7200000"
1070110259,"01",1,"8324","6023",3,"8",7,"0005000000","0060000000","0005000000","0060000000","0","0","5000000","60000000"
1070038152,"01",1,"5220","5222",3,"12",6,"0002400000","0030800000","0002400000","0028800000","0","0002000000","2400000","30800000"
1070038152,"03",2,"0112","7523",1,NA,NA,"0","0002700000","0","0002700000","0","0","0","2700000"
1070038165,"03",1,"5220","1546",3,"8",6,"0005600000","0072200000","0005600000","0067200000","0","0005000000","5600000","72200000"
1070086051,"01",1,"4190","4010",1,"8",6,"0006600000","0079200000","0006000000","0072000000","0","0003000000","6000000","75000000"
1070086049,"01",2,"7134","4521",3,NA,NA,"0","0005000000","0","0005000000","0","0","0","5000000"
1070086049,"01",1,"9314","4521",3,"4",6,"0001500000","0022500000","0001500000","0022500000","0","0","1500000","22500000"
1070038157,"01",1,"8112","2696",3,"12",6,"0003950000","0047400000","0003950000","0047400000","0","0","3950000","47400000"
1070038161,"01",1,"8163","4531",3,"6",3,"0004500000","0058000000","0004500000","0054000000","0","0004000000","4500000","58000000"
1070062226,"01",1,"4190","7511",1,"14",6,"0005200000","0062400000","0004000000","0048000000","0001000000","0009000000","5000000","57000000"
1070086054,"01",1,"9211","0111",3,"8",3,"0002000000","0035000000","0002000000","0035000000","0","0","2000000","35000000"
1070042059,"02",1,"4115","7493",3,"10",6,"0002000000","0026000000","0002000000","0024000000","0","0002000000","2000000","26000000"
1070042059,"03",1,"7231","5020",3,"10",6,"0001500000","0018000000","0001500000","0018000000","00","0","1500000","18000000"
1070130225,"01",1,"7417","1545",3,"9",7,"0004000000","0050000000","0004000000","0048000000","0","0002000000","4000000","50000000"
1070058052,"01",1,"4121","0140",3,"8",6,"0005500000","0071500000","0005500000","0066000000","0","0005500000","5500000","71500000"
1070058052,"03",1,"4190","6303",1,"8",5,"0003500000","0045500000","0003500000","0042000000","0","0003500000","3500000","45500000"
1070042054,"03",1,"5220","6429",3,"13",6,"0003000000","0036000000","0003000000","0036000000","0","0","3000000","36000000"
1070078001,"02",1,"2320","8021",1,"5",4,"0004300000","0054600000","0004300000","0051600000","0","0003000000","4300000","54600000"
1070130215,"02",1,"4134","6302",3,"9",6,"0002500000","0024300000","0002200000","0018600000","0000300000","0005700000","2500000","24300000"
1070130215,"03",1,"4190","7513",1,"8",6,"0001500000","0018000000","0001500000","0018000000","0","0","1500000","18000000"
1070130215,"04",1,"4134","6302",1,"10",6,"0003000000","0035400000","0002400000","0028800000","0000600000","0006600000","3000000","35400000"
1070130216,"03",1,"0112","7523",1,"8",6,"0000520000","0006240000","0000520000","0006240000","0","0","520000","6240000"
1070126002,"01",1,"9333","5234",3,"2",1,"0000300000","0004000000","0000300000","0004000000","0","0","300000","4000000"
1070126012,"01",1,"7417","1545",3,"8",6,"0005000000","0060000000","0005000000","0060000000","0","0","5000000","60000000"
1070126012,"03",1,"0112","7523",1,"8",6,"0000300000","0003000000","0000300000","0003000000","0","0","300000","3000000"
1070050308,"01",1,"5169","2320",1,"8",6,"0004500000","0056700000","0004500000","0054000000","0","0002700000","4500000","56700000"
1070126004,"01",1,"9211","0111",3,"9",5,"0003000000","0024000000","0003000000","0024000000","0","0","3000000","24000000"
1070126004,"06",1,"7437","1721",3,"4",2,"0000500000","0004000000","0000500000","0004000000","0","0","500000","4000000"
1070126004,"08",1,"9314","4521",3,"9",5,"0003000000","0024000000","0003000000","0024000000","0","0","3000000","24000000"
1070126009,"01",1,"9211","0111",3,"9",6,"0003600000","0020000000","0003600000","0020000000","0","0","3600000","20000000"
1070126009,"02",1,"9211","0111",3,"9",6,"0001500000","0006000000","0001500000","0006000000","0","0","1500000","6000000"
1070126009,"03",1,"9333","5238",3,"9",6,"0003600000","0040000000","0003600000","0040000000","0","0","3600000","40000000"
1070126009,"04",1,"9211","0113",3,"7",7,"0001300000","0005200000","0001300000","0005200000","0","0","1300000","5200000"
1070126015,"01",1,"7414","1519",3,"8",6,"0003000000","0029300000","0003000000","0026000000","0","0003300000","3000000","29300000"
1070102015,"01",1,"9314","4521",3,"12",6,"0004000000","0048000000","0004000000","0048000000","0","0","4000000","48000000"
1070006158,"01",1,"8324","6023",3,"12",4,"0004500000","0027000000","0004500000","0027000000","0","0","4500000","27000000"
1070006147,"01",1,"9141","8012",1,"8",6,"0004500000","0057000000","0004500000","0054000000","0","0003000000","4500000","57000000"
1070018059,"01",1,"8324","6023",3,"8",6,"0004000000","0048000000","0004000000","0048000000","0","0","4000000","48000000"
1070006148,"01",1,"8152","2694",1,"8",6,"0003700000","0050300000","0003700000","0044400000","0","0005900000","3700000","50300000"
1070018048,"01",2,"4115","7020",3,NA,NA,"0001000000","0006000000","0001000000","0006000000","0","0","1000000","6000000"
1070102009,"01",1,"2320","8021",1,"8",6,"0008000000","0099000000","0007450000","0089400000","0","0003000000","7450000","92400000"
1070102009,"02",1,"2320","8021",1,"8",6,"0006000000","0075000000","0005930000","0071160000","0","0003000000","5930000","74160000"
1070102011,"01",1,"5220","5231",3,"8",6,"0002750000","0036000000","0002750000","0033000000","0","0003000000","2750000","36000000"
1070102011,"01",2,"3475","7523",1,NA,NA,"0","0010000000","0","0010000000","0","0","0","10000000"
1070018048,"01",1,"8324","6023",3,"8",6,"0004000000","0024000000","0004000000","0024000000","0","0","4000000","24000000"
1070018057,"01",1,"8324","6023",3,"9",6,"0005000000","0060000000","0004280000","0051360000","0","0","4280000","51360000"
1070090149,"03",1,"1427","6512",1,"9",6,"0009500000","0099600000","0006300000","0075600000","0002500000","0018000000","8800000","93600000"
1070090140,"03",1,"4115","6411",3,"8",6,"0000300000","0002400000","0000300000","0002400000","0","0","300000","2400000"
1070090145,"01",1,"4212","6512",1,"8",6,"0003000000","0037500000","0003000000","0036000000","0","0001500000","3000000","37500000"
1070066204,"02",2,"9131","7493",3,NA,NA,"0","0006000000","0","0006000000","0","0","0","6000000"
1070030069,"01",1,"7341","2212",3,"7",7,"0005143000","0065470000","0003100000","0037200000","0001200000","0017500000","4300000","54700000"
1070030069,"02",1,"2331","8012",3,"5",6,"0001500000","0018000000","0001500000","0018000000","0","0","1500000","18000000"
1070030059,"01",1,"3226","8516",3,"3",6,"0006150000","0078800000","0005000000","0060000000","0","0005000000","5000000","65000000"
1070066200,"01",1,"9314","4521",3,"10",5,"0004500000","0036000000","0004500000","0036000000","0","0","4500000","36000000"
1070114195,"01",1,"1429","8021",1,"8",6,"0008200000","0101400000","0007160000","0085920000","0","0003000000","7160000","88920000"
1070114201,"01",1,"8324","6023",3,"8",6,"0005000000","0030000000","0005000000","0030000000","0","0","5000000","30000000"
1070066198,"01",1,"3429","8532",3,"8",5,"0001000000","0012000000","0001000000","0012000000","0","0","1000000","12000000"
1070066198,"02",1,"9314","4521",3,"8",6,"0002000000","0008000000","0002000000","0008000000","0","0","2000000","8000000"
1070066206,"01",1,"4134","7523",1,"8",5,"0004750000","0057000000","0003200000","0040000000","0","0003000000","3200000","43000000"
1070114202,"01",1,"8324","6023",3,"9",6,"0005000000","0040000000","0004280000","0031360000","0","0","4280000","31360000"
1070058059,"01",1,"4190","7513",1,"8",6,"0010000000","0120800000","0009400000","0112800000","0","0008000000","9400000","120800000"
1070078007,"01",1,"2411","6021",1,"10",6,"0006000000","0077000000","0005000000","0060000000","0","0005000000","5000000","65000000"
1070082010,"01",1,"9152","4010",1,"12",6,"0005700000","0079400000","0004500000","0059000000","0","0011000000","4500000","70000000"
1070082010,"03",1,"8161","4010",3,"8",6,"0005700000","0073400000","0004500000","0059000000","0","0005000000","4500000","64000000"
1070114198,"01",1,"8332","4522",3,"8",6,"0","0030000000","0","0030000000","0","0","0","30000000"
1070118158,"02",1,"2230","8511",1,"8",6,"0006000000","0072000000","0005000000","0060000000","0","0006000000","5000000","66000000"
1070118161,"01",1,"2320","8021",1,"6",6,"0006400000","0076800000","0005500000","0066000000","0","0002000000","5500000","68000000"
1070094066,"01",1,"5123","5521",3,"9",7,"0002500000","0022500000","0002500000","0022500000","0","0","2500000","22500000"
1070094066,"03",1,"2149","1520",3,"8",6,"0003030000","0036360000","0002500000","0030000000","0","0006000000","2500000","36000000"
1070022057,"01",1,"9314","4521",3,"8",6,"0001300000","0036000000","0001300000","0036000000","0","0","1300000","36000000"
1070094053,"03",1,"8124","3130",3,"8",6,"0003000000","0041000000","0003000000","0036000000","0","0005000000","3000000","41000000"
1070094061,"01",1,"9211","0111",3,"12",5,"0004000000","0020000000","0004000000","0020000000","0","0","4000000","20000000"
1070010198,"01",1,"9152","8513",1,"10",6,"0004700000","0057000000","0004500000","0054000000","0000200000","0003000000","4700000","57000000"
1070050310,"04",1,"0112","7523",1,"9",7,"0000300000","0003600000","0000300000","0003600000","0","0","300000","3600000"
1070010203,"01",2,"9211","0111",3,NA,NA,"0","0004500000","0","0004500000","0","0","0","4500000"
1070010203,"02",2,"9211","0111",3,NA,NA,"0","0004500000","0","0004500000","0","0","0","4500000"
1070046164,"03",1,"3115","5527",3,"8",6,"0002996000","0038612000","0002800000","0033600000","0","0002660000","2800000","36260000"
1070046168,"01",1,"1429","8021",1,"8",6,"0008000000","0098500000","0007000000","0084000000","0","0002500000","7000000","86500000"
1070106114,"05",1,"8322","0111",2,"10",7,"0004280000","0034240000","0004000000","0032000000","0","0","4000000","32000000"
1070106110,"01",1,"9211","0124",3,"12",7,"0002300000","0027600000","0002300000","0027600000","0","0","2300000","27600000"
1070046171,"02",1,"9320","1548",3,"10",6,"0004700000","0021000000","0004700000","0021000000","0","0","4700000","21000000"
1070046172,"03",1,"5220","5126",1,"12",6,"0003000000","0038000000","0003000000","0036000000","0","0002000000","3000000","38000000"
1070046172,"03",2,"0112","7522",1,NA,NA,"0","0001200000","0","0001200000","0","0","0","1200000"
1070034252,"01",1,"2212","7310",1,"12",6,"0004900000","0061300000","0004200000","0050400000","0000500000","0008500000","4700000","58900000"
1070034252,"02",1,"2230","8513",3,"8",6,"0003400000","0047000000","0002800000","0034800000","0000600000","0012200000","3400000","47000000"
1070034260,"03",1,"5220","0140",3,"8",6,"0002500000","0032500000","0002500000","0030000000","0","0002500000","2500000","32500000"
1070034248,"03",1,"9151","5521",3,"12",7,"0001500000","0007500000","0001500000","0007500000","0","0","1500000","7500000"
1070034248,"04",1,"9151","5521",3,"12",7,"0001500000","0007500000","0001500000","0007500000","0","0","1500000","7500000"
1070034248,"04",2,"0112","7523",1,NA,NA,"0","0001400000","0","0001400000","0","0","0","1400000"
1070034257,"01",1,"5220","5238",3,"12",7,"0003500000","0042000000","0003500000","0042000000","0","0","3500000","42000000"
1070106102,"01",1,"9211","0111",3,"8",6,"0003000000","0018000000","0003000000","0018000000","0","0","3000000","18000000"
1070054197,"01",1,"4190","2412",1,"8",5,"0005350000","0067200000","0005000000","0060000000","0","0003000000","5000000","63000000"
1070054206,"02",1,"9314","4521",3,"7",4,"0000700000","0010000000","0000700000","0010000000","0","0","700000","10000000"
1070054206,"03",1,"9314","4521",3,"7",4,"0000600000","0010000000","0000600000","0010000000","0","0","600000","10000000"
1070022069,"04",1,"5220","5222",3,"12",7,"0001800000","0021600000","0001800000","0021600000","0","0","1800000","21600000"
1070022069,"05",1,"5220","5238",3,"10",6,"0000700000","0007000000","0000700000","0007000000","0","0","700000","7000000"
1070042061,"01",1,"8324","6023",3,"8",6,"0004000000","0036000000","0004000000","0036000000","0","0","4000000","36000000"
1070130221,"01",1,"8322","4100",1,"8",6,"0003745000","0047940000","0003500000","0042000000","0","0003000000","3500000","45000000"
1070078007,"02",1,"2411","8021",3,"6",6,"0002350000","0028200000","0002350000","0028200000","0","0","2350000","28200000"
1070082007,"06",2,"9314","4521",3,NA,NA,"0","0001500000","0","0001500000","0","0","0","1500000"
1070099249,"01",1,"4223","6421",3,"6",7,"0003531000","0045672000","0003300000","0039600000","0","0003300000","3300000","42900000"
1070027113,"01",1,"9333","5144",3,"6",4,"0001500000","0018000000","0001500000","0018000000","0","0","1500000","18000000"
1070027113,"02",1,"9211","0111",3,"8",2,"0000800000","0006800000","0000800000","0006800000","0","0","800000","6800000"
1070027113,"04",1,"9211","0111",3,"8",2,"0000540000","0006300000","0000540000","0006300000","0","0","540000","6300000"
1070003257,"01",1,"4134","8532",1,"8",6,"0004045000","0052040000","0003500000","0042000000","0","0003500000","3500000","45500000"
1070003254,"01",1,"9314","4521",3,"12",4,"0002500000","0015000000","0002500000","0015000000","0","0","2500000","15000000"
1070027108,"01",2,"9211","0111",3,NA,NA,"0","0018000000","0","0018000000","0","0","0","18000000"
1070027105,"04",1,"9314","4521",3,"8",6,"0001400000","0009000000","0001400000","0009000000","0","0","1400000","9000000"
1070027111,"01",1,"9211","0124",3,"8",7,"0001000000","0012000000","0001000000","0012000000","0","0","1000000","12000000"
1070027116,"01",1,"9314","4521",3,"10",3,"0001800000","0021600000","0001800000","0021600000","0","0","1800000","21600000"
1070099245,"01",1,"2320","8021",1,"6",4,"0007000000","0092000000","0006000000","0072000000","0","0008000000","6000000","80000000"
1070003252,"01",1,"7124","2022",3,"12",6,"0003300000","0023100000","0003000000","0021000000","0","0","3000000","21000000"
1070039163,"02",1,"7241","5020",3,"10",7,"0004000000","0050500000","0004000000","0048000000","0","0002500000","4000000","50500000"
1070039170,"02",1,"4190","7411",1,"8",6,"0005550000","0069100000","0005030000","0060360000","0","0002500000","5030000","62860000"
1070027111,"02",1,"9211","0111",3,"12",6,"0003000000","0009000000","0003000000","0009000000","0","0","3000000","9000000"
1070027111,"04",1,"9211","0111",3,"12",6,"0003000000","0009000000","0003000000","0009000000","0","0","3000000","9000000"
1070027111,"05",1,"9211","0111",3,"12",6,"0000400000","0006400000","0000400000","0006400000","0","0","400000","6400000"
1070027111,"06",1,"9211","0111",3,"12",6,"0000400000","0006400000","0000400000","0006400000","0","0","400000","6400000"
1070027111,"07",1,"9211","0111",3,"12",6,"0000400000","0006400000","0000400000","0006400000","0","0","400000","6400000"
1070087316,"01",1,"4190","4522",3,"12",7,"0003500000","0031000000","0003500000","0028000000","0","0003000000","3500000","31000000"
1070087308,"02",2,"7231","5020",3,NA,NA,"0","0010000000","0","0010000000","0","0","0","10000000"
1070075214,"01",2,"0112","7522",1,NA,NA,"0","0001500000","0","0001500000","0","0","0","1500000"
1070075209,"01",1,"8324","6023",3,"12",5,"0004500000","0054000000","0004500000","0054000000","0","0","4500000","54000000"
1070075219,"01",1,"4190","8031",1,"8",6,"0005400000","0070200000","0004815720","0057788640","0","0005400000","4815720","63188640"
1070075222,"01",1,"9314","4521",3,"10",5,"0002000000","0024000000","0002000000","0024000000","0","0","2000000","24000000"
1070123145,"01",1,"9211","7421",3,"12",7,"0004000000","0048000000","0003570000","0042840000","0","0003000000","3570000","45840000"
1070123148,"03",1,"5169","7523",1,"8",6,"0005000000","0062000000","0004000000","0048000000","0","0002000000","4000000","50000000"
1070123155,"01",1,"5122","5521",3,"12",7,"0008600000","0040000000","0008000000","0036000000","0","0","8000000","36000000"
1070123157,"01",1,"2320","8021",1,"6",4,"0008029583","0096354996","0007320783","0087849396","0","0003000000","7320783","90849396"
1070123157,"02",1,"2320","8021",1,"6",4,"0004026865","0048322380","0003672465","0044069580","0","0003000000","3672465","47069580"
1070123152,"01",1,"9314","4521",3,"8",4,"0002160000","0025920000","0002160000","0025920000","0","0","2160000","25920000"
1070111068,"01",1,"9333","1519",3,"9",6,"0005400000","0067800000","0005000000","0060000000","0","0003000000","5000000","63000000"
1070111068,"04",1,"2332","8011",3,"12",6,"0000600000","0001200000","0000600000","0001200000","0","0","600000","1200000"
1070111063,"01",1,"9311","1410",3,"10",6,"0004600000","0058200000","0004300000","0051600000","0","0003000000","4300000","54600000"
1070111065,"01",1,"1427","6512",1,"09",6,"0007500000","0093000000","0007000000","0084000000","0","0003000000","7000000","87000000"
1070063064,"02",1,"2331","8012",1,"5",6,"0003500000","0044500000","0002980000","0035760000","0","0002500000","2980000","38260000"
1070015161,"01",1,"9211","0113",3,"14",6,"0004500000","0054000000","0004280000","0051360000","0","0","4280000","51360000"
1070015170,"01",1,"9333","5221",3,"10",6,"0002080000","0026400000","0002080000","0026400000","0","0","2080000","26400000"
1070015164,"01",1,"9211","0113",3,"10",6,"0001820000","0021840000","0001820000","0021840000","0","0","1820000","21840000"
1070103153,"01",1,"8324","6023",3,"10",7,"0003000000","0036000000","0003000000","0036000000","0","0","3000000","36000000"
1070103148,"02",1,"2320","8021",1,"4",6,"0007891320","0097695840","0006862069","0082344828","0","0003000000","6862069","85344828"
1070103148,"03",1,"2320","8021",1,"4",6,"0005419783","0068037396","0004852702","0058232424","0","0003000000","4852702","61232424"
1070019057,"01",1,"2320","8021",1,"6",4,"0007446193","0089354316","0006401081","0076812972","0","0003000000","6401081","79812972"
1070019057,"02",1,"2320","8021",1,"6",4,"0003200000","0040900000","0003200000","0038400000","0","0002500000","3200000","40900000"
1070019059,"02",1,"8322","6022",3,"10",6,"0001500000","0021500000","0001500000","0021500000","0","0","1500000","21500000"
1070115007,"01",1,"7126","4521",3,"9",6,"0006800000","0067200000","0006800000","0067200000","0","0","6800000","67200000"
1070115010,"01",1,"7212","4522",3,"10",7,"0005790000","0069480000","0005000000","0060000000","0000442000","0005304000","5442000","65304000"
1070031240,"01",1,"2490","6512",3,"8",6,"0010300000","0126600000","0005321200","0063854400","0002700000","0035400000","8021200","99254400"
1070031240,"02",2,"2331","8012",1,NA,NA,"0","0041787000","0","0035000000","0","0003000000","0","38000000"
1070031243,"01",1,"2320","8021",1,"6",4,"0006399118","0079289416","0005646517","0067758204","0","0002500000","5646517","70258204"
1070031243,"02",1,"2320","8021",1,"6",4,"0005148192","0064278304","0004530228","0054362736","0","0002500000","4530228","56862736"
1070031246,"01",1,"2221","8511",1,"3",6,"0048596500","0583158000","0048596500","0583158000","0","0","48596500","583158000"
1070115001,"01",1,"7231","5020",3,"8",7,"0002000000","0024000000","0002000000","0024000000","0","0","2000000","24000000"
1070031246,"01",1,"2310","8031",1,"5",6,"0044377407","0535528884","0036267407","0435208884","0","0003000000","36267407","438208884"
1070031249,"01",1,"9141","9305",3,"9",7,"0003450000","0043400000","0002500000","0030000000","0","0002000000","2500000","32000000"
1070031236,"01",1,"7243","7290",3,"8",6,"0006252000","0075024000","0003600000","0043200000","0002400000","0028800000","6000000","72000000"
1070043012,"01",1,"5220","5030",3,"12",6,"0005100000","0061200000","0004800000","0057600000","0","0","4800000","57600000"
1070079362,"01",1,"9314","4521",3,"10",4,"0002400000","0028800000","0002400000","0028800000","0","0","2400000","28800000"
1070051219,"01",1,"1429","8012",1,"6",6,"0008500000","0104500000","0007900000","0094800000","0","0002500000","7900000","97300000"
1070067172,"01",1,"7126","4521",3,"10",4,"0005600000","0067200000","0005600000","0067200000","0","0","5600000","67200000"
1070067177,"04",1,"5220","5222",3,"12",4,"0001500000","0018000000","0001500000","0018000000","0","0","1500000","18000000"
1070039172,"04",1,"9333","2899",3,"9",6,"0003400000","0040800000","0003100000","0037200000","0","0","3100000","37200000"
1070067168,"03",1,"9132","1545",3,"12",6,"0003500000","0042000000","0003200000","0038400000","0","0","3200000","38400000"
1070091203,"01",1,"4190","8511",1,"8",5,"0004280000","0008560000","0004000000","0008000000","0","0","4000000","8000000"
1070091206,"01",1,"5220","5232",3,"10",5,"0002000000","0024000000","0002000000","0024000000","0","0","2000000","24000000"
1070007103,"01",1,"9211","7421",3,"8",6,"0003745000","0048440000","0003500000","0042000000","0","0003500000","3500000","45500000"
1070007103,"02",1,"5220","5232",3,"10",6,"0001000000","0012000000","0001000000","0012000000","0","0","1000000","12000000"
1070007108,"01",1,"9333","9305",3,"10",7,"0003000000","0036000000","0003000000","0036000000","0","0","3000000","36000000"
1070091198,"01",2,"5220","1546",3,NA,NA,"0","0036300000","0","0036300000","0","0","0","36300000"
1070007114,"01",1,"4141","6603",3,"10",6,"0001200000","0014400000","0001200000","0014400000","0","0","1200000","14400000"
1070007115,"01",1,"9314","4521",3,"9",5,"0003300000","0039600000","0003300000","0039600000","0","0","3300000","39600000"
1070079354,"01",1,"7141","4540",3,"8",4,"0003500000","0035000000","0003500000","0035000000","0","0","3500000","35000000"
1070079359,"01",1,"9314","4521",3,"10",4,"0002700000","0032400000","0002700000","0032400000","0","0","2700000","32400000"
1070055204,"03",1,"4190","9241",3,"8",6,"0003200000","0003200000","0003000000","0003000000","0","0","3000000","3000000"
1070055204,"03",2,"7233","4522",3,NA,NA,"0","0008000000","0","0008000000","0","0","0","08000000"
1070055204,"06",1,"3416","4522",3,"10",6,"0004300000","0050000000","0004000000","0048000000","0","0002000000","4000000","50000000"
1070055201,"01",1,"4211","6512",3,"8",6,"0006200000","0076900000","0005700000","0068400000","0","0002500000","5700000","70900000"
1070127065,"04",1,"2320","8021",1,"8",4,"0005700000","0071400000","0005200000","0062400000","0","0003000000","5200000","65400000"
1070127065,"05",1,"5220","5222",3,"10",6,"0005000000","0030000000","0005000000","0030000000","0","0","5000000","30000000"
1070127060,"01",2,"5220","5222",3,NA,NA,"0","0015000000","0","0015000000","0","0","0","15000000"
1070007109,"01",1,"9211","0111",3,"8",3,"0002100000","0008400000","0002100000","0008400000","0","0","2100000","8400000"
1070007109,"02",1,"9211","0111",3,"8",7,"0002000000","0004000000","0002000000","0004000000","0","0","2000000","4000000"
1070127059,"01",1,"8322","7498",3,"10",6,"0006000000","0072000000","0006000000","0072000000","0","0","6000000","72000000"
1070043001,"03",2,"9320","2698",3,NA,NA,"0","0021840000","0","0021840000","0","0","0","21840000"
1070043001,"04",1,"0112","7523",1,"10",7,"0000420000","0005040000","0000420000","0005040000","0","0","420000","5040000"
1070043013,"03",1,"4190","8012",1,"6",5,"0003500000","0044500000","0003200000","0038400000","0","0002500000","3200000","40900000"
1070043013,"04",1,"3221","8511",3,"9",7,"0002600000","0031200000","0002300000","0027600000","0","0","2300000","27600000"
1070043013,"05",2,"4115","7493",3,NA,NA,"0","0009000000","0","0009000000","0","0","0","9000000"
1070055197,"01",1,"3114","6422",3,"8",6,"0005400000","0064800000","0003500000","0042000000","0000700000","0014400000","4200000","56400000"
1070107052,"01",1,"1429","8021",1,"6",6,"0013849880","0171398560","0011000000","0132000000","0001400000","0022000000","12400000","154000000"
1070023163,"01",1,"4190","9214",1,"8",6,"0007000000","0087000000","0004556000","0054672000","0","0003000000","4556000","57672000"
1070023163,"02",1,"4190","9214",1,"8",6,"0004500000","0057000000","0003293100","0039517200","0","0003000000","3293100","42517200"
1070107058,"01",1,"7414","1520",3,"8",6,"0004100000","0052900000","0003700000","0044400000","0","0003700000","3700000","48100000"
1070023152,"01",1,"9160","7511",1,"10",6,"0003450000","0043400000","0003150000","0037800000","0","0002000000","3150000","39800000"
1070023152,"02",1,"9152","4100",1,"8",7,"0002800000","0033600000","0002800000","0033600000","0","0","2800000","33600000"
1070095012,"04",1,"4190","7492",3,"6",6,"0001119100","0013429200","0000900000","0010800000","0","0","900000","10800000"
1070095012,"06",1,"5220","5238",3,"10",6,"0000800000","0009600000","0000800000","0009600000","0","0","800000","9600000"
1070023162,"05",1,"3231","8511",1,"8",6,"0004200000","0012600000","0003500000","0010500000","0","0","3500000","10500000"
1070047051,"01",1,"8324","6023",3,"8",6,"0004270000","0004270000","0004000000","0004000000","0","0","4000000","4000000"
1070047051,"03",1,"8324","6023",3,"8",6,"0004270000","0004270000","0004000000","0004000000","0","0","4000000","4000000"
1070047051,"05",1,"8324","6023",3,"8",6,"0004270000","0004270000","0004000000","0004000000","0","0","4000000","4000000"
1070039166,"02",1,"7141","4540",3,"7",6,"0003000000","0036000000","0003000000","0036000000","0","0","3000000","36000000"
1070071149,"01",1,"5169","2412",1,"8",6,"0007000000","0084000000","0006000000","0072000000","0","0003000000","6000000","75000000"
1070083014,"01",1,"5220","5050",3,"7",7,"0001431000","0017172000","0001200000","0014400000","0","0","1200000","14400000"
1070083014,"04",1,"5220","5050",3,"7",7,"0001431000","0017172000","0001200000","0014400000","0","0","1200000","14400000"
1070083003,"01",1,"7135","5234",3,"8",6,"0002500000","0030000000","0002325000","0027900000","0","0","2325000","27900000"
1070011067,"01",1,"9152","3410",3,"12",6,"0002600000","0031200000","0002000000","0024000000","0","0","2000000","24000000"
1070035150,"02",1,"5220","5236",3,"10",6,"0003300000","0039600000","0003000000","0036000000","0","0","3000000","36000000"
1070011058,"01",1,"8276","1542",3,"10",6,"0004280000","0038240000","0004000000","0032000000","0","0004000000","4000000","36000000"
1070011058,"03",2,"9211","0111",3,NA,NA,"0","0012000000","0","0012000000","0","0","0","12000000"
1070011054,"01",1,"2331","8012",1,"8",5,"0006649200","0082790400","0006000000","0072000000","0","0003000000","6000000","75000000"
1070035154,"01",1,"7341","7497",3,"8",6,"0005100000","0066000000","0004800000","0057600000","0","0004800000","4800000","62400000"
1070083010,"01",1,"9333","9305",3,"9",7,"0003000000","0036000000","0003000000","0036000000","0","0","3000000","36000000"
1070119119,"03",1,"7231","5020",3,"9",6,"0003700000","0052000000","0003500000","0042000000","0","0010000000","3500000","52000000"
1070071151,"03",1,"3231","8514",3,"10",6,"0003000000","0012000000","0003000000","0012000000","0","0","3000000","12000000"
1070059250,"03",2,"0112","7523",1,NA,NA,"0","0002970000","0","0002970000","0","0","0","2970000"
1070119107,"03",1,"5220","5222",3,"8",6,"0001700000","0020400000","0001700000","0020400000","0","0","1700000","20400000"
1070119109,"01",1,"9314","4521",3,"9",4,"0001600000","0019200000","0001600000","0019200000","0","0","1600000","19200000"
1070059248,"01",1,"5220","5233",3,"10",6,"0003000000","0036000000","0003000000","0036000000","0","0","3000000","36000000"
1070119114,"03",1,"7218","5020",3,"09",6,"0002000000","0024000000","0001700000","0020400000","0","0000500000","1700000","20900000"
1070040054,"01",2,"9333","7130",3,NA,NA,"0","0022200000","0","0022200000","0","0","0","22200000"
1070076345,"01",1,"9314","4521",3,"10",5,"0003000000","0036000000","0002800000","0003360000","0","0","2800000","3360000"
1070076346,"01",1,"9314","4521",3,"10",5,"0003000000","0036000000","0002800000","0003360000","0","0","2800000","3360000"
1070004202,"04",2,"9314","4521",3,NA,NA,"0002000000","0024000000","0002000000","0024000000","0","0","2000000","24000000"
1070004202,"05",2,"9314","4521",3,NA,NA,"0002000000","0024000000","0002000000","0024000000","0","0","2000000","24000000"
1070120147,"01",1,"7231","2911",3,"9",6,"0004000000","0050000000","0004000000","0050000000","0","0","4000000","50000000"
1070120147,"03",2,"3416","2710",3,NA,NA,"0","0078000000","0","0060000000","0","0004000000","0","64000000"
1070120150,"01",1,"5220","5222",3,"10",7,"0001800000","0021600000","0001800000","0021600000","0","0","1800000","21600000"
1070016193,"02",1,"0112","7523",1,"12",7,"0000300000","0003600000","0000300000","0003600000","0","0","300000","3600000"
1070120141,"01",1,"9314","4521",3,"8",5,"0001000000","0018000000","0001000000","0018000000","0","0","1000000","18000000"
1070040052,"01",1,"0112","7522",1,"8",6,"0004700000","0056400000","0004200000","0050400000","0","0003000000","4200000","53400000"
1070120151,"04",1,"2331","8012",1,"6",6,"0005000000","0063000000","0004000000","0048000000","0000300000","0005000000","4300000","53000000"
1070076339,"01",1,"8231","2511",3,"8",6,"0004500000","0054000000","0003600000","0043200000","0000400000","0004800000","4000000","48000000"
1070040061,"03",1,"4190","7522",1,"9",5,"0001500000","0020000000","0001500000","0018000000","0","0002000000","1500000","20000000"
1070016188,"01",1,"2331","8012",1,"8",5,"0010250000","0121300000","0006500000","0090000000","0001000000","0015000000","7500000","105000000"
1070076342,"01",1,"8231","2519",3,"8",6,"0003400000","0043800000","0003000000","0036000000","0","0003000000","3000000","39000000"
1070124172,"01",1,"7126","4521",3,"8",4,"0006400000","0057600000","0006400000","0057600000","0","0","6400000","57600000"
1070124170,"01",1,"9314","4521",3,"7",3,"0001900000","0026000000","0001900000","0026000000","0","0","1900000","26000000"
1070124170,"03",1,"9314","4521",3,"8",4,"0002200000","0028800000","0002200000","0028800000","0","0","2200000","28800000"
1070124170,"05",1,"9314","4521",3,"8",4,"0002100000","0026400000","0002100000","0026400000","0","0","2100000","26400000"
1070124166,"01",1,"9314","4521",3,"8",3,"0001800000","0023600000","0001800000","0023600000","0","0","1800000","23600000"
1070124166,"03",1,"9314","4521",3,"8",4,"0002400000","0029800000","0002400000","0029800000","0","0","2400000","29800000"
1070112119,"04",1,"9314","4521",3,"8",5,"0002000000","0027000000","0002000000","0027000000","0","0","2000000","27000000"
1070120143,"01",1,"9314","4521",3,"8",5,"0002000000","0009000000","0002000000","0009000000","0","0","2000000","9000000"
1070112111,"05",1,"4190","7522",1,"7",6,"0001500000","0018000000","0001500000","0018000000","0","0","1500000","18000000"
1070064014,"05",1,"5220","5233",3,"8",6,"0002500000","0030000000","0002500000","0030000000","0","0","2500000","30000000"
1070064012,"01",1,"9314","4521",3,"12",5,"0004500000","0049500000","0004500000","0049500000","0","0","4500000","49500000"
1070064012,"03",2,"9314","4521",3,NA,NA,"0","0012000000","0","0012000000","0","0","0","12000000"
1070064012,"04",1,"9314","4521",3,"12",5,"0004500000","0049500000","0004500000","0049500000","0","0","4500000","49500000"
1070112121,"01",1,"9311","1410",3,"8",6,"0005350000","0068200000","0004000000","0048000000","0001000000","0016000000","5000000","64000000"
1070016187,"01",1,"5169","7511",1,"8",6,"0003500000","0028000000","0003000000","0024000000","0","0003000000","3000000","27000000"
1070016194,"01",1,"2490","6512",1,"8",6,"0005600000","0070200000","0005000000","0060000000","0","0003000000","5000000","63000000"
1070016198,"03",2,"7126","4521",3,NA,NA,"0","0030000000","0","0030000000","0","0","0","30000000"
1070076351,"01",1,"9131","7493",3,"10",4,"0001500000","0018000000","0001500000","0018000000","0","0","1500000","18000000"
1070028123,"01",1,"2320","8021",1,"6",4,"0004500000","0057000000","0003300000","0039600000","0","0003000000","3300000","42600000"
1070028115,"01",1,"8322","5190",3,"3",6,"0001700000","0001700000","0001700000","0001700000","0","0","1700000","1700000"
1070028115,"01",1,"8161","5521",3,"8",6,"0003500000","0045500000","0003100000","0037200000","0","0003500000","3100000","40700000"
1070100183,"01",1,"5220","6429",3,"9",6,"0006000000","0073000000","0006000000","0072000000","0","0001000000","6000000","73000000"
1070052149,"01",1,"7218","3610",3,"8",6,"0003800000","0039000000","0003500000","0036000000","0","0002000000","3500000","38000000"
1070028118,"01",1,"2310","8031",1,"8",5,"0015000000","0183000000","0013550000","0162600000","0","0003000000","13550000","165600000"
1070052156,"03",1,"3224","5238",3,"7",6,"0001300000","0003900000","0001300000","0003900000","0","0","1300000","3900000"
1070052156,"04",1,"7241","3110",3,"8",6,"0002500000","0025500000","0002500000","0025500000","0","0","2500000","25500000"
1070052157,"01",1,"9314","4521",3,"8",4,"0002700000","0032400000","0002700000","0032400000","0","0","2700000","32400000"
1070052152,"01",1,"4141","6512",1,"8",6,"0003576851","0046422212","0003226851","0038722212","0","0003500000","3226851","42222212"
1070052157,"04",1,"7231","5020",3,"8",3,"0000700000","0000700000","0000700000","0000700000","0","0","700000","700000"
1070124160,"01",1,"9314","4521",3,"8",6,"0003600000","0043800000","0003600000","0043800000","0","0","3600000","43800000"
1070124160,"02",1,"7501","1724",3,"7",7,"0000250000","0003000000","0000250000","0003000000","0","0","250000","3000000"
1070100191,"02",1,"3231","8513",3,"7",7,"0004100000","0052200000","0003800000","0045600000","0","0003000000","3800000","48600000"
1070052161,"02",1,"5220","5222",3,"7",6,"0000750000","0005250000","0000750000","0005250000","0","0","750000","5250000"
1070124164,"01",1,"7126","4521",3,"8",6,"0004800000","0043200000","0004800000","0043200000","0","0","4800000","43200000"
1070124164,"02",1,"7501","1724",3,"6",5,"0000360000","0004680000","0000360000","0004680000","0","0","360000","4680000"
1070004193,"01",1,"8112","2696",3,"8",6,"0003960000","0050520000","0003700000","0044400000","0","0003000000","3700000","47400000"
1070004193,"03",1,"0112","7523",1,"12",7,"0000500000","0006000000","0000500000","0006000000","0","0","500000","6000000"
1070004193,"04",1,"0112","7523",1,"12",7,"0000300000","0003600000","0000300000","0003600000","0","0","300000","3600000"
1070116125,"01",1,"9211","0111",3,"8",4,"0002500000","0020000000","0002500000","0020000000","0","0","2500000","20000000"
1070112117,"01",1,"8324","6023",3,"10",6,"0004680000","0056160000","0004000000","0048000000","0","0","4000000","48000000"
1070128218,"01",1,"7221","2811",3,"8",6,"0003600000","0043200000","0002800000","0033600000","0","0003500000","2800000","37100000"
1070092012,"02",2,"4190","6603",3,NA,NA,"0","0010000000","0","0007000000","0","0","0","7000000"
1070104159,"01",1,"2490","6512",1,"8",6,"0007000000","0084000000","0006000000","0072000000","0","0003000000","6000000","75000000"
1070080267,"01",1,"9211","0111",3,"8",4,"0001000000","0006000000","0001000000","0006000000","0","0","1000000","6000000"
1070080267,"01",1,"8331","0111",3,"8",4,"0002000000","0012000000","0002000000","0012000000","0","0","2000000","12000000"
1070080267,"04",1,"7218","3610",3,"8",6,"0","0","0","0","0","0","0","0"
1070008151,"01",1,"2320","8021",1,"8",6,"0006000000","0072000000","0004700000","0056400000","0","0003000000","4700000","59400000"
1070068003,"01",1,"8323","6021",3,"8",5,"0005500000","0066000000","0005500000","0066000000","0","0","5500000","66000000"
1070068009,"01",1,"2490","6512",1,"8",6,"0008500000","0106000000","0007500000","0090000000","0001000000","0004000000","8500000","94000000"
1070128213,"01",1,"9314","4521",3,"10",5,"0004000000","0048000000","0004000000","0048000000","0","0","4000000","48000000"
1070020001,"01",1,"4211","7511",1,"2",5,"0000500000","0006000000","0000500000","0006000000","0","0","500000","6000000"
1070020001,"01",1,"4190","7512",1,"8",6,"0008000000","0100000000","0007500000","0090000000","0","0004000000","7500000","94000000"
1070020013,"01",1,"9314","4521",3,"12",4,"0001500000","0018000000","0001500000","0018000000","0","0","1500000","18000000"
1070068015,"01",1,"4212","6512",3,"6",6,"0004200000","0053400000","0003800000","0045600000","0","0003000000","3800000","48600000"
1070056012,"01",1,"5169","2320",1,"12",7,"0011000000","0134500000","0009510000","0114120000","0","0002500000","9510000","116620000"
1070116121,"01",2,"9211","0111",3,NA,NA,"0","0009000000","0","0009000000","0","0","0","9000000"
1070116121,"03",2,"9211","0111",3,NA,NA,"0","0009000000","0","0009000000","0","0","0","9000000"
1070116121,"04",2,"9211","0111",3,NA,NA,"0","0007000000","0","0007000000","0","0","0","7000000"
1070116121,"05",2,"9211","0111",3,NA,NA,"0","0007000000","0","0007000000","0","0","0","7000000"
1070116121,"06",2,"9211","0111",3,NA,NA,"0","0006000000","0","0006000000","0","0","0","6000000"
1070020012,"01",2,"9211","0111",3,NA,NA,"0000350000","0004200000","0000350000","0004200000","0","0","350000","04200000"
1070032097,"01",1,"1429","9214",1,"8",6,"0006500000","0081000000","0005590000","0067080000","0","0003000000","5590000","70080000"
1070032097,"03",1,"4115","8511",3,"8",6,"0004340000","0057080000","0003940000","0047280000","0","0005000000","3940000","52280000"
1070032109,"01",1,"5220","5236",3,"6",3,"0003500000","0042000000","0003500000","0042000000","0","0","3500000","42000000"
1070032109,"01",1,"3231","8513",3,"12",3,"0003300000","0042600000","0003000000","0036000000","0","0003000000","3000000","39000000"
1070032109,"02",1,"3221","8513",3,"6",6,"0003300000","0042600000","0003000000","0036000000","0","0003000000","3000000","39000000"
1070092002,"01",2,"5220","5222",3,NA,NA,"0003500000","0042000000","0003500000","0042000000","0","0","3500000","42000000"
1070080273,"02",2,"9211","0111",3,NA,NA,"0","0004500000","0","0004500000","0","0","0","4500000"
1070080273,"03",2,"9211","0111",3,NA,NA,"0","0006000000","0","0006000000","0","0","0","6000000"
1070008165,"01",1,"7126","4521",3,"10",5,"0003000000","0030000000","0003000000","0030000000","0","0","3000000","30000000"
1070080278,"01",1,"8322","6023",3,"8",5,"0003500000","0042000000","0003500000","0042000000","0","0","3500000","42000000"
1070088067,"01",1,"8324","6023",3,"14",5,"0006000000","0072000000","0005330000","0063960000","0","0","5330000","63960000"
1070088063,"01",1,"2411","8031",3,"12",6,"0006500000","0081500000","0006050000","0072600000","0","0003500000","6050000","76100000"
1070044015,"03",1,"2411","8031",1,"8",6,"0004000000","0050800000","0003650000","0043800000","0","0002800000","3650000","46600000"
1070008159,"01",1,"4190","6421",3,"7",6,"0006000000","0072000000","0004800000","0057600000","0","0003000000","4800000","60600000"
1070044004,"01",1,"7126","4521",3,"9",3,"0005400000","0064800000","0005200000","0062400000","0","0","5200000","62400000"
1070116114,"01",1,"9211","0111",3,"8",4,"0002000000","0018000000","0002000000","0018000000","0","0","2000000","18000000"
1070116114,"02",2,"9211","0111",3,NA,NA,"0","0005000000","0","0005000000","0","0","0","5000000"
1070116114,"03",2,"9211","0111",3,NA,NA,"0","0005000000","0","0005000000","0","0","0","5000000"
1070116114,"04",2,"9211","0111",3,NA,NA,"0","0005000000","0","0005000000","0","0","0","5000000"
1070116117,"03",2,"9211","0111",3,NA,NA,"0","0015000000","0","0015000000","0","0","0","15000000"
1070044012,"01",1,"2142","7511",1,"8",6,"0006200000","0076900000","0005642000","0067704000","0","0002500000","5642000","70204000"
1070088071,"04",2,"4211","5521",3,NA,NA,"0001000000","0012000000","0001000000","0012000000","0","0","1000000","12000000"
1070092007,"01",1,"2221","8515",1,"8",6,"0008100000","0097200000","0006300000","0075600000","0","0003000000","6300000","78600000"
1070104151,"01",2,"7417","1545",3,NA,NA,"0","0012900000","0","0010500000","0","0","0","10500000"
1070104151,"01",2,"9211","0111",3,NA,NA,"0","0024000000","0","0021000000","0","0","0","21000000"
1070104151,"01",1,"8322","6021",3,"8",6,"0007000000","0014000000","0006000000","0012000000","0","0","6000000","12000000"
1070104145,"01",1,"9314","4521",3,"10",5,"0003000000","0030000000","0003000000","0030000000","0","0","3000000","30000000"
1070104145,"02",1,"9314","4521",3,"10",5,"0002500000","0005000000","0002500000","0005000000","0","0","2500000","5000000"
1070104145,"03",1,"9314","4521",3,"10",5,"0002500000","0025000000","0002500000","0025000000","0","0","2500000","25000000"
1070104145,"04",1,"9314","4521",3,"10",5,"0002500000","0025000000","0002500000","0025000000","0","0","2500000","25000000"
1070104145,"05",1,"9314","4521",3,"10",5,"0002000000","0020000000","0002000000","0020000000","0","0","2000000","20000000"
1070104145,"06",1,"9314","4521",3,"10",5,"0002000000","0020000000","0002000000","0020000000","0","0","2000000","20000000"
1070104145,"07",1,"9314","4521",3,"10",5,"0002000000","0020000000","0002000000","0020000000","0","0","2000000","20000000"
1070048204,"03",1,"4190","2211",1,"8",6,"0007330000","0052980000","0003800000","0045600000","0003180000","0003180000","6980000","48780000"
1070048201,"01",1,"7136","4531",3,"7",6,"0003000000","0036000000","0003000000","0036000000","0","0","3000000","36000000"
1070048201,"09",1,"5220","5234",3,"12",7,"0003500000","0031000000","0002500000","0030000000","0001000000","0001000000","3500000","31000000"
1070096174,"01",1,"9314","4521",3,"10",3,"0001500000","0024000000","0001500000","0018000000","0","0","1500000","18000000"
1070096174,"05",1,"9314","4521",3,"10",4,"0002000000","0024000000","0002000000","0024000000","0","0","2000000","24000000"
1070060194,"01",1,"8322","4521",3,"10",6,"0003000000","0036000000","0003000000","0036000000","0","0","3000000","36000000"
1070060194,"02",1,"3222","8012",1,"10",2,"0001400000","0014000000","0001000000","0010000000","0","0","1000000","10000000"
1070096179,"01",1,"9131","7493",3,"10",3,"0000700000","0008400000","0000700000","0008400000","0","0","700000","8400000"
1070096179,"04",1,"7212","2892",3,"10",5,"0002000000","0024000000","0002000000","0024000000","0","0","2000000","24000000"
1070048215,"03",2,"8322","6022",3,NA,NA,"0000500000","0006000000","0000500000","0006000000","0","0","500000","6000000"
1070108001,"01",1,"2320","8021",1,"6",5,"0010500000","0087500000","0006000000","0072000000","0003180000","0003180000","9180000","75180000"
1070024054,"01",1,"3435","2697",3,"8",6,"0011550000","0072600000","0005000000","0060000000","0006000000","0006000000","11000000","66000000"
1070036202,"01",1,"7241","2899",3,"10",6,"0007600000","0049400000","0003500000","0042000000","0003800000","0003800000","7300000","45800000"
1070060200,"03",1,"2331","8012",1,"8",6,"0007450000","0051600000","0004300000","0051600000","0003150000","0","7450000","51600000"
1070072005,"01",1,"8323","6021",3,"8",6,"0005000000","0060000000","0005000000","0060000000","0","0","5000000","60000000"
1070096166,"01",1,"9314","4521",3,"10",5,"0003000000","0036000000","0003000000","0036000000","0","0","3000000","36000000"
1070072014,"01",1,"8324","0126",3,"10",6,"0008000000","0063000000","0005000000","0060000000","0003000000","0003000000","8000000","63000000"
1070072014,"03",1,"8322","0126",3,"10",6,"0006000000","0039000000","0003000000","0036000000","0003000000","0003000000","6000000","39000000"
1070096171,"01",1,"9314","4521",3,"10",5,"0002000000","0024000000","0002000000","0024000000","0","0","2000000","24000000"
1070096176,"03",1,"7324","2696",3,"7",5,"0020000000","0024000000","0002000000","0024000000","0","0","2000000","24000000"
1070024051,"01",1,"8152","2694",1,"8",6,"0015500000","0084000000","0004500000","0054000000","0010500000","0018000000","15000000","72000000"
1070036206,"01",1,"2411","7511",1,"7",6,"0009180000","0075180000","0005250000","0063000000","0003180000","0003180000","8430000","66180000"
1070036206,"02",1,"2320","8021",1,"6",4,"0008180000","0063180000","0004500000","0054000000","0003180000","0003180000","7680000","57180000"
1070012005,"02",1,"4190","8031",1,"6",6,"0007400000","0048000000","0003300000","0039600000","0003180000","0005000000","6480000","44600000"
1070072003,"01",1,"4122","7511",1,"8",6,"0008680000","0066000000","0004500000","0054000000","0003180000","0003180000","7680000","57180000"
1070072003,"02",1,"2320","8021",1,"8",6,"0008980000","0069600000","0004500000","0054000000","0003180000","0003180000","7680000","57180000"
1070012014,"01",1,"9152","8513",3,"5",6,"0004000000","0021000000","0001500000","0018000000","0002500000","0002500000","4000000","20500000"
1070012014,"01",1,"7345","2222",3,"8",6,"0002500000","0030000000","0002500000","0030000000","0","0","2500000","30000000"
1070024059,"03",2,"0112","7523",1,NA,NA,"0000133333","0001600000","0000133333","0001600000","0","0","133333","1600000"
1070012002,"01",1,"2331","8012",1,"8",6,"0012500000","0108000000","0007500000","0090000000","0003180000","0003180000","10680000","93180000"
1070108014,"01",1,"4190","6421",1,"8",6,"0009500000","0072000000","0005000000","0060000000","0003500000","0","8500000","60000000"
1070108010,"01",1,"2320","8021",1,"6",5,"0011000000","0096000000","0007000000","0084000000","0004000000","0003180000","11000000","87180000"
1070020012,"01",2,"9314","4521",3,NA,NA,"0000400000","0004800000","0000400000","0004800000","0","0","400000","4800000"
1070104154,"01",1,"9314","4521",3,"8",5,"0003000000","0036000000","0003000000","0036000000","0","0","3000000","36000000"
1080049060,"04",1,"2310","8031",1,"8",2,"0001500000","0007500000","0001500000","0007500000",NA,NA,"1500000","7500000"
1080049062,"01",1,"7111","1320",3,"8",6,"0003500000","0045000000","0003336667","0040040004",NA,"0003000000","3336667","43040004"
1080061113,"01",1,"9211","0113",1,"8",6,"0001800000","0022000000","0001800000","0022000000","0","0","1800000","22000000"
1080061126,"01",1,"5220","5050",2,"8",5,"0002000000","0026500000","0001906667","0022880004","0","0002500000","1906667","25380004"
1080137010,"01",1,"9314","4521",3,"8",3,"0001200000","0015000000","0001200000","0015000000","0","0","1200000","15000000"
1080137014,"01",1,"9314","4521",3,"8",3,"0001600000","0020000000","0001600000","0020000000","0","0","1600000","20000000"
1080137003,"01",1,"9141","9305",3,"8",7,"0003800000","0048600000","0003622667","0043472004","0","0003000000","3622667","46472004"
1080137007,"01",1,"1427","4100",3,"8",6,"0004500000","0057500000","0004256000","0051072000","0","0003500000","4256000","54572000"
1080137006,"01",1,"1410","7514",1,"6",6,"0007626067","0094512804","0006593114","0079117368","0","0003000000","6593114","82117368"
1080137006,"02",1,"2331","8012",1,"4",6,"0002000000","0027000000","0001906667","0022880004","0","0003000000","1906667","25880004"
1080101111,"01",1,"8324","6023",3,"18",4,"0007000000","0056000000","0006206667","0049653336","0","0","6206667","49653336"
1080101111,"02",1,"5220","5233",3,"8",6,"0002500000","0033000000","0002383334","0028600008",NA,"0003000000","2383334","31600008"
1080101107,"01",2,"8322","1010",3,NA,NA,"0","0018100000","0","0015348667","0","0002000000","0","17348667"
1080101109,"01",1,"5122","5521",3,"10",6,"0003000000","0033000000","0003000000","0033000000",NA,NA,"3000000","33000000"
1080041011,"02",1,"2432","9214",1,"7",6,"0004270000","0054240000","0003874700","0046496400",NA,"0003000000","3874700","49496400"
1080041007,"01",2,"9211","0113",3,NA,NA,"0","0009000000","0","0009000000","0","0","0","9000000"
1080041002,"01",1,"8324","6023",3,"2",4,"0011316666","0135800000","0010750000","0129000000","0","0","10750000","129000000"
1080129060,"02",1,"7123","4521",3,"8",4,"0001400000","0015000000","0001400000","0015000000",NA,NA,"1400000","15000000"
1080129066,"01",1,"7233","1010",1,"8",6,"0004100000","0049200000","0003731000","0044772000",NA,"0003000000","3731000","47772000"
1080045005,"01",1,"9314","4521",3,"8",4,"0002400000","0030000000","0002400000","0030000000",NA,NA,"2400000","30000000"
1080045012,"02",1,"9314","4521",3,"8",3,"0001300000","0010000000","0001300000","0010000000",NA,NA,"1300000","10000000"
1080045002,"01",1,"9333","1010",3,"8",6,"0004000000","0051000000","0003813334","0045760008",NA,"0003000000","3813334","48760008"
1080093116,"01",1,"5112","6010",3,"7",7,"0003030000","0043490000","0002888600","0034663200","0","0007130000","2888600","41793200"
1080093116,"02",1,"5112","8513",1,"8",6,"0004300000","0054600000","0003913000","0046956000","0","0003000000","3913000","49956000"
1080093103,"01",1,"9314","4521",3,"8",5,"0002400000","0028800000","0002400000","0028800000",NA,NA,"2400000","28800000"
1080093109,"01",2,"7221","2811",3,NA,NA,"0","0010000000","0","0010000000","0","0","0","10000000"
1080093108,"01",1,"9314","4521",3,"8",6,"0003000000","0036000000","0002860000","0022880000",NA,NA,"2860000","22880000"
1080093108,"03",1,"9314","4521",3,"8",4,"0002400000","0028800000","0002400000","0028800000",NA,NA,"2400000","28800000"
1080053155,"03",1,"5141","9302",3,"6",6,"0001000000","0010000000","0001000000","0010000000",NA,NA,"1000000","10000000"
1080053152,"01",1,"1426","8511",1,"7",6,"0005500000","0069000000","0004871000","0058452000",NA,"0003000000","4871000","61452000"
1080053161,"01",1,"9314","4540",3,"8",4,"0001400000","0015000000","0001400000","0015000000",NA,NA,"1400000","15000000"
1080069110,"01",1,"9141","7493",3,"8",6,"0002500000","0035000000","0002383333","0028599996",NA,"0005000000","2383333","33599996"
1080069118,"01",1,"7231","8031",3,"8",6,"0005700000","0071400000","0004682667","0056192004","0000700000","0011400000","5382667","67592004"
1080069115,"01",1,"9211","0113",3,"8",6,"0001500000","0018000000","0001500000","0018000000",NA,NA,"1500000","18000000"
1080001353,"01",1,"9314","4521",3,"8",3,"0000900000","0007500000","0000900000","0007500000",NA,NA,"900000","7500000"
1080001349,"02",1,"9314","4521",3,"8",2,"0000900000","0006700000","0000900000","0006700000",NA,NA,"900000","6700000"
1080001356,"01",1,"9141","7493",3,"8",6,"0002800000","0038600000","0002669333","0032031996",NA,"0005000000","2669333","37031996"
1080057215,"01",1,"2351","7512",1,"7",6,"0005160000","0064920000","0004819200","0057830400",NA,"0003000000","4819200","60830400"
1080057222,"01",1,"9314","4521",3,"8",3,"0002000000","0030000000","0002000000","0030000000",NA,NA,"2000000","30000000"
1080057226,"01",1,"7136","4531",3,"8",3,"0004000000","0050000000","0004000000","0050000000",NA,NA,"4000000","50000000"
1080057226,"04",1,"7218","3610",3,"8",5,"0000400000","0005000000","0000400000","0005000000",NA,NA,"400000","5000000"
1080057219,"01",1,"7417","1545",3,"8",6,"0003400000","0042300000","0003241334","0038896008",NA,"0001500000","3241334","40396008"
1080001346,"01",1,"9141","9500",3,"4",1,"0000800000","0004200000","0000800000","0004200000",NA,NA,"800000","4200000"
1080121242,"01",1,"2331","8012",3,"8",6,"0004750000","0060000000","0004469333","0053631996","0","0003000000","4469333","56631996"
1080121233,"01",1,"8324","6023",3,"8",5,"0003500000","0057000000","0003500000","0057000000",NA,NA,"3500000","57000000"
1080121235,"01",1,"9314","4521",3,"8",3,"0001000000","0014000000","0001000000","0014000000",NA,NA,"1000000","14000000"
1080025013,"01",1,"9314","4521",3,"8",5,"0002200000","0020000000","0002200000","0020000000","0","0","2200000","20000000"
1080025012,"01",1,"9314","4521",3,"8",4,"0001800000","0020000000","0001800000","0020000000",NA,NA,"1800000","20000000"
1080025004,"01",1,"5123","6010",3,"10",5,"0002700000","0009100000","0002574000","0007722000","0","0001000000","2574000","8722000"
1080097241,"01",1,"9152","1320",3,"12",4,"0003900000","0051800000","0002383333","0028599996","0001400000","0021800000","3783333","50399996"
1080097241,"02",1,"9141","8021",3,"5",4,"0001300000","0018300000","0001239333","0014871996",NA,"0002700000","1239333","17571996"
1080113215,"01",1,"7126","4521",3,"8",6,"0005000000","0060000000","0004682666","0056192000","0","0","4682666","56192000"
1080113215,"02",1,"2331","8012",1,"4",5,"0005000000","0063000000","0004466000","0053592000","0","0003000000","4466000","56592000"
1080113209,"01",1,"3432","7523",1,"8",6,"0004720000","0065320000","0004239200","0050870400","0","0008680000","4239200","59550400"
1080113207,"01",1,"5220","5030",3,"9",6,"0004800000","0060600000","0004512000","0054144000","0","0003000000","4512000","57144000"
1080121243,"01",1,"9211","0111",3,"8",2,"0001000000","0009000000","0001000000","0009000000","0","0","1000000","9000000"
1080113219,"01",1,"8324","6023",3,"18",3,"0006000000","0072000000","0005320000","0063840000","0","0","5320000","63840000"
1080017057,"01",1,"9314","4521",3,"8",2,"0000800000","0010000000","0000800000","0010000000",NA,NA,"800000","10000000"
1080017057,"02",1,"2331","8012",1,"4",6,"0003300000","0042600000","0003003000","0036036000",NA,"0003000000","3003000","39036000"
1080017063,"01",1,"1429","8012",1,"4",6,"0006000000","0065000000","0005276000","0055212000",NA,"0003000000","5276000","58212000"
1080017065,"01",1,"5130","7493",3,"6",6,"0002500000","0030500000","0002383334","0024766668","0","0003500000","2383334","28266668"
1080081152,"02",1,"5220","5223",3,"6",6,"0001200000","0014400000","0001200000","0014400000","0","0","1200000","14400000"
1080081144,"01",1,"7141","4540",3,"8",3,"0001560000","0001560000","0001560000","0001560000","0","0","1560000","1560000"
1080081150,"01",1,"7212","1320",1,"8",4,"0005650000","0073800000","0003510000","0042120000","0001750000","0027000000","5260000","69120000"
1080105164,"01",1,"9152","8511",1,"4",1,"0003750000","0057600000","0003575000","0042900000","0","0012600000","3575000","55500000"
1080105173,"01",1,"0112","7522",1,"8",6,"0004000000","0051000000","0003640000","0043680000","0","0003000000","3640000","46680000"
1080105169,"01",1,"9314","4521",3,"8",5,"0002000000","0024000000","0002000000","0024000000","0","0","2000000","24000000"
1080105162,"01",1,"9314","4521",3,"8",3,"0001440000","0017280000","0001440000","0017280000","0","0","1440000","17280000"
1080117157,"03",1,"9132","7493",3,"8",6,"0002500000","0033000000","0002383333","0028599996",NA,"0003000000","2383333","31599996"
1080117157,"04",1,"9132","7493",3,"8",7,"0002900000","0037800000","0002764667","0033176004",NA,"0003000000","2764667","36176004"
1080117157,"05",1,"7422","2022",3,"8",6,"0000500000","0006000000","0000500000","0006000000",NA,NA,"500000","6000000"
1080033255,"01",1,"9211","0113",3,"8",4,"0001600000","0019200000","0001600000","0019200000",NA,NA,"1600000","19200000"
1080033248,"01",1,"9211","0113",3,"8",6,"0002400000","0028800000","0002400000","0028800000","0","0","2400000","28800000"
1080033248,"03",2,"5220","5229",3,NA,NA,"0","0017200000","0","0016200000","0","0001000000","0","17200000"
1080033252,"01",1,"9211","0113",3,"8",6,"0003000000","0039000000","0002860000","0034320000","0","0003000000","2860000","37320000"
1080033260,"04",1,"5220","5234",3,"10",6,"0002000000","0002000000","0002000000","0002000000",NA,NA,"2000000","2000000"
1080033260,"06",1,"9314","4521",3,"6",3,"0000700000","0035700000","0000700000","0035700000","0","0","700000","35700000"
1080033260,"08",1,"9314","4521",3,"6",3,"0000700000","0035700000","0000700000","0035700000",NA,NA,"700000","35700000"
1080033250,"02",1,"8324","6023",3,"12",5,"0003350000","0066150000","0003193667","0038324000",NA,"0025950000","3193667","64274000"
1080033250,"03",1,"4190","8511",1,"8",6,"0004000000","0051000000","0003813333","0045760000","0","0003000000","3813333","48760000"
1080117169,"02",1,"3222","8513",1,"8",6,"0005170000","0065040000","0004704700","0056456400","0","0003000000","4704700","59456400"
1080133217,"01",1,"9314","4521",3,"8",3,"0001200000","0014400000","0001200000","0014400000",NA,NA,"1200000","14400000"
1080133215,"01",1,"9314","4521",3,"8",4,"0001600000","0024000000","0001600000","0024000000",NA,NA,"1600000","24000000"
1080085100,"01",1,"8231","2511",3,"8",6,"0003505000","0047460000","0002888600","0034663200","0000475000","0011100000","3363600","45763200"
1080085104,"01",1,"8231","2511",3,"8",6,"0004950000","0065900000","0003527333","0042327996","0001250000","0021500000","4777333","63827996"
1080085097,"01",1,"3435","1320",1,"9",6,"0011400000","0145800000","0006896000","0082752000","0003300000","0048600000","10196000","131352000"
1080085109,"01",1,"8322","6023",3,"18",4,"0006000000","0074000000","0006000000","0072000000",NA,"0002000000","6000000","74000000"
1080073115,"01",1,"8155","5141",3,"8",7,"0003000000","0042200000","0003000000","0036000000",NA,"0006200000","3000000","42200000"
1080073106,"02",1,"2331","8012",1,"4",5,"0004500000","0057000000","0004061000","0048732000",NA,"0003000000","4061000","51732000"
1080077244,"02",1,"5220","5231",3,"5",6,"0001000000","0014000000","0001000000","0012000000",NA,"0002000000","1000000","14000000"
1080077242,"01",1,"3114","3120",3,"8",6,"0004300000","0047400000","0003146000","0037752000","0001000000","0007800000","4146000","45552000"
1080109155,"01",2,"1427","7513",3,NA,NA,"0","0023000000","0","0019197332","0","0003000000","0","22197332"
1080109159,"01",1,"2221","8513",1,"8",6,"0011000000","0165000000","0009326000","0111912000",NA,"0033000000","9326000","144912000"
1080073114,"01",1,"8211","2710",3,"8",6,"0002200000","0030400000","0002097333","0025167996",NA,"0004000000","2097333","29167996"
1080021015,"01",1,"9314","4521",3,"8",3,"0001200000","0009000000","0001200000","0009000000",NA,NA,"1200000","9000000"
1080021015,"03",2,"2332","8011",3,NA,NA,"0","0004000000","0","0004000000","0","0","0","4000000"
1080021015,"04",1,"8333","6023",3,"8",4,"0003000000","0035000000","0003000000","0035000000",NA,NA,"3000000","35000000"
1080021006,"03",1,"9314","4521",3,"8",4,"0001000000","0008500000","0001000000","0008500000",NA,NA,"1000000","8500000"
1080021006,"04",1,"9314","4521",3,"8",5,"0000800000","0009000000","0000800000","0009000000",NA,NA,"800000","9000000"
1080013056,"01",1,"9314","4521",3,"8",3,"0001000000","0007000000","0001000000","0007000000","0","0","1000000","7000000"
1080013050,"04",1,"9211","0113",3,"8",2,"0000800000","0010000000","0000800000","0010000000","0","0","800000","10000000"
1080013060,"02",1,"9314","4521",3,"8",3,"0001000000","0008000000","0001000000","0008000000","0","0","1000000","8000000"
1080125107,"02",1,"5111","6023",3,"12",6,"0001500000","0018000000","0001500000","0018000000","0","0","1500000","18000000"
1080125104,"06",1,"8262","1724",3,"8",6,"0003500000","0044000000","0003336667","0037180004","0","0005000000","3336667","42180004"
1080029152,"01",1,"1410","4020",1,"9",5,"0005850000","0073200000","0003525000","0042300000","0002100000","0028200000","5625000","70500000"
1080029157,"01",1,"3113","1320",1,"9",5,"0009200000","0112700000","0005616000","0067392000","0002700000","0034700000","8316000","102092000"
1080065012,"01",1,"7212","4521",3,"8",6,"0003500000","0042000000","0003500000","0042000000","0","0","3500000","42000000"
1080065014,"01",2,"7113","2696",3,NA,NA,"0","0008800000","0","0008389333","0","0","0","8389333"
1080065014,"01",1,"9314","4521",3,"8",4,"0000500000","0000500000","0000500000","0000500000","0","0","500000","500000"
1080089103,"03",1,"7142","5020",3,"8",6,"0001500000","0018000000","0001500000","0018000000","0","0","1500000","18000000"
1080089114,"01",2,"0112","7522",1,NA,NA,"0","0020000000","0","0017864000","0","0","0","17864000"
1080013054,"01",1,"9314","4521",3,"8",3,"0001000000","0014000000","0001000000","0014000000","0","0","1000000","14000000"
1080013054,"04",1,"9314","4521",3,"8",3,"0000800000","0009000000","0000800000","0009000000","0","0","800000","9000000"
1080089114,"03",1,"7422","2022",3,"8",6,"0001500000","0018000000","0001500000","0018000000","0","0","1500000","18000000"
1080089108,"01",1,"0112","7522",1,"8",6,"0010000000","0123000000","0008516000","0102192000","0","0003000000","8516000","105192000"
1080089110,"03",1,"8125","2722",3,"8",6,"0003030000","0034270000","0002888600","0025997400","0","0007000000","2888600","32997400"
1080089110,"04",1,"0112","7522",1,"8",7,"0000500000","0006000000","0000500000","0006000000","0","0","500000","6000000"
1080005062,"01",1,"2331","8012",1,"6",6,"0002500000","0031000000","0002383333","0028599996","0","0001000000","2383333","29599996"
1080005054,"01",1,"9314","4521",3,"8",3,"0001100000","0009500000","0001100000","0009500000","0","0","1100000","9500000"
1080005058,"03",1,"9314","4521",3,"8",3,"0001800000","0015000000","0001800000","0015000000","0","0","1800000","15000000"
1080005058,"04",1,"2213","7513",1,"8",5,"0004500000","0056500000","0004256000","0051072000","0","0002500000","4256000","53572000"
1080005058,"05",1,"9314","4521",3,"8",2,"0001100000","0009000000","0001100000","0009000000","0","0","1100000","9000000"
1080005060,"06",1,"9314","4540",3,"8",6,"0002700000","0028000000","0002700000","0028000000","0","0","2700000","28000000"
1080009312,"01",1,"4212","6512",1,"6",6,"0008600000","0106200000","0007382000","0088584000","0","0003000000","7382000","91584000"
1080009320,"01",1,"4134","7513",1,"8",6,"0004560000","0057720000","0004109600","0049315200","0","0003000000","4109600","52315200"
1080009320,"03",1,"4134","7513",1,"8",6,"0001300000","0007800000","0001300000","0007800000","0","0","1300000","7800000"
1080037173,"01",1,"8323","6022",3,"8",6,"0002500000","0030000000","0002383333","0019500000","0","0","2383333","19500000"
1080037173,"02",1,"8323","6022",3,"8",6,"0042500000","0051000000","0002700000","0032500000","0","0","2700000","32500000"
1080037173,"03",1,"8323","6022",3,"8",6,"0002250000","0027000000","0001300000","0016000000","0","0","1300000","16000000"
1080037169,"01",1,"7137","1320",1,"8",6,"0008500000","0109000000","0007301000","0087612000","0","0007000000","7301000","94612000"
1080037167,"01",1,"7111","1320",1,"9",4,"0009000000","0115000000","0008096000","0097152000","0","0007000000","8096000","104152000"
1080037160,"01",1,"7141","4540",3,"8",6,"0004500000","0060300000","0004256000","0051072000","0","0006300000","4256000","57372000"
1080037165,"01",1,"8311","1320",3,"8",6,"0006000000","0046200000","0003146000","0037752000","0002700000","0006600000","5846000","44352000"
1080130111,"01",1,"7417","1545",3,"8",6,"0003000000","0036000000","0002860000","0034320000",NA,NA,"2860000","34320000"
1080130099,"01",1,"9314","4521",3,"8",3,"0000900000","0015000000","0000900000","0015000000",NA,NA,"900000","15000000"
1080130105,"01",1,"9211","0113",3,"8",2,"0000500000","0004000000","0000500000","0004000000",NA,NA,"500000","4000000"
1080130104,"01",1,"9141","7493",3,"8",6,"0003600000","0049200000","0003432000","0041184000",NA,"0006000000","3432000","47184000"
1080038101,"01",1,"4190","1320",1,"8",5,"0008000000","0101000000","0006896000","0082752000",NA,"0005000000","6896000","87752000"
1080038105,"02",1,"2331","8012",1,"8",6,"0006000000","0076000000","0005276000","0063312000","0","0004000000","5276000","67312000"
1080038109,"01",1,"4190","1320",1,"8",4,"0008000000","0101000000","0006896000","0082752000",NA,"0005000000","6896000","87752000"
1080038115,"01",1,"3113","1320",1,"8",5,"0007000000","0089000000","0006086000","0073032000",NA,"0005000000","6086000","78032000"
1080038110,"01",1,"4190","1320",1,"8",5,"0008000000","0101000000","0006896000","0082752000",NA,"0005000000","6896000","87752000"
1080062356,"01",1,"9211","0113",3,"8",4,"0002500000","0030000000","0002383340","0028600080",NA,NA,"2383340","28600080"
1080062356,"04",1,"9314","4521",3,"8",2,"0001000000","0013000000","0001000000","0013000000",NA,NA,"1000000","13000000"
1080062356,"07",1,"9314","4521",3,"8",6,"0000900000","0010000000","0000900000","0010000000",NA,NA,"900000","10000000"
1080062352,"01",1,"7341","2221",3,"8",4,"0002500000","0030000000","0002500000","0030000000",NA,NA,"2500000","30000000"
1080074314,"01",1,"9333","6023",3,"8",1,"0000200000","0002000000","0000200000","0002000000",NA,NA,"200000","2000000"
1080074305,"01",1,"9314","4521",3,"8",4,"0002000000","0020000000","0002000000","0020000000","0","0","2000000","20000000"
1080098151,"01",1,"8323","6022",3,"8",3,"0004453333","0053439996","0004000000","0050000000","0","0","4000000","50000000"
1080098163,"01",1,"9314","4521",3,"8",6,"0002400000","0028800000","0002400000","0028800000",NA,NA,"2400000","28800000"
1080098156,"01",1,"2411","4521",3,"7",6,"0002500000","0028000000","0002383334","0024786680",NA,"0002000000","2383334","26786680"
1080050217,"01",1,"9314","4521",3,"8",4,"0001100000","0014000000","0001100000","0014000000",NA,NA,"1100000","14000000"
1080050217,"03",1,"9314","4521",3,"8",3,"0000800000","0009000000","0000800000","0009000000",NA,NA,"800000","9000000"
1080050217,"04",1,"9314","4521",3,"8",2,"0000500000","0006000000","0000500000","0006000000",NA,NA,"500000","6000000"
1080098162,"01",1,"9314","4521",3,"8",4,"0002400000","0030000000","0002400000","0030000000",NA,NA,"2400000","30000000"
1080050212,"01",1,"8212","2695",3,"8",6,"0002800000","0025000000","0002800000","0025000000",NA,NA,"2800000","25000000"
1080050210,"01",1,"5122","1514",2,"8",6,"0002600000","0033200000","0002478670","0029744040",NA,"0002000000","2478670","31744040"
1080138015,"01",1,"9314","4521",3,"8",5,"0002800000","0030000000","0002800000","0030000000","0","0","2800000","30000000"
1080138009,"01",1,"9314","4521",3,"8",4,"0000500000","0005000000","0000500000","0005000000","0","0","500000","5000000"
1080138009,"02",1,"2331","8012",3,"4",6,"0004800000","0060600000","0004512000","0054144000","0","0003000000","4512000","57144000"
1080138006,"01",1,"9314","4521",3,"8",5,"0003500000","0040000000","0003500000","0040000000","0","0","3500000","40000000"
1080138003,"01",1,"9314","4521",3,"8",3,"0001000000","0010000000","0001000000","0010000000","0","0","1000000","10000000"
1080086052,"01",1,"2490","1320",3,"8",6,"0004000000","0051000000","0003813334","0045760008","0","0003000000","3813334","48760008"
1080086055,"01",1,"2320","8022",1,"6",3,"0007000000","0082200000","0006086000","0069144000","0","0003000000","6086000","72144000"
1080086049,"04",1,"8283","7250",3,"7",6,"0005000000","0063000000","0004682667","0056192004","0","0003000000","4682667","59192004"
1080114110,"01",1,"8282","3120",3,"8",6,"0003630000","0050680000","0003231800","0038781600","0000240000","0010000000","3471800","48781600"
1080114110,"04",1,"2230","8511",3,"8",6,"0003000000","0036000000","0003000000","0036000000","0","0","3000000","36000000"
1080114113,"01",1,"8163","7512",1,"8",6,"0004080000","0052320000","0003679867","0044158404","0000220000","0006000000","3899867","50158404"
1080114113,"02",1,"4111","7512",1,"8",6,"0003860000","0049320000","0003679867","0044158404","0","0003000000","3679867","47158404"
1080114106,"03",1,"9151","6023",3,"1",2,"0000450000","0000450000","0000450000","0000450000","0","0","450000","450000"
1080114103,"01",1,"7126","4521",3,"8",5,"0004500000","0054000000","0004500000","0054000000","0","0","4500000","54000000"
1080114115,"01",1,"5220","5222",3,"15",7,"0001500000","0018000000","0001500000","0018000000","0","0","1500000","18000000"
1080010113,"01",1,"9314","4521",3,"8",2,"0000800000","0010000000","0000800000","0010000000","0","0","800000","10000000"
1080010104,"01",1,"9160","7511",3,"8",6,"0004000000","0051000000","0003813334","0045760008","0","0003000000","3813334","48760008"
1080010110,"01",1,"2320","8021",1,"6",6,"0006250000","0078000000","0005478500","0065742000","0","0003000000","5478500","68742000"
1080010102,"01",1,"3432","8532",3,"7",6,"0007800000","0096600000","0007072000","0084864000","0","0003000000","7072000","87864000"
1080062354,"01",1,"7111","1310",2,"8",7,"0003250000","0041500000","0003098340","0037180080",NA,"0002500000","3098340","39680080"
1080030062,"01",2,"8324","6023",3,NA,NA,"0","0031500000","0","0031500000","0","0","0","31500000"
1080030057,"01",1,"5220","5126",3,"5",6,"0001500000","0018000000","0001500000","0018000000",NA,NA,"1500000","18000000"
1080030065,"01",1,"9314","4521",3,"8",4,"0002400000","0028800000","0002400000","0028800000",NA,NA,"2400000","28800000"
1080070214,"01",1,"8322","6023",3,"8",6,"0003500000","0048000000","0002860000","0034320000","0000500000","0012000000","3360000","46320000"
1080070219,"01",1,"7221","2811",3,"8",4,"0002000000","0024000000","0001906667","0022880000",NA,NA,"1906667","22880000"
1080070227,"01",1,"9211","0113",3,"5",7,"0002500000","0032000000","0002383333","0028599996",NA,"0002000000","2383333","30599996"
1080070222,"01",1,"8332","1310",3,"10",6,"0007500000","0093000000","0006816000","0081792000",NA,"0003000000","6816000","84792000"
1080006111,"01",1,"9314","4521",3,"8",5,"0002000000","0020000000","0002000000","0020000000",NA,NA,"2000000","20000000"
1080006113,"01",1,"9314","4521",3,"8",3,"0001600000","0015000000","0001600000","0015000000",NA,NA,"1600000","15000000"
1080030056,"01",1,"7111","1410",3,"8",6,"0004500000","0009000000","0004500000","0009000000",NA,NA,"4500000","9000000"
1080070218,"03",1,"7136","4531",3,"8",4,"0003000000","0036000000","0003000000","0036000000",NA,NA,"3000000","36000000"
1080106220,"01",1,"9314","4521",3,"8",5,"0002400000","0028800000","0002400000","0028800000",NA,NA,"2400000","28800000"
1080106222,"01",1,"9314","4521",3,"8",3,"0001000000","0012000000","0001000000","0012000000",NA,NA,"1000000","12000000"
1080106227,"01",1,"9314","4521",3,"8",4,"0002400000","0028800000","0002400000","0028800000",NA,NA,"2400000","28800000"
1080106227,"03",1,"9160","7511",3,"8",7,"0003000000","0039000000","0002860000","0034320000",NA,"0003000000","2860000","37320000"
1080106215,"01",1,"9314","4521",3,"8",3,"0001500000","0018000000","0001500000","0018000000","0","0","1500000","18000000"
1080066116,"01",1,"2320","8021",1,"8",6,"0005700000","0071900000","0005033000","0060396000",NA,"0003500000","5033000","63896000"
1080066116,"02",1,"2331","8012",1,"8",4,"0005000000","0063500000","0004466000","0053592000",NA,"0003500000","4466000","57092000"
1080066109,"01",1,"4134","4010",1,"8",6,"0005700000","0071900000","0005280000","0063360000","0","0003500000","5280000","66860000"
1080066109,"02",1,"2230","8511",1,"8",4,"0005000000","0063500000","0004841000","0058092000","0","0003500000","4841000","61592000"
1080066107,"01",1,"8324","7511",3,"8",4,"0005000000","0063000000","0004682667","0056192004","0","0003000000","4682667","59192004"
1080034153,"01",1,"9211","0113",3,"8",6,"0003000000","0036000000","0003000000","0036000000","0","0","3000000","36000000"
1080066113,"01",1,"8113","4523",3,"8",7,"0005800000","0072600000","0005365333","0064383996",NA,"0003000000","5365333","67383996"
1080042348,"01",1,"0112","7522",1,"10",7,"0007500000","0093000000","0006491000","0077892000","0","0003000000","6491000","80892000"
1080042350,"01",1,"2412","4010",1,"8",6,"0008000000","0103000000","0006996000","0083952000",NA,"0007000000","6996000","90952000"
1080042340,"01",1,"2331","8012",1,"4",6,"0006200000","0077400000","0005438000","0065256000","0","0003000000","5438000","68256000"
1080042340,"02",1,"2230","8511",3,"8",6,"0007000000","0087000000","0006389333","0076671996","0","0003000000","6389333","79671996"
1080134102,"01",1,"9333","5110",3,"8",6,"0003800000","0053200000","0003432000","0041184000","0000200000","0010000000","3632000","51184000"
1080134113,"01",1,"4211","5231",3,"15",7,"0003000000","0038500000","0002860000","0034320000","0","0002500000","2860000","36820000"
1080134101,"01",1,"9314","4521",3,"7",2,"0000700000","0008400000","0000700000","0008400000","0","0","700000","8400000"
1080134101,"02",1,"9141","8021",1,"8",6,"0001000000","0012900000","0000923333","0011440000","0","0000900000","923333","12340000"
1080134101,"03",1,"7231","5020",3,"8",6,"0002000000","0006000000","0002000000","0006000000","0","0","2000000","6000000"
1080026103,"01",1,"9314","4521",3,"8",3,"0001400000","0019000000","0001400000","0019000000","0","0","1400000","19000000"
1080054010,"01",1,"4190","0113",1,"8",6,"0005800000","0072600000","0005392667","0064711992","0","0003000000","5392667","67711992"
1080134110,"01",1,"2461","7512",3,"8",6,"0003000000","0042000000","0002860000","0034320000","0","0006000000","2860000","40320000"
1080026099,"01",1,"9314","4521",3,"8",1,"0001300000","0014000000","0001300000","0014000000","0","0","1300000","14000000"
1080022169,"01",1,"9314","4521",3,"8",3,"0001800000","0015000000","0001800000","0015000000",NA,"0","1800000","15000000"
1080022166,"01",1,"9314","4521",3,"8",2,"0001700000","0016000000","0001700000","0016000000","0","0","1700000","16000000"
1080022174,"04",1,"9314","4521",3,"7",4,"0001200000","0013000000","0001200000","0013000000","0","0","1200000","13000000"
1080022174,"05",1,"5220","5221",3,"7",6,"0001500000","0017000000","0001500000","0017000000","0","0","1500000","17000000"
1080022160,"01",1,"9141","8031",1,"8",7,"0004960000","0063020000","0003813334","0045760000","0000960000","0015020000","4773334","60780000"
1080054014,"03",1,"9314","4521",3,"8",3,"0002000000","0015000000","0002000000","0015000000","0","0","2000000","15000000"
1080126339,"01",1,"8324","6023",3,"10",7,"0005000000","0060000000","0005000000","0060000000","0","0","5000000","60000000"
1080126333,"01",1,"6113","7511",1,"8",6,"0004000000","0050500000","0003813333","0045759996","0","0002500000","3813333","48259996"
1080126333,"03",1,"4121","7498",2,"8",6,"0002600000","0033200000","0002478667","0029744040","0","0002000000","2478667","31744040"
1080126333,"05",1,"7126","4521",3,"8",5,"0002500000","0020000000","0002500000","0020000000","0","0","2500000","20000000"
1080126330,"01",1,"9141","7320",1,"8",6,"0003500000","0044500000","0003336667","0040040004","0","0002500000","3336667","42540004"
1080126336,"03",1,"2331","8012",1,"8",4,"0000450000","0005400000","0000450000","0005400000","0","0","450000","5400000"
1080046014,"03",1,"7111","1010",3,"8",6,"0004200000","0012600000","0004000000","0012000000",NA,NA,"4000000","12000000"
1080046002,"01",1,"7325","2697",3,"12",6,"0004200000","0053400000","0004000000","0048000000",NA,"0003000000","4000000","51000000"
1080090062,"01",1,"7233","4531",3,"12",4,"0004000000","0052000000","0003813333","0045760000","0","0004000000","3813333","49760000"
1080090065,"04",1,"2230","8511",1,"8",6,"0003000000","0036000000","0003000000","0036000000","0","0","3000000","36000000"
1080082066,"01",1,"2412","6411",1,"8",6,"0006500000","0081000000","0005276000","0063312000","0000500000","0009000000","5776000","72312000"
1080082059,"02",1,"2412","9112",3,"8",6,"0003000000","0042000000","0002860000","0034320000",NA,"0006000000","2860000","40320000"
1080046011,"04",1,"7223","2310",3,"8",6,"0005000000","0066000000","0004682667","0056192004",NA,"0006000000","4682667","62192004"
1080082066,"02",1,"4115","6411",1,"8",6,"0004750000","0060000000","0003640000","0043680000","0000750000","0012000000","4390000","55680000"
1080110001,"01",1,"9211","0113",3,"8",6,"0005200000","0062400000","0005200000","0062400000","0","0","5200000","62400000"
1080110004,"03",1,"5220","5222",3,"10",7,"0002000000","0024000000","0002000000","0024000000","0","0","2000000","24000000"
1080110008,"01",1,"9152","2694",3,"11",6,"0005000000","0067000000","0004766667","0057200004","0","0007000000","4766667","64200004"
1080018190,"02",1,"2331","8012",1,"8",6,"0005500000","0068500000","0004871000","0058452000",NA,"0002500000","4871000","60952000"
1080018196,"01",1,"4134","7511",1,"8",6,"0003160000","0040620000","0003012667","0036152004",NA,"0002700000","3012667","38852004"
1080018187,"01",1,"4190","6421",1,"6",6,"0006000000","0074500000","0005536000","0066432000","0","0002500000","5536000","68932000"
1080018187,"02",1,"2320","8021",1,"6",6,"0004000000","0050500000","0003640000","0043680000",NA,"0002500000","3640000","46180000"
1080002191,"01",1,"7126","4521",3,"8",4,"0001800000","0021000000","0001800000","0021000000","0","0","1800000","21000000"
1080002197,"01",1,"2320","8021",1,"6",4,"0005000000","0062450000","0004466000","0053592000","0","0002450000","4466000","56042000"
1080094155,"01",1,"9314","4521",3,"8",4,"0002500000","0030000000","0002500000","0030000000","0","0","2500000","30000000"
1080002199,"01",1,"2320","8022",1,"8",6,"0005800000","0072600000","0005114000","0061368000","0","0003000000","5114000","64368000"
1080094162,"01",1,"5122","7512",1,"8",6,"0004700000","0059850000","0004223000","0050676000","0","0003450000","4223000","54126000"
1080094162,"03",1,"7212","4521",3,"8",3,"0001200000","0014400000","0001200000","0014400000","0","0","1200000","14400000"
1080094167,"01",1,"7212","4521",3,"8",3,"0002000000","0024000000","0002000000","0024000000","0","0","2000000","24000000"
1080094164,"03",1,"9314","4521",3,"8",3,"0001500000","0018000000","0001500000","0018000000","0","0","1500000","18000000"
1080094158,"01",2,"7221","2811",3,NA,NA,"0002000000","0018000000","0002000000","0018000000","0","0","2000000","18000000"
1080122055,"01",1,"1429","9219",3,"8",6,"0004800000","0063600000","0004576000","0054912000",NA,"0006000000","4576000","60912000"
1080122062,"01",1,"4212","6512",1,"8",6,"0004000000","0051600000","0003003000","0036036000","0000700000","0012000000","3703000","48036000"
1080122054,"02",1,"4212","6512",1,"8",6,"0005000000","0067000000","0004466000","0053592000",NA,"0007000000","4466000","60592000"
1080014113,"03",1,"7221","2811",3,"8",6,"0002500000","0030800000","0002500000","0030000000",NA,"0000800000","2500000","30800000"
1080014103,"01",1,"4212","6512",1,"8",6,"0003800000","0048600000","0003146000","0037752000","0000500000","0009000000","3646000","46752000"
1080014110,"01",1,"9314","4521",3,"8",4,"0002000000","0024000000","0002000000","0024000000",NA,NA,"2000000","24000000"
1080102066,"01",1,"7245","6421",3,"8",6,"0003200000","0041400000","0003050667","0036608000",NA,"0003000000","3050667","39608000"
1080102052,"01",1,"7233","4531",3,"8",6,"0002400000","0002400000","0002288000","0002288000",NA,NA,"2288000","2288000"
1080102052,"01",2,"7212","4521",3,NA,NA,"0","0016100000","0","0016100000","0","0","0","16100000"
1080118287,"03",1,"8323","6021",3,"8",6,"0003000000","0036000000","0002660000","0031920000",NA,NA,"2660000","31920000"
1080118287,"08",1,"7133","4540",3,"8",6,"0002000000","0024000000","0002000000","0024000000",NA,NA,"2000000","24000000"
1080118284,"01",1,"9314","4521",3,"8",5,"0001200000","0014400000","0001200000","0014400000",NA,NA,"1200000","14400000"
1080102055,"01",1,"7233","7512",1,"8",6,"0004650000","0058600000","0003861000","0046332000","0000600000","0010000000","4461000","56332000"
1080118295,"01",1,"9314","4521",3,"8",3,"0001500000","0018000000","0001500000","0018000000",NA,NA,"1500000","18000000"
1080043205,"02",1,"1429","8012",1,"6",6,"0006500000","0081000000","0005681000","0068172000","0","0003000000","5681000","71172000"
1080043198,"01",1,"7111","1010",3,"11",6,"0004400000","0058100000","0004170667","0050048004","0","0005300000","4170667","55348004"
1080043198,"03",1,"9314","4521",3,"8",2,"0001200000","0010000000","0001200000","0010000000","0","0","1200000","10000000"
1080043200,"03",1,"7137","4532",3,"8",2,"0000800000","0010000000","0000800000","0010000000","0","0","800000","10000000"
1080043194,"03",1,"2490","6592",3,"8",6,"0003350000","0043200000","0003193667","0038324004","0","0003000000","3193667","41324004"
1080139259,"01",1,"9211","0111",3,"8",6,"0003000000","0027000000","0003000000","0027000000",NA,NA,"3000000","27000000"
1080139259,"05",1,"7141","4540",3,"8",3,"0001500000","0012000000","0001500000","0012000000",NA,NA,"1500000","12000000"
1080099359,"01",1,"3421","5010",3,"10",6,"0002000000","0024000000","0002000000","0024000000",NA,NA,"2000000","24000000"
1080027295,"05",1,"8322","6023",3,"4",6,"0002500000","0030000000","0002500000","0030000000",NA,NA,"2500000","30000000"
1080027301,"01",1,"9314","4521",3,"8",4,"0002500000","0032000000","0002500000","0032000000",NA,NA,"2500000","32000000"
1080027308,"01",1,"9152","6022",3,"8",6,"0004500000","0057000000","0004256000","0051072000",NA,"0003000000","4256000","54072000"
1080139250,"01",1,"3222","8513",1,"8",6,"0006450000","0080400000","0005640500","0067686000",NA,"0003000000","5640500","70686000"
1080139257,"01",1,"9314","4521",3,"8",3,"0004000000","0036000000","0004000000","0036000000",NA,NA,"4000000","36000000"
1080135110,"03",1,"5220","5231",3,"8",6,"0000500000","0006000000","0000500000","0006000000","0","0","500000","6000000"
1080135105,"03",1,"7233","1010",3,"8",6,"0004000000","0053000000","0003813334","0045760008","0","0005000000","3813334","50760008"
1080135107,"03",1,"7111","1010",3,"8",6,"0003700000","0021164040","0003527340","0021164040","0","0","3527340","21164040"
1080135107,"04",1,"7111","1010",3,"8",6,"0003700000","0021164040","0003527340","0021164040","0","0","3527340","21164040"
1080135117,"03",1,"7111","1010",3,"8",6,"0004000000","0053000000","0003813334","0045760008","0","0005000000","3813334","50760008"
1080119014,"01",1,"8223","2710",3,"8",6,"0004070000","0042840000","0002926733","0035120796","0001000000","0006000000","3926733","41120796"
1080075014,"03",1,"7450","2899",3,"8",6,"0001400000","0017500000","0001400000","0016800000","0","0000700000","1400000","17500000"
1080075005,"01",1,"9314","4521",3,"8",5,"0002500000","0030000000","0002500000","0030000000",NA,NA,"2500000","30000000"
1080075012,"03",1,"5220","5231",3,"6",7,"0003500000","0045500000","0003336667","0040040004",NA,"0003500000","3336667","43540004"
1080075012,"04",1,"2113","8031",3,"8",6,"0005000000","0065000000","0004682667","0056192004",NA,"0005000000","4682667","61192004"
1080075002,"01",1,"7224","5020",3,"8",6,"0003800000","0049000000","0002860000","0034320000","0000800000","0013000000","3660000","47320000"
1080075002,"03",1,"0112","7522",1,"18",7,"0000350000","0003500000","0000350000","0003500000",NA,NA,"350000","3500000"
1080119001,"01",1,"9141","8021",1,"18",6,"0003090000","0040080000","0002945800","0035349600","0","0003000000","2945800","38349600"
1080119001,"03",1,"3112","7511",3,"8",6,"0003900000","0046800000","0003718000","0044616000","0","0","3718000","44616000"
1080119008,"02",1,"9333","6023",3,"5",2,"0000500000","0006000000","0000500000","0006000000","0","0","500000","6000000"
1080119008,"02",1,"9314","4521",3,"8",3,"0001000000","0012000000","0001000000","0012000000","0","0","1000000","12000000"
1080051011,"01",1,"2320","8021",1,"8",4,"0006500000","0080500000","0005681000","0068172000",NA,"0002500000","5681000","70672000"
1080051011,"02",1,"2320","8021",1,"8",4,"0004700000","0058900000","0004223000","0050676000",NA,"0002500000","4223000","53176000"
1080051002,"01",1,"2331","8012",1,"8",6,"0006500000","0080500000","0005681000","0068172000","0","0002500000","5681000","70672000"
1080051002,"02",1,"2331","8012",1,"8",6,"0006500000","0080500000","0005681000","0068172000","0","0002500000","5681000","70672000"
1080087275,"02",1,"3231","8511",1,"8",6,"0006900000","0107400000","0005033000","0060396000","0001200000","0039000000","6233000","99396000"
1080043204,"02",1,"5112","7522",1,"8",6,"0004500000","0057000000","0004061000","0048732000","0","0003000000","4061000","51732000"
1080043205,"01",1,"1429","8021",1,"6",6,"0007200000","0089400000","0006896000","0082752000","0","0003000000","6896000","85752000"
1080087272,"01",1,"8231","2511",3,"8",6,"0005020000","0067320000","0004563200","0054758400","0000160000","0009000000","4723200","63758400"
1080087279,"03",2,"4134","5233",3,NA,NA,"0","0007500000",NA,"0007500000",NA,NA,"0","7500000"
1080087279,"04",1,"7137","4532",1,"8",3,"0001200000","0014400000","0001200000","0014400000",NA,NA,"1200000","14400000"
1080099354,"03",1,"3435","6512",1,"8",6,"0007500000","0093000000","0005276000","0063312000","0001500000","0003000000","6776000","66312000"
1080003067,"01",1,"2412","7513",1,"8",6,"0003500000","0044500000","0003336670","0040040040",NA,"0002500000","3336670","42540040"
1080099364,"02",1,"4190","5521",3,"8",7,"0003000000","0039000000","0002860000","0034320000",NA,"0003000000","2860000","37320000"
1080107171,"02",1,"2320","8021",1,"5",4,"0005100000","0064200000","0004547000","0054564000",NA,"0003000000","4547000","57564000"
1080107174,"03",1,"2146","7422",3,"8",6,"0003000000","0039000000","0002860000","0034320000",NA,"0003000000","2860000","37320000"
1080079061,"01",1,"9314","4521",3,"8",3,"0001200000","0014400000","0001200000","0014400000","0","0","1200000","14400000"
1080019060,"01",1,"8322","6023",3,"8",7,"0003000000","0032000000","0003000000","0032000000","0","0","3000000","32000000"
1080019057,"01",1,"9314","4521",3,"8",3,"0001900000","0022000000","0001900000","0022000000","0","0","1900000","22000000"
1080019062,"02",1,"3412","6603",3,"8",4,"0002000000","0020000000","0002000000","0020000000","0","0","2000000","20000000"
1080063058,"01",1,"4134","2721",1,"8",6,"0004000000","0050500000","0003813340","0045760080","0","0002500000","3813340","48260080"
1080063067,"01",1,"2320","8021",1,"8",6,"0006500000","0080500000","0005681000","0068172000","0","0002500000","5681000","70672000"
1080063067,"02",1,"3231","8513",1,"8",6,"0004700000","0058900000","0004223000","0050676000","0","0002500000","4223000","53176000"
1080063055,"01",1,"3115","7513",1,"8",6,"0005600000","0069700000","0004952000","0059424000","0","0002500000","4952000","61924000"
1080063055,"02",1,"2331","8012",1,"8",6,"0004500000","0056500000","0004061000","0048732000","0","0002500000","4061000","51232000"
1080055112,"02",1,"9314","4521",3,"8",3,"0000800000","0011000000","0000800000","0011000000","0","0","800000","11000000"
1080055116,"02",1,"9314","4521",3,"8",4,"0001100000","0012000000","0001100000","0012000000","0","0","1100000","12000000"
1080055118,"01",1,"9314","4521",3,"8",4,"0001500000","0014000000","0001500000","0014000000","0","0","1500000","14000000"
1080055116,"03",1,"9314","4521",3,"8",2,"0000800000","0007000000","0000800000","0007000000","0","0","800000","7000000"
1080011185,"01",2,"4223","6421",3,NA,NA,"0","0006000000","0","0006000000","0","0","0","6000000"
1080011198,"01",1,"8324","6023",3,"18",3,"0005000000","0060000000","0005000000","0060000000","0","0","5000000","60000000"
1080011194,"01",1,"9333","6302",3,"10",6,"0001200000","0014400000","0001200000","0014400000","0","0","1200000","14400000"
1080011185,"01",2,"9211","0113",3,NA,NA,"0","0006000000","0","0006000000","0","0","0","6000000"
1080083068,"01",1,"3435","5129",3,"10",6,"0004800000","0060600000","0004512000","0054144000","0","0003000000","4512000","57144000"
1080095006,"01",1,"9211","0113",3,"8",6,"0002500000","0030000000","0002500000","0030000000","0","0","2500000","30000000"
1080095002,"01",1,"9211","0113",3,"8",6,"0002700000","0030000000","0002700000","0030000000","0","0","2700000","30000000"
1080011189,"01",1,"5220","5234",3,"10",6,"0002000000","0026000000","0002000000","0024000000","0","0002000000","2000000","26000000"
1080039148,"01",1,"9211","0113",3,"8",6,"0003000000","0036000000","0003000000","0036000000","0","0","3000000","36000000"
1080039153,"01",1,"9211","0113",3,"8",4,"0001800000","0022000000","0001800000","0022000000","0","0","1800000","22000000"
1080039156,"01",1,"9211","0113",3,"8",6,"0002000000","0024000000","0002000000","0024000000","0","0","2000000","24000000"
1080039162,"01",1,"9211","0113",3,"8",6,"0002000000","0024000000","0002000000","0024000000","0","0","2000000","24000000"
1080095009,"01",1,"9211","0113",3,"8",3,"0001500000","0010000000","0001500000","0010000000","0","0","1500000","10000000"
1080095009,"04",1,"7218","3610",3,"8",6,"0002500000","0030400000","0002500000","0030000000","0","0000400000","2500000","30400000"
1080095009,"05",1,"9314","4521",3,"8",3,"0003000000","0025000000","0003000000","0025000000","0","0","3000000","25000000"
1080095012,"03",1,"9314","4521",3,"8",3,"0001500000","0018000000","0001500000","0018000000","0","0","1500000","18000000"
1080095012,"04",1,"9314","4521",3,"8",2,"0001200000","0015000000","0001200000","0015000000","0","0","1200000","15000000"
1080095015,"03",1,"5220","5222",3,"8",6,"0002500000","0030000000","0002500000","0030000000","0","0","2500000","30000000"
1080095015,"04",1,"5220","5222",3,"8",6,"0002000000","0024000000","0002000000","0024000000","0","0","2000000","24000000"
1080095015,"05",1,"5220","5222",3,"8",6,"0002000000","0024000000","0002000000","0024000000","0","0","2000000","24000000"
1080031099,"01",1,"7231","2021",3,"9",6,"0006000000","0078000000","0005536000","0066432000","0","0006000000","5536000","72432000"
1080059011,"01",1,"9314","4521",3,"6",4,"0001000000","0014000000","0001000000","0014000000",NA,NA,"1000000","14000000"
1080059015,"01",1,"8323","7511",1,"6",6,"0007000000","0086500000","0006389340","0076672080","0","0002500000","6389340","79172080"
1080091048,"02",1,"2331","8012",1,"4",6,"0005400000","0067800000","0004790000","0057480000","0","0003000000","4790000","60480000"
1080091051,"01",1,"8275","1514",3,"12",4,"0004500000","0058500000","0004256000","0051072000","0","0004500000","4256000","55572000"
1080091051,"01",1,"7244","5260",3,"4",6,"0002000000","0024000000","0002000000","0024000000","0","0","2000000","24000000"
1080015114,"05",1,"2320","8021",1,"6",4,"0004500000","0057000000","0004061000","0048732000",NA,"0003000000","4061000","51732000"
1080015117,"02",1,"5220","5232",3,"8",6,"0001500000","0003100000","0001500000","0003000000",NA,"0000100000","1500000","3100000"
1080091058,"01",1,"7212","2892",3,"8",6,"0002600000","0031200000","0002600000","0031200000","0","0","2600000","31200000"
1080091062,"01",1,"0112","7522",1,"8",6,"0008000000","0099000000","0005276000","0063312000","0002000000","0027000000","7276000","90312000"
1080111153,"01",1,"7126","4521",3,"8",3,"0002500000","0030000000","0002500000","0030000000",NA,NA,"2500000","30000000"
1080111164,"01",1,"9314","4521",3,"8",6,"0003000000","0012000000","0003000000","0012000000",NA,NA,"3000000","12000000"
1080127001,"02",1,"2331","8012",1,"5",6,"0005600000","0070200000","0005194667","0062336004","0","0003000000","5194667","65336004"
1080127011,"01",1,"9320","1542",3,"8",6,"0005000000","0010000000","0004799333","0009598666","0","0","4799333","9598666"
1080007251,"04",1,"9314","4521",3,"8",2,"0000800000","0009000000","0000800000","0009000000",NA,NA,"800000","9000000"
1080007252,"01",1,"0112","7522",1,"10",6,"0006000000","0075000000","0005246000","0062952000",NA,"0003000000","5246000","65952000"
1080007257,"01",1,"8324","6023",3,"12",3,"0005000000","0060000000","0005000000","0060000000",NA,NA,"5000000","60000000"
1080055124,"03",1,"8333","1310",3,"7",6,"0005000000","0062500000","0004682670","0056192040","0","0002500000","4682670","58692040"
1080035144,"01",1,"8333","6302",3,"8",6,"0004600000","0061200000","0004341334","0052096008",NA,"0006000000","4341334","58096008"
1080035146,"01",1,"9152","5513",1,"8",6,"0004400000","0055800000","0004170667","0050048004",NA,"0003000000","4170667","53048004"
1080035146,"02",1,"4190","8031",1,"7",6,"0004000000","0051000000","0003813334","0045760008",NA,"0003000000","3813334","48760008"
1080035148,"01",1,"9211","0113",3,"8",5,"0003000000","0060000000","0003000000","0060000000",NA,NA,"3000000","60000000"
1080035153,"01",1,"7417","1545",3,"8",6,"0002500000","0029500000","0002383334","0028600008","0","0000500000","2383334","29100008"
1080115207,"01",1,"9131","7493",3,"8",3,"0000500000","0006000000","0000500000","0006000000","0","0","500000","6000000"
1080115207,"03",1,"8159","2412",3,"8",6,"0003500000","0045500000","0003336667","0040040000",NA,"0003500000","3336667","43540000"
1080067006,"01",1,"5169","7511",1,"8",6,"0007500000","0093000000","0004871000","0058452000","0002000000","0027000000","6871000","85452000"
1080067006,"02",1,"2490","7512",1,"8",6,"0006500000","0069000000","0004871000","0058452000","0001000000","0003000000","5871000","61452000"
1080067014,"01",1,"6113","7511",3,"8",6,"0004300000","0055100000","0003336667","0040040004","0000800000","0013100000","4136667","53140004"
1080067011,"03",1,"9314","4521",3,"8",4,"0002400000","0028800000","0002400000","0028800000",NA,NA,"2400000","28800000"
1080067011,"06",1,"9314","4521",3,"8",3,"0001800000","0021600000","0001800000","0021600000",NA,NA,"1800000","21600000"
1080123062,"01",1,"5220","5050",3,"8",6,"0001500000","0020500000","0001430000","0017160000",NA,"0002500000","1430000","19660000"
1080115203,"02",1,"4134","6302",3,"8",6,"0003030000","0039360000","0002888600","0034663200",NA,"0003000000","2888600","37663200"
1080115203,"03",1,"3231","8511",3,"8",7,"0005000000","0065000000","0004682667","0056192004",NA,"0005000000","4682667","61192004"
1080115211,"01",1,"8324","6023",3,"10",6,"0005000000","0060000000","0005000000","0060000000",NA,NA,"5000000","60000000"
1080123050,"01",1,"9314","4521",3,"6",6,"0001700000","0014000000","0001700000","0014000000",NA,NA,"1700000","14000000"
1080123050,"03",1,"9314","4521",3,"6",5,"0001500000","0012000000","0001500000","0012000000","0","0","1500000","12000000"
1080123054,"03",1,"3475","9241",3,"4",7,"0002600000","0007800000","0002600000","0007800000",NA,NA,"2600000","7800000"
1080123057,"01",1,"9314","4521",3,"8",5,"0001500000","0012000000","0001500000","0012000000",NA,NA,"1500000","12000000"
1080131006,"03",1,"9314","4521",3,"7",3,"0000900000","0012000000","0000900000","0012000000",NA,NA,"900000","12000000"
1080047099,"01",1,"9211","0113",3,"8",6,"0002220000","0026640000","0002220000","0026640000",NA,NA,"2220000","26640000"
1080047106,"01",1,"8331","0140",3,"8",6,"0001800000","0025000000","0001800000","0025000000",NA,NA,"1800000","25000000"
1080047109,"01",1,"8163","4100",3,"8",7,"0002600000","0033000000","0002478667","0029744004",NA,"0001800000","2478667","31544004"
1080047103,"01",1,"9211","0113",3,"8",6,"0002300000","0027600000","0002300000","0027600000",NA,NA,"2300000","27600000"
1080071003,"01",2,"5111","6022",3,NA,NA,"0","0006000000","0","0006000000","0","0","0","6000000"
1080071008,"01",1,"7126","4521",3,"8",7,"0003500000","0050000000","0003500000","0050000000",NA,NA,"3500000","50000000"
1080071011,"01",1,"2451","8031",1,"7",6,"0004500000","0056500000","0004256000","0051072000",NA,"0002500000","4256000","53572000"
1080071011,"02",1,"9141","9214",3,"6",6,"0000800000","0009200000","0000800000","0008700000",NA,"0000500000","800000","9200000"
1080071014,"02",1,"5122","5521",3,"8",6,"0003000000","0036000000","0003000000","0036000000",NA,NA,"3000000","36000000"
1080071014,"03",1,"5122","5521",3,"8",6,"0002400000","0028800000","0002400000","0028800000",NA,NA,"2400000","28800000"
1080131001,"03",1,"9314","4521",3,"8",2,"0000700000","0003500000","0000700000","0003500000",NA,NA,"700000","3500000"
1080131010,"01",1,"1410","7512",1,"7",6,"0005600000","0069700000","0004952000","0059424000","0","0002500000","4952000","61924000"
1080131007,"01",1,"5220","5050",3,"8",7,"0003000000","0038500000","0002860000","0034320000",NA,"0002500000","2860000","36820000"
1080023104,"01",1,"9211","0111",3,"7",4,"0001100000","0006000000","0001100000","0006000000",NA,NA,"1100000","6000000"
1080023104,"02",1,"9211","0111",3,"7",2,"0000400000","0003000000","0000400000","0003000000",NA,NA,"400000","3000000"
1080023104,"03",1,"9211","0111",3,"7",2,"0000300000","0003500000","0000300000","0003500000",NA,NA,"300000","3500000"
1080023101,"01",1,"9314","4521",3,"7",4,"0001400000","0013000000","0001400000","0013000000",NA,NA,"1400000","13000000"
1080023106,"01",1,"2331","8012",1,"7",6,"0005600000","0069700000","0004952000","0059424000",NA,"0002500000","4952000","61924000"
1080048223,"01",1,"0112","7522",1,"7",6,"0012000000","0100000000","0006896000","0082752000","0004000000","0","10896000","82752000"
1080048223,"02",1,"2331","8012",1,"8",6,"0009180000","0075180000","0005276000","0063312000","0003180000","0","8456000","63312000"
1080048215,"01",1,"0112","7522",1,"8",6,"0012000000","0100000000","0006896000","0082752000","0004000000","0","10896000","82752000"
1080048210,"01",1,"0112","7522",1,"8",6,"0013000000","0112000000","0007706000","0092472000","0004000000","0","11706000","92472000"
1080048210,"02",1,"2320","8021",1,"8",3,"0009180000","0075180000","0005276000","0063312000","0003180000","0","8456000","63312000"
1080048219,"01",1,"0112","7522",1,"9",6,"0012000000","0100000000","0006896000","0082752000","0004000000","0","10896000","82752000"
1080120069,"01",1,"4223","4522",3,"8",6,"0003900000","0051800000","0003627000","0043524000","0","0005000000","3627000","48524000"
1080120057,"01",1,"9314","4521",3,"8",5,"0003750000","0045000000","0003750000","0045000000","0","0","3750000","45000000"
1080120061,"01",1,"6113","7491",3,"8",6,"0003850000","0050700000","0003580500","0042966000",NA,"0004500000","3580500","47466000"
1080056174,"01",1,"1427","6512",1,"8",6,"0008300000","0102600000","0004709000","0056508000","0003000000","0039000000","7709000","95508000"
1080056164,"01",1,"4142","6411",1,"8",6,"0006000000","0073000000","0003640000","0043680000","0002000000","0025000000","5640000","68680000"
1080004179,"01",1,"2411","1711",3,"8",6,"0004000000","0050500000","0003813333","0045759996","0","0002500000","3813333","48259996"
1080004171,"01",1,"9314","4521",3,"8",3,"0001300000","0014000000","0001300000","0014000000","0","0","1300000","14000000"
1080004173,"01",1,"9314","4521",3,"8",3,"0001200000","0014000000","0001200000","0014000000","0","0","1200000","14000000"
1080040053,"01",1,"9211","0113",3,"8",3,"0002000000","0024000000","0002000000","0024000000",NA,NA,"2000000","24000000"
1080040060,"01",1,"7221","2811",3,"8",4,"0002000000","0024000000","0002000000","0024000000",NA,NA,"2000000","24000000"
1080060165,"01",1,"8324","6023",3,"8",6,"0002000000","0024000000","0002000000","0024000000",NA,NA,"2000000","24000000"
1080060157,"01",1,"6113","7498",1,"8",6,"0006500000","0045200000","0003336670","0040040040","0003000000","0","6336670","40040040"
1080060161,"01",1,"8324","6023",3,"10",6,"0002000000","0024000000","0002000000","0024000000",NA,NA,"2000000","24000000"
1080060153,"03",1,"9314","4521",3,"8",3,"0001200000","0008000000","0001200000","0008000000",NA,NA,"1200000","8000000"
1080052057,"04",1,"7233","2911",3,"10",6,"0000900000","0010800000","0000900000","0010800000",NA,NA,"900000","10800000"
1080052060,"01",1,"2320","8021",1,"8",6,"0005600000","0069700000","0004952000","0059424000",NA,"0002500000","4952000","61924000"
1080052051,"01",1,"2320","8021",1,"8",6,"0006500000","0081000000","0005681000","0068172000",NA,"0003000000","5681000","71172000"
1080052051,"02",1,"2320","8021",1,"8",4,"0004700000","0059400000","0004223000","0050676000",NA,"0003000000","4223000","53676000"
1080088014,"02",1,"4111","7513",1,"8",6,"0004580000","0054960000","0004259400","0051112800",NA,"0003800000","4259400","54912800"
1080088005,"01",1,"0111","7522",1,"8",6,"0004650000","0055800000","0004259400","0051112800",NA,"0003800000","4259400","54912800"
1080088007,"01",1,"7417","1545",3,"8",6,"0004500000","0054000000","0004185000","0050220000",NA,"0003000000","4185000","53220000"
1080088007,"03",1,"7417","1545",3,"8",6,"0002000000","0026000000","0002000000","0024000000","0","0002000000","2000000","26000000"
1080088007,"04",1,"7417","1545",3,"8",6,"0003200000","0040400000","0003200000","0038400000",NA,"0002000000","3200000","40400000"
1080088007,"05",1,"7417","1545",3,"8",6,"0003800000","0047600000","0003800000","0045600000",NA,"0002000000","3800000","47600000"
1080088010,"01",1,"7231","5020",3,"10",6,"0004800000","0061600000","0004464000","0053568000","0","0004000000","4464000","57568000"
1080088001,"01",1,"9141","7498",3,"8",6,"0004250000","0057000000","0003952500","0047430000",NA,"0006000000","3952500","53430000"
1080120064,"01",1,"9152","4100",1,"8",6,"0004600000","0061200000","0004278000","0051336000","0","0006000000","4278000","57336000"
1080128008,"01",1,"8331","0111",3,"8",3,"0002000000","0024000000","0002000000","0024000000",NA,NA,"2000000","24000000"
1080124219,"02",1,"2114","1545",3,"6",6,"0000700000","0008500000","0000700000","0008500000",NA,NA,"700000","8500000"
1080124231,"01",1,"7417","1545",3,"6",6,"0002000000","0024000000","0002000000","0024000000",NA,NA,"2000000","24000000"
1080064062,"01",1,"3435","5222",3,"8",6,"0006100000","0075000000","0004682667","0056192000","0001100000","0015000000","5782667","71192000"
1080064062,"02",1,"2230","8511",1,"8",6,"0006000000","0075000000","0005460000","0065520000",NA,"0003000000","5460000","68520000"
1080064056,"03",1,"5220","5231",3,"8",6,"0001200000","0014400000","0001200000","0014400000",NA,NA,"1200000","14400000"
1080064056,"04",1,"8324","6023",3,"18",4,"0002000000","0024000000","0002000000","0024000000",NA,NA,"2000000","24000000"
1080064066,"01",2,"7422","2022",3,NA,NA,"0","0030000000","0","0030000000","0","0","0","30000000"
1080136160,"01",1,"8322","0201",3,"8",6,"0004000000","0054000000","0003813334","0045760008",NA,"0006000000","3813334","51760008"
1080136158,"01",1,"7111","1010",1,"8",6,"0005500000","0070000000","0004871000","0058452000",NA,"0004000000","4871000","62452000"
1080136151,"01",1,"9211","0126",3,"10",7,"0003500000","0042000000","0003336667","0040040004",NA,NA,"3336667","40040004"
1080048213,"01",1,"0112","7522",1,"8",6,"0012500000","0106000000","0007301000","0087612000","0004000000","0","11301000","87612000"
1080004177,"02",1,"4190","7523",1,"8",4,"0001000000","0012000000","0001000000","0012000000","0","0","1000000","12000000"
1080036101,"01",1,"9314","4521",3,"8",4,"0001200000","0014000000","0001200000","0014000000",NA,NA,"1200000","14000000"
1080036097,"01",1,"7341","2221",3,"10",6,"0008000000","0052000000","0003813340","0045760080","0004000000","0","7813340","45760080"
1080036093,"02",1,"9314","4521",3,"8",3,"0001200000","0009000000","0001200000","0009000000","0","0","1200000","9000000"
1080072064,"01",1,"8322","6022",3,"8",6,"0003000000","0036000000","0003000000","0036000000","0","0","3000000","36000000"
1080068253,"04",1,"9314","4521",3,"8",4,"0000900000","0010000000","0000900000","0010000000","0","0","900000","10000000"
1080068253,"07",1,"9314","4521",3,"8",3,"0000800000","0008500000","0000800000","0008500000","0","0","800000","8500000"
1080068260,"03",1,"9314","4521",3,"8",3,"0000900000","0011000000","0000900000","0011000000","0","0","900000","11000000"
1080068257,"03",1,"9314","4521",3,"8",4,"0000900000","0008000000","0000900000","0008000000","0","0","900000","8000000"
1080068257,"04",1,"9314","4521",3,"8",3,"0000700000","0006500000","0000700000","0006500000","0","0","700000","6500000"
1080068257,"05",1,"9314","4521",3,"8",2,"0000400000","0006000000","0000400000","0006000000","0","0","400000","6000000"
1080068257,"06",1,"9314","4521",3,"8",3,"0000500000","0006000000","0000500000","0006000000","0","0","500000","6000000"
1080068257,"07",1,"9314","4521",3,"8",2,"0000500000","0004500000","0000500000","0004500000","0","0","500000","4500000"
1080068250,"01",2,"7501","1724",3,NA,NA,"0","0008500000","0","0008500000","0","0","0","8500000"
1080132152,"01",1,"9211","0113",3,"8",6,"0003000000","0036000000","0003000000","0036000000","0","0","3000000","36000000"
1080132154,"01",1,"9314","4521",3,"8",3,"0002500000","0030000000","0002500000","0030000000","0","0","2500000","30000000"
1080132149,"03",1,"3134","7494",3,"4",3,"0001500000","0020000000","0001500000","0020000000","0","0","1500000","20000000"
1080116113,"01",1,"7218","3610",3,"9",6,"0004000000","0048000000","0003813333","0045759996","0","0","3813333","45759996"
1080116114,"01",1,"7417","1545",3,"8",6,"0003000000","0036000000","0003000000","0036000000","0","0","3000000","36000000"
1080116114,"02",1,"7417","1545",3,"8",5,"0002000000","0024000000","0002000000","0024000000","0","0","2000000","24000000"
1080116114,"03",1,"9314","4540",3,"8",6,"0002500000","0030000000","0002500000","0030000000","0","0","2500000","30000000"
1080116119,"01",1,"7137","4532",3,"10",6,"0004100000","0049200000","0004100000","0049200000","0","0","4100000","49200000"
1080100203,"01",1,"1426","6411",1,"8",6,"0009100000","0109200000","0009100000","0109200000","0","0","9100000","109200000"
1080100199,"01",1,"7218","3610",3,"10",6,"0004000000","0048000000","0004000000","0048000000","0","0","4000000","48000000"
1080108011,"01",1,"9152","1518",3,"8",6,"0004100000","0053200000","0003813000","0045756000","0","0004000000","3813000","49756000"
1080108008,"01",1,"2144","6421",3,"8",6,"0007300000","0081600000","0005659000","0067908000","0001000000","0006000000","6659000","73908000"
1080108014,"01",1,"8322","6022",3,"10",6,"0003100000","0031000000","0003100000","0031000000","0","0","3100000","31000000"
1080008192,"01",1,"2320","8022",1,"6",6,"0010500000","0128600000","0008921000","0107052000",NA,"0002600000","8921000","109652000"
1080008188,"01",1,"2114","4522",3,"8",6,"0005000000","0062500000","0004682667","0056192004","0","0002500000","4682667","58692004"
1080028171,"03",1,"1427","1320",3,"8",6,"0005000000","0060000000","0004682667","0056192004",NA,NA,"4682667","56192004"
1080044050,"01",1,"3431","7523",1,"8",6,"0004890000","0065680000","0004588800","0055065600","0","0007000000","4588800","62065600"
1080044054,"01",1,"0112","7522",1,"8",6,"0009500000","0119000000","0008111000","0097332000",NA,"0005000000","8111000","102332000"
1080044057,"01",1,"3475","8021",1,"6",6,"0007120000","0088440000","0006183200","0074198400",NA,"0003000000","6183200","77198400"
1080076098,"01",1,"3416","4522",3,"8",6,"0004520000","0054240000","0004203600","0050443200","0","0003000000","4203600","53443200"
1080076095,"01",1,"7422","2022",3,"10",6,"0004650000","0055800000","0004650000","0055800000",NA,"0","4650000","55800000"
1080076102,"01",1,"4113","5148",3,"8",6,"0004200000","0050400000","0003906000","0046872000","0","0003000000","3906000","49872000"
1080140011,"02",1,"7437","1721",3,"7",5,"0000800000","0009000000","0000800000","0009000000","0","0","800000","9000000"
1080024052,"01",1,"5130","7498",3,"8",3,"0007000000","0042100000","0003336667","0040040004","0003500000","0","6836667","40040004"
1080024053,"01",1,"9314","4521",3,"8",6,"0001500000","0017000000","0001500000","0017000000","0","0","1500000","17000000"
1080104250,"01",1,"7221","2811",3,"8",6,"0004100000","0053200000","0003908667","0046904004","0","0004000000","3908667","50904004"
1080104248,"01",1,"5169","7511",3,"8",6,"0007300000","0084000000","0005962667","0071552004","0000800000","0006000000","6762667","77552004"
1080104259,"01",1,"7218","5020",3,"8",6,"0004000000","0048000000","0003813333","0045759996","0","0","3813333","45759996"
1080104257,"01",1,"9333","1555",3,"8",6,"0004500000","0060000000","0004290000","0051480000","0","0006000000","4290000","57480000"
1080080008,"01",1,"8324","6023",3,"10",6,"0008450000","0101400000","0008450000","0101400000","0","0","8450000","101400000"
1080080014,"01",1,"2461","9193",3,"1",5,"0000600000","0007200000","0000600000","0007200000","0","0","600000","7200000"
1080080001,"01",1,"8231","2511",3,"8",5,"0006800000","0090100000","0006256000","0075072000","0","0008500000","6256000","83572000"
1080084117,"01",1,"9314","4521",3,"8",6,"0003200000","0032000000","0003200000","0032000000","0","0","3200000","32000000"
1080084123,"01",1,"4190","7511",1,"8",6,"0004350000","0058200000","0004045500","0048546000","0","0006000000","4045500","54546000"
1080084119,"01",1,"9141","7511",3,"8",6,"0004200000","0056400000","0003906000","0046872000","0","0006000000","3906000","52872000"
1080124225,"01",1,"7417","1545",3,"6",6,"0003500000","0042000000","0003336670","0040040040",NA,NA,"3336670","40040040"
1080124228,"01",1,"9314","4521",3,"8",3,"0001200000","0013500000","0001200000","0013500000",NA,NA,"1200000","13500000"
1080016001,"01",1,"9314","4521",3,"8",2,"0000500000","0006000000","0000500000","0006000000","0","0","500000","6000000"
1080016001,"02",1,"5130","7493",3,"6",6,"0003000000","0040000000","0002860000","0034320000","0","0004000000","2860000","38320000"
1080016004,"02",1,"2230","8511",1,"8",7,"0005000000","0063000000","0004682667","0056192004","0","0003000000","4682667","59192004"
1080016011,"02",1,"1429","8021",1,"6",6,"0005500000","0069000000","0004871000","0058452000","0","0003000000","4871000","61452000"
1080016011,"03",1,"2320","8021",1,"6",6,"0005400000","0067800000","0004790000","0057480000","0","0003000000","4790000","60480000"
1080016011,"04",1,"2320","8021",3,"4",3,"0000250000","0003000000","0000250000","0003000000","0","0","250000","3000000"
1080016011,"05",1,"3152","4010",3,"8",6,"0003500000","0035000000","0003336667","0033366670","0","0","3336667","33366670"
1080016013,"01",1,"2213","7513",3,"5",6,"0002000000","0020000000","0002000000","0020000000","0","0","2000000","20000000"
1080012106,"01",1,"8322","4522",3,"8",6,"0006000000","0072000000","0004682667","0056192004","0001000000","0","5682667","56192004"
1080012109,"01",1,"9314","4521",3,"8",3,"0001500000","0018000000","0001500000","0018000000","0","0","1500000","18000000"
1080012112,"01",1,"9314","4521",3,"8",3,"0001500000","0018000000","0001500000","0018000000","0","0","1500000","18000000"
1080092153,"01",1,"2320","8021",1,"4",5,"0007200000","0086400000","0006100000","0073200000","0","0003180000","6100000","76380000"
1080092147,"01",1,"7111","1410",3,"8",6,"0005600000","0073200000","0005208000","0062496000","0","0006000000","5208000","68496000"
1080092143,"01",1,"5220","3000",3,"8",6,"0004200000","0054900000","0003906000","0046872000","0","0004500000","3906000","51372000"
1080092155,"01",1,"4190","8090",1,"6",6,"0003200000","0040400000","0003200000","0038400000","0","0002000000","3200000","40400000"
1080032113,"02",1,"7231","5020",3,"6",4,"0001500000","0018000000","0001500000","0018000000","0","0","1500000","18000000"
1080032119,"01",1,"9211","0113",3,"8",6,"0001500000","0018000000","0001430000","0017160000","0","0","1430000","17160000"
1080020001,"01",1,"0112","7522",1,"8",6,"0006721771","0083661252","0005860635","0070327620","0","0003000000","5860635","73327620"
1080020005,"02",1,"4190","8012",1,"5",6,"0004000000","0051000000","0003640000","0043680000","0","0003000000","3640000","46680000"
1080020008,"01",1,"9314","4521",3,"8",6,"0003000000","0036000000","0002860000","0034320000","0","0","2860000","34320000"
1080020012,"04",1,"2320","8513",3,"8",6,"0003500000","0045000000","0003336667","0040040004","0","0003000000","3336667","43040004"
1080020014,"01",1,"2351","8031",3,"8",6,"0007100000","0094200000","0006474667","0077696004","0","0009000000","6474667","86696004"
1080020014,"02",1,"2320","8021",1,"4",6,"0006200000","0077400000","0005438000","0065256000","0","0003000000","5438000","68256000"
1080112064,"01",1,"9152","4010",1,"8",6,"0004850000","0061300000","0004647267","0055767204","0","0003180000","4647267","58947204"
1080112060,"01",1,"7123","4521",3,"8",6,"0003200000","0038400000","0003200000","0038400000","0","0","3200000","38400000"
1080096001,"01",1,"5220","5235",3,"10",6,"0004000000","0048000000","0003720000","0044640000","0","0003000000","3720000","47640000"
1090157166,"01",2,"9211","0111",3,NA,NA,"0","0002000000","0","0002000000","0","0","0","2000000"
1090157166,"02",1,"9314","4521",3,"8",3,"0001600000","0015200000","0001600000","0015200000","0","0","1600000","15200000"
1090157163,"01",1,"9314","4521",3,"8",4,"0001800000","0016200000","0001800000","0016200000","0","0","1800000","16200000"
1090157163,"02",2,"9211","0111",3,NA,NA,"0","0005000000","0","0005000000","0","0","0","5000000"
1090025205,"01",1,"9314","4521",3,"8",6,"0002700000","0025000000","0002700000","0025000000","0","0","2700000","25000000"
1090025205,"03",1,"7212","2892",3,"9",5,"0003250000","0028500000","0003250000","0028500000","0","0","3250000","28500000"
1090025205,"04",2,"9314","4521",3,NA,NA,"0","0018000000","0","0018000000","0","0","0","18000000"
1090013163,"01",1,"9211","0111",3,"8",3,"0001560000","0018200000","0001560000","0018200000","0","0","1560000","18200000"
1090013169,"01",1,"7123","2695",3,"8",4,"0002400000","0022000000","0002400000","0022000000","0","0","2400000","22000000"
1090013169,"01",2,"9211","0111",3,NA,NA,"0","0005000000","0","0005000000","0","0","0","5000000"
1090013174,"03",2,"5123","5521",3,NA,NA,"0","0004000000","0","0004000000","0","0","0","4000000"
1090013166,"03",1,"9314","4521",3,"8",4,"0001470000","0016000000","0001470000","0016000000","0","0","1470000","16000000"
1090013169,"02",1,"9211","0111",3,"8",3,"0001080000","0004900000","0001080000","0004900000","0","0","1080000","4900000"
1090137118,"01",1,"7126","4523",3,"10",3,"0001920000","0021000000","0001920000","0021000000","0","0","1920000","21000000"
1090137118,"03",2,"9314","4521",3,NA,NA,"0","0006500000","0","0006500000","0","0","0","6500000"
1090137114,"01",1,"7221","5020",3,"9",6,"0002700000","0038350000","0002700000","0038350000","0","0","2700000","38350000"
1090133136,"03",1,"8324","6023",3,"12",4,"0002000000","0024000000","0002000000","0024000000","0","0","2000000","24000000"
1090049168,"01",1,"4190","7512",3,"12",7,"0006100000","0072900000","0004099400","0049192800","0001716000","0020306000","5815400","69498800"
1090049176,"01",1,"4212","6512",1,"9",6,"0007670000","0094273000","0004902000","0058334000","0002001000","0026512000","6903000","84846000"
1090049174,"01",1,"7218","3430",3,"10",6,"0003200000","0038400000","0002800000","0033600000","0000400000","0004800000","3200000","38400000"
1090049174,"04",1,"7411","1515",3,"9",6,"0003000000","0036000000","0003000000","0036000000","0","0","3000000","36000000"
1090133140,"03",1,"9314","4521",3,"8",4,"0001920000","0023040000","0001920000","0023040000","0","0","1920000","23040000"
1090133140,"04",1,"9314","4521",3,"8",4,"0001600000","0019200000","0001600000","0019200000","0","0","1600000","19200000"
1090133140,"06",1,"8281","3591",3,"8",6,"0000600000","0007200000","0000600000","0007200000","0","0","600000","7200000"
1090133148,"01",1,"9211","0113",3,"8",5,"0001400000","0016800000","0001400000","0016800000","0","0","1400000","16800000"
1090133148,"02",1,"9211","0113",3,"8",5,"0001400000","0016800000","0001400000","0016800000","0","0","1400000","16800000"
1090133148,"03",1,"8324","6023",3,"12",4,"0002150000","0025800000","0002050000","0024600000","0","0","2050000","24600000"
1090097168,"01",1,"7422","3610",3,"9",6,"0002600000","0031200000","0002600000","0031200000","0","0","2600000","31200000"
1090145199,"03",2,"0112","7522",1,NA,NA,"0","0003840000","0","0003840000","0","0","0","3840000"
1090145203,"01",1,"4223","4020",1,"8",6,"0006712850","0087621630","0006289700","0065374200","0","0016112430","6289700","81486630"
1090073054,"01",1,"8322","6021",3,"8",4,"0003000000","0029500000","0003000000","0029500000","0","0","3000000","29500000"
1090145206,"01",1,"7245","4010",1,"8",6,"0007825910","0099827280","0006512900","0075571660","0000785000","0016429700","7297900","92001360"
1090097177,"02",1,"9131","7493",3,"4",3,"0000780000","0004500000","0000780000","0004500000","0","0","780000","4500000"
1090097177,"03",2,"7422","3610",3,NA,NA,"0","0000300000","0","0000300000","0","0","0","300000"
1090097173,"01",1,"9152","7498",3,"8",6,"0006874920","0049825760","0003412500","0040805700","0003000000","0005270000","6412500","46075700"
1090097165,"01",1,"9132","5521",3,"8",6,"0001800000","0001800000","0001800000","0001800000","0","0","1800000","1800000"
1090097165,"01",2,"9132","5511",3,NA,NA,"0","0013700000","0","0013700000","0","0","0","13700000"
1090097165,"02",2,"4211","5511",3,NA,NA,"0","0001000000","0","0001000000","0","0","0","1000000"
1090073061,"01",1,"9160","7498",3,"8",6,"0002950000","0040920000","0002500000","0030500000","0","0006800000","2500000","37300000"
1090073061,"03",2,"9314","4521",3,NA,NA,"0","0000500000","0","0000500000","0","0","0","500000"
1090073058,"01",1,"9132","5231",3,"9",6,"0003187900","0047128200","0002750000","0033778200","0","0008250000","2750000","42028200"
1090073058,"03",1,"9314","4521",3,"8",3,"0001850000","0015200000","0001850000","0015200000","0","0","1850000","15200000"
1090073058,"04",2,"9314","4521",3,NA,NA,"0","0013800000","0","0013800000","0","0","0","13800000"
1090121055,"01",1,"9132","7020",3,"10",6,"0001500000","0001500000","0001500000","0001500000","0","0","1500000","1500000"
1090121055,"01",2,"3429","5129",3,NA,NA,"0","0015000000","0","0015000000","0","0","0","15000000"
1090121051,"04",1,"5122","5521",3,"8",6,"0002500000","0027000000","0002500000","0027000000","0","0","2500000","27000000"
1090121051,"05",2,"5122","5521",3,NA,NA,"0","0019800000","0","0019800000","0","0","0","19800000"
1090041210,"01",1,"9314","4521",3,"8",5,"0003120000","0041750000","0002620000","0034000000","0","0004000000","2620000","38000000"
1090041212,"01",1,"9314","4521",3,"8",4,"0002400000","0012500000","0002400000","0012500000","0","0","2400000","12500000"
1090041212,"01",2,"8212","2930",3,NA,NA,"0","0011800000","0","0011800000","0","0","0","11800000"
1090109014,"01",1,"7218","3430",3,"12",6,"0003900000","0045400000","0003146000","0034606000","0000572000","0008675000","3718000","43281000"
1090109001,"02",1,"9131","7493",3,"10",3,"0001320000","0017160000","0001320000","0017160000","0","0","1320000","17160000"
1090041205,"01",1,"7433","1810",3,"9",6,"0002650000","0037180000","0002350000","0031200000","0","0004200000","2350000","35400000"
1090041205,"03",1,"7433","1810",3,"9",6,"0002200000","0026500000","0002200000","0026500000","0","0","2200000","26500000"
1090041205,"06",1,"7126","4521",3,"8",4,"0001700000","0004200000","0001700000","0004200000","0","0","1700000","4200000"
1090041205,"06",2,"9314","4521",3,NA,NA,"0","0005800000","0","0005800000","0","0","0","5800000"
1090085057,"01",1,"8322","6023",3,"8",5,"0003000000","0035000000","0003000000","0035000000","0","0","3000000","35000000"
1090109012,"01",1,"5123","7411",3,"4",6,"0001655000","0016505000","0001655000","0016505000","0","0","1655000","16505000"
1090041218,"01",1,"7131","4521",3,"7",3,"0001500000","0016200000","0001500000","0016200000","0","0","1500000","16200000"
1090037160,"01",1,"7137","4532",3,"12",3,"0003500000","0039000000","0003500000","0039000000","0","0","3500000","39000000"
1090037167,"01",1,"4190","7512",1,"12",6,"0008500000","0099713000","0005723500","0065370800","0001638000","0021094000","7361500","86464800"
1090085057,"03",1,"3435","5231",3,"9",6,"0003200000","0041000000","0002750000","0032500000","0","0005000000","2750000","37500000"
1090085057,"04",2,"0112","7522",1,NA,NA,"0","0002170000","0","0002170000","0","0","0","2170000"
1090085057,"04",1,"9333","2691",3,"10",6,"0002750000","0017200000","0002750000","0017200000","0","0","2750000","17200000"
1090085057,"05",1,"7133","4540",3,"8",3,"0001800000","0015200000","0001800000","0015200000","0","0","1800000","15200000"
1090061060,"01",1,"7131","4521",3,"8",4,"0002700000","0024000000","0002700000","0024000000","0","0","2700000","24000000"
1090085063,"01",1,"8223","3430",3,"10",6,"0003287000","0057610800","0002973000","0037398400","0","0015112400","2973000","52510800"
1090085058,"01",1,"0112","7522",1,"7",6,"0005112870","0081928760","0004518200","0056974890","0","0017128430","4518200","74103320"
1090017063,"01",1,"2411","2899",3,"8",6,"0005000000","0066240000","0004400000","0055440000","0","0003000000","4400000","58440000"
1090017063,"02",1,"2331","8012",1,"2",6,"0001000000","0009000000","0001000000","0009000000","0","0","1000000","9000000"
1090017063,"02",2,"2331","8012",3,NA,NA,"0","0013300000","0","0013300000","0","0","0","13300000"
1090017060,"01",1,"4212","6512",1,"8",6,"0003815000","0052075300","0003500000","0044800000","0","0003000000","3500000","47800000"
1090061066,"01",1,"7241","3150",3,"9",6,"0003000000","0046156000","0002700000","0033452000","0","0008960000","2700000","42412000"
1090061066,"02",1,"9131","7493",3,"5",1,"0000400000","0000400000","0000400000","0000400000","0","0","400000","400000"
1090149010,"02",1,"2331","8012",1,"4",6,"0005443015","0065435228","0004928758","0056355233","0","0002912000","4928758","59267233"
1090061070,"01",1,"5220","5240",3,"5",1,"0001500000","0004800000","0001500000","0004800000","0","0","1500000","4800000"
1090061070,"03",1,"5123","5521",3,"8",7,"0001500000","0007800000","0001500000","0007800000","0","0","1500000","7800000"
1090061070,"03",2,"9132","1546",3,NA,NA,"0","0002700000","0","0002700000","0","0","0","2700000"
1090061070,"03",2,"5220","5232",3,NA,NA,"0","0003000000","0","0003000000","0","0","0","3000000"
1090001004,"01",1,"8322","6023",3,"8",3,"0002500000","0027000000","0002500000","0027000000","0","0","2500000","27000000"
1090001007,"01",1,"3228","5231",3,"8",6,"0003000000","0051800000","0002500000","0037200000","0","0009200000","2500000","46400000"
1090001007,"02",1,"2331","8012",1,"4",6,"0002128000","0006825000","0001776000","0005037500","0","0","1776000","5037500"
1090001013,"01",1,"7218","5010",3,"8",6,"0005482900","0071816500","0004895600","0057370100","0","0008624000","4895600","65994100"
1090001013,"02",1,"5220","5232",3,"4",6,"0000350000","0004500000","0000350000","0004200000","0","0000300000","350000","4500000"
1090001013,"03",2,"9314","4521",3,NA,NA,"0","0001200000","0","0001200000","0","0","0","1200000"
1090129106,"01",1,"5169","8031",3,"12",6,"0007285000","0096162000","0006420000","0084744000","0","0003000000","6420000","87744000"
1090065058,"01",1,"9160","7493",3,"8",6,"0002985000","0045118200","0002600000","0032986200","0","0007182000","2600000","40168200"
1090065053,"01",2,"2331","8012",1,NA,NA,"0","0027182720","0","0022816000","0","0","0","22816000"
1090065053,"05",1,"2331","8012",3,"3",3,"0000150000","0002500000","0000150000","0002500000","0","0","150000","2500000"
1090077170,"02",2,"9211","0111",3,NA,NA,"0","0000700000","0","0000700000","0","0","0","700000"
1090077170,"02",2,"8275","1519",3,NA,NA,"0","0000140000","0","0000140000","0","0","0","140000"
1090077162,"02",1,"7414","1518",3,"4",5,"0000120000","0001500000","0000120000","0001500000","0","0","120000","1500000"
1090077162,"03",1,"5220","5223",3,"7",6,"0002000000","0019000000","0002000000","0019000000","0","0","2000000","19000000"
1090021059,"01",1,"7241","5260",3,"9",6,"0002800000","0033600000","0002800000","0033600000","0","0","2800000","33600000"
1090077164,"02",1,"5220","5232",3,"8",6,"0000700000","0008000000","0000700000","0008000000","0","0","700000","8000000"
1090077164,"03",1,"9211","0111",3,"7",3,"0000600000","0007200000","0000600000","0007200000","0","0","600000","7200000"
1090021060,"01",1,"8322","6022",3,"3",3,"0001500000","0018000000","0001500000","0018000000","0","0","1500000","18000000"
1090021060,"01",1,"3475","9241",3,"8",6,"0002500000","0030000000","0002500000","0030000000","0","0","2500000","30000000"
1090009055,"01",1,"4190","8021",1,"8",6,"0004680000","0057737000","0004200000","0048930000","0","0003000000","4200000","51930000"
1090057009,"01",1,"2461","9193",3,"6",7,"0000600000","0007200000","0000600000","0007200000","0","0","600000","7200000"
1090057009,"04",1,"7433","1810",3,"9",6,"0002500000","0030000000","0002500000","0030000000","0","0","2500000","30000000"
1090057009,"05",1,"8321","7430",3,"10",6,"0003000000","0037000000","0003000000","0037000000","0","0","3000000","37000000"
1090141113,"01",1,"2221","8511",1,"8",6,"0006560000","0076722000","0005600000","0062720000","0","0003000000","5600000","65720000"
1090141113,"02",1,"2222","8513",1,"6",6,"0004830000","0057346000","0004200000","0047040000","0","0003000000","4200000","50040000"
1090141108,"01",1,"4122","7511",1,"8",6,"0006000000","0075159000","0005280000","0063286080","0","0003000000","5280000","66286080"
1090141103,"01",1,"2490","7512",1,"8",6,"0005050000","0060621000","0004500000","0051120000","0","0003000000","4500000","54120000"
1090009059,"01",1,"7245","4010",1,"11",6,"0007000000","0085230270","0006450000","0072756000","0","0005800000","6450000","78556000"
1090005048,"02",2,"5220","5233",3,NA,NA,"0","0017180000","0","0014000000","0","0","0","14000000"
1090005052,"04",1,"0112","7522",1,"10",7,"0000330000","0003570000","0000330000","0003570000","0","0","330000","3570000"
1090005060,"01",1,"7126","4521",3,"8",4,"0004000000","0027600000","0004000000","0027600000","0","0","4000000","27600000"
1090005060,"01",2,"7126","4521",3,NA,NA,"0","0021400000","0","0018700000","0","0","0","18700000"
1090005060,"03",2,"5220","5222",3,NA,NA,"0","0005900000","0","0005900000","0","0","0","5900000"
1090069187,"01",1,"7325","2697",3,"9",6,"0004227800","0056187200","0003650000","0045162200","0","0007125000","3650000","52287200"
1090069187,"03",1,"4190","7498",3,"7",6,"0002850000","0035400000","0002500000","0031200000","0","0001200000","2500000","32400000"
1090069187,"04",2,"9320","2899",3,NA,NA,"0","0006700000","0","0006700000","0","0","0","6700000"
1090041215,"01",1,"7141","4540",3,"8",3,"0001700000","0021800000","0001700000","0021800000","0","0","1700000","21800000"
1090041215,"03",1,"0112","7522",1,"8",7,"0000300000","0003250000","0000300000","0003250000","0","0","300000","3250000"
1090093155,"01",1,"5123","5010",3,"9",6,"0003500000","0045000000","0003000000","0035000000","0","0005000000","3000000","40000000"
1090093155,"03",1,"4222","8514",3,"5",6,"0002000000","0022000000","0002000000","0021000000","0","0001000000","2000000","22000000"
1090029122,"01",1,"9314","4521",3,"8",4,"0001920000","0017280000","0001920000","0017280000","0","0","1920000","17280000"
1090029122,"03",2,"9314","4521",3,NA,NA,"0","0011520000","0","0011520000","0","0","0","11520000"
1090029122,"05",1,"9314","4521",3,"8",4,"0001760000","0016720000","0001760000","0016720000","0","0","1760000","16720000"
1090021055,"01",1,"3231","8517",1,"8",6,"0006577100","0078574602","0005644136","0064854317","0000364000","0006912566","6008136","71766883"
1090045150,"03",1,"4190","6719",3,"7",6,"0003000000","0035000000","0002500000","0029000000","0","0002000000","2500000","31000000"
1090149006,"01",1,"2320","8021",1,"4",6,"0006397976","0076654216","0005745412","0065692824","0","0003185000","5745412","68877824"
1090149006,"02",1,"2331","8012",1,"4",6,"0005894040","0070392231","0005264380","0060192722","0","0002730000","5264380","62922722"
1090149013,"01",1,"7122","4521",3,"8",5,"0003000000","0027000000","0003000000","0027000000","0","0","3000000","27000000"
1090149009,"02",1,"2331","8012",1,"4",6,"0005228900","0063037045","0004752621","0054341289","0","0002957500","4752621","57298789"
1090153054,"01",1,"9314","4521",3,"8",4,"0002100000","0017800000","0002100000","0017800000","0","0","2100000","17800000"
1090153054,"05",1,"9314","4521",3,"8",2,"0000700000","0004200000","0000700000","0004200000","0","0","700000","4200000"
1090153055,"01",2,"8324","6023",3,NA,NA,"0","0032000000","0","0032000000","0","0","0","32000000"
1090045151,"01",1,"1410","2695",3,"8",6,"0007125800","0098124600","0006512000","0075250000","0","0013850000","6512000","89100000"
1090045156,"01",1,"7137","8511",3,"8",6,"0004518900","0057128400","0003548200","0041169400","0000518000","0009815000","4066200","50984400"
1090069191,"01",1,"7422","2022",3,"9",6,"0004387600","0059187200","0003850000","0046120000","0","0008125600","3850000","54245600"
1090093163,"01",1,"2320","8021",1,"6",6,"0007512810","0100687180","0006721700","0079055480","0","0014128940","6721700","93184420"
1090153065,"03",2,"9211","0111",3,NA,NA,"0","0000700000","0","0000700000","0","0","0","700000"
1090153061,"01",1,"7126","4523",3,"8",4,"0002900000","0025000000","0002900000","0025000000","0","0","2900000","25000000"
1090153060,"01",1,"3480","9194",3,"3",2,"0000300000","0006200000","0000300000","0006200000","0","0","300000","6200000"
1090153060,"01",1,"3480","9194",3,"4",3,"0000400000","0005000000","0000400000","0005000000","0","0","400000","5000000"
1090153060,"01",1,"2461","9193",3,"5",6,"0002000000","0021000000","0002000000","0021000000","0","0","2000000","21000000"
1090081006,"03",1,"7433","1810",3,"9",6,"0002000000","0017500000","0002000000","0017500000","0","0","2000000","17500000"
1090081003,"01",1,"7126","4521",3,"8",5,"0005000000","0042800000","0005000000","0042800000","0","0","5000000","42800000"
1090105167,"01",1,"9314","4521",3,"8",4,"0002000000","0020000000","0002000000","0020000000","0","0","2000000","20000000"
1090105167,"04",1,"5123","5511",3,"10",7,"0002800000","0033400000","0002669000","0029925000","0","0002383000","2669000","32308000"
1090105161,"03",1,"6113","9003",3,"8",7,"0002700000","0033100000","0002574000","0029172000","0","0002383000","2574000","31555000"
1090105171,"01",1,"8322","6023",3,"11",6,"0003750000","0046800000","0003750000","0046800000","0","0","3750000","46800000"
1090033100,"01",1,"5220","5236",3,"6",6,"0004800000","0062500000","0004800000","0062500000","0","0","4800000","62500000"
1090033100,"01",1,"0112","7511",1,"7",6,"0000620000","0005280000","0000620000","0005280000","0","0","620000","5280000"
1090129100,"01",1,"7122","4521",3,"10",6,"0004536000","0057364500","0004200000","0048930000","0","0004000000","4200000","52930000"
1090101015,"01",1,"3413","7020",3,"8",7,"0003000000","0030000000","0003000000","0030000000","0","0","3000000","30000000"
1090101003,"03",1,"8321","5521",3,"5",6,"0001620000","0018720000","0001620000","0018720000","0","0","1620000","18720000"
1090021068,"01",1,"2331","8012",1,"4",6,"0006800000","0080088000","0005753647","0066205373","0000265553","0004786699","6019200","70992072"
1090021068,"02",1,"2320","8021",1,"6",4,"0006200000","0075041000","0005527800","0063472928","0","0003385651","5527800","66858579"
1090021064,"01",1,"4190","5144",3,"11",6,"0003000000","0036500000","0002860000","0032175000","0","0002622000","2860000","34797000"
1090121060,"01",1,"1410","6512",1,"10",6,"0008221500","0097469850","0006353470","0073188520","0000705945","0010832058","7059415","84020578"
1090121060,"02",1,"2320","8021",1,"6",4,"0005617000","0069051000","0005000323","0062895900","0","0004095000","5000323","66990900"
1090085051,"01",1,"8323","6021",1,"8",6,"0007528940","0098731400","0006895800","0077416400","0","0014127560","6895800","91543960"
1090085051,"03",2,"5141","9302",3,NA,NA,"0","0015000000","0","0015000000","0","0","0","15000000"
1090009064,"01",1,"7137","4532",3,"4",4,"0000800000","0009600000","0000800000","0009600000","0","0","800000","9600000"
1090009064,"01",1,"7218","4020",3,"8",6,"0003646650","0050206170","0003150000","0036111957","0","0009200000","3150000","45311957"
1090113106,"01",1,"3213","0126",3,"6",4,"0004000000","0012000000","0004000000","0012000000","0","0","4000000","12000000"
1090113106,"01",2,"6122","0126",3,NA,NA,"0","0080100000","0","0060060000","0","0016302000","0","76362000"
1090109009,"02",1,"8322","5126",3,"8",6,"0002500000","0030000000","0002500000","0030000000","0","0","2500000","30000000"
1090101003,"04",1,"9152","2696",3,"12",7,"0001500000","0010500000","0001500000","0010500000","0","0","1500000","10500000"
1090101003,"05",1,"4113","7494",3,"4",6,"0000520000","0006240000","0000520000","0006240000","0","0","520000","6240000"
1090037171,"01",1,"9132","5126",3,"12",6,"0004000000","0048000000","0004000000","0048000000","0","0","4000000","48000000"
1090057002,"01",1,"3480","9194",3,"3",4,"0002400000","0020000000","0002400000","0020000000","0","0","2400000","20000000"
1090073067,"01",1,"7212","4521",3,"8",5,"0003000000","0032000000","0003000000","0032000000","0","0","3000000","32000000"
1090073063,"02",1,"9131","7493",3,"5",4,"0000700000","0003000000","0000500000","0002500000","0000200000","0000500000","700000","3000000"
1090017066,"01",1,"8324","6023",3,"15",5,"0004860000","0063180000","0004500000","0058500000","0","0","4500000","58500000"
1090089354,"02",1,"9132","5512",3,"6",3,"0002500000","0012800000","0002500000","0012800000","0","0","2500000","12800000"
1090141110,"01",1,"5123","4010",1,"8",6,"0004440000","0055159000","0004000000","0046680000","0","0003000000","4000000","49680000"
1090129113,"01",1,"2411","5223",3,"8",6,"0004000000","0050900000","0003600000","0040752000","0","0005200000","3600000","45952000"
1090129108,"02",1,"2230","8511",1,"8",6,"0004704000","0057288960","0004200000","0048258000","0","0003000000","4200000","51258000"
1090125064,"01",1,"8161","4100",3,"12",7,"0004665000","0055629250","0004300000","0049235000","0","0002000000","4300000","51235000"
1090121057,"01",2,"9152","7512",1,NA,NA,"0","0037800000","0","0031757000","0","0001601200","0","33358200"
1090109005,"01",1,"5220","5233",3,"7",6,"0001500000","0001500000","0001500000","0001500000","0","0","1500000","1500000"
1090093159,"01",1,"7326","2698",1,"8",6,"0005128750","0075125900","0004612500","0057847320","0","0011127830","4612500","68975150"
1090093159,"02",1,"7436","1729",3,"5",2,"0000230000","0002100000","0000230000","0002100000","0","0","230000","2100000"
1090061057,"01",1,"7122","4521",3,"8",2,"0002200000","0014000000","0002200000","0014000000","0","0","2200000","14000000"
1090061057,"03",1,"3152","8515",3,"6",6,"0001500000","0003000000","0001500000","0003000000","0","0","1500000","3000000"
1090101010,"01",1,"8324","6023",3,"12",7,"0005000000","0055000000","0005000000","0055000000","0","0","5000000","55000000"
1090101010,"03",1,"7313","3691",3,"8",6,"0000400000","0004800000","0000400000","0004800000","0","0","400000","4800000"
1090101010,"04",1,"8232","2520",3,"12",2,"0000800000","0009600000","0000800000","0009600000","0","0","800000","9600000"
1090117062,"01",1,"3432","6592",3,"9",6,"0008400000","0100300000","0006673000","0076648000","0001334000","0018970000","8007000","95618000"
1090117059,"03",1,"2142","7511",1,"8",6,"0004000000","0046500000","0003337000","0037466000","0000477000","0006864000","3814000","44330000"
1090117057,"03",1,"2144","3210",3,"5",6,"0003000000","0036000000","0003000000","0036000000","0","0","3000000","36000000"
1090113099,"01",1,"4190","6603",1,"12",6,"0018000000","0208800000","0013650000","0156050000","0002730000","0033940000","16380000","189990000"
1090157158,"01",1,"8331","0140",3,"8",5,"0002800000","0032800000","0002500000","0027500000","0","0001000000","2500000","28500000"
1090157158,"03",2,"7133","4540",3,NA,NA,"0","0013500000","0","0013500000","0","0","0","13500000"
1090157160,"01",1,"9211","0111",3,"8",3,"0001400000","0012800000","0001400000","0012800000","0","0","1400000","12800000"
1090157160,"01",1,"9314","4521",3,"6",2,"0000700000","0008500000","0000700000","0008500000","0","0","700000","8500000"
1090157154,"01",1,"9211","0113",3,"8",4,"0002000000","0011000000","0002000000","0011000000","0","0","2000000","11000000"
1090157154,"01",2,"9152","0113",3,NA,NA,"0","0004000000","0","0004000000","0","0","0","4000000"
1090157154,"04",2,"2411","1518",3,NA,NA,"0","0005000000","0","0005000000","0","0","0","5000000"
1090153060,"02",1,"2320","8021",1,"6",4,"0004628910","0065187520","0004178600","0051955680","0","0008125600","4178600","60081280"
1090121051,"06",1,"7133","4531",3,"10",6,"0002200000","0022000000","0002200000","0022000000","0","0","2200000","22000000"
1090149002,"01",1,"7136","4531",3,"8",3,"0003500000","0042000000","0003500000","0042000000","0","0","3500000","42000000"
1090038008,"01",1,"2141","4521",3,"6",3,"0003500000","0042000000","0003500000","0042000000","0","0","3500000","42000000"
1090098109,"03",2,"5220","5238",3,NA,NA,"0","0001000000","0","0001000000","0","0","0","1000000"
1090098119,"01",1,"7133","4540",3,"8",4,"0003000000","0021500000","0003000000","0021500000","0","0","3000000","21500000"
1090110111,"01",1,"0112","7523",1,"12",6,"0007000000","0084836300","0006456000","0075231768","0","0003000000","6456000","78231768"
1090110120,"02",1,"1429","8012",1,"6",6,"0006900000","0083845200","0006279000","0073338720","0","0003000000","6279000","76338720"
1090110125,"01",1,"4190","7511",1,"8",6,"0005625000","0068953000","0005118000","0059778240","0","0003000000","5118000","62778240"
1090122006,"04",1,"4190","9249",3,"8",3,"0002000000","0004800000","0002000000","0004800000","0","0","2000000","4800000"
1090122009,"04",1,"7241","5020",3,"8",6,"0000400000","0004700000","0000400000","0004700000","0","0","400000","4700000"
1090086004,"03",1,"7221","4522",3,"9",6,"0003000000","0003000000","0003000000","0003000000","0","0","3000000","3000000"
1090086004,"03",2,"7212","4521",3,NA,NA,"0","0015000000","0","0015000000","0","0","0","15000000"
1090086004,"04",1,"7221","2930",3,"8",6,"0002200000","0002200000","0002200000","0002200000","0","0","2200000","2200000"
1090086004,"04",2,"7231","5010",3,NA,NA,"0","0012000000","0","0012000000","0","0","0","12000000"
1090086008,"02",2,"7414","1518",3,NA,NA,"0","0000900000","0","0000900000","0","0","0","900000"
1090086015,"01",1,"3421","5238",3,"7",5,"0002000000","0025000000","0002000000","0025000000","0","0","2000000","25000000"
1090014005,"01",1,"2331","8012",1,"5",5,"0007734211","0109178521","0007024443","0085636017","0","0015127960","7024443","100763977"
1090014005,"03",2,"7141","4540",3,NA,NA,"0","0000600000","0","0000600000","0","0","0","600000"
1090014005,"04",2,"7132","4540",3,NA,NA,"0","0000500000","0","0000500000","0","0","0","500000"
1090014007,"01",1,"2331","8012",1,"5",5,"0007611940","0100612118","0006918500","0077792540","0","0014111750","6918500","91904290"
1090014007,"02",1,"3231","8511",1,"12",4,"0006721365","0086716190","0005401980","0068335347","0000906885","0012125687","6308865","80461034"
1090086012,"01",2,"7433","1810",3,NA,NA,"0","0016000000","0","0016000000","0","0","0","16000000"
1090014014,"01",1,"4190","5513",1,"8",5,"0007611725","0108578193","0006987225","0083907082","0","0016125611","6987225","100032693"
1090146055,"02",1,"4113","7491",3,"7",6,"0001340000","0016080000","0001340000","0016080000","0","0","1340000","16080000"
1090146062,"01",1,"7141","4540",3,"10",6,"0003000000","0036000000","0002790000","0033480000","0","0","2790000","33480000"
1090146050,"02",1,"7231","5020",3,"10",7,"0002000000","0021000000","0002000000","0021000000","0","0","2000000","21000000"
1090002189,"01",1,"9211","0111",3,"6",6,"0001500000","0018000000","0001500000","0018000000","0","0","1500000","18000000"
1090002189,"02",1,"9211","0111",3,"4",6,"0000500000","0006000000","0000500000","0006000000","0","0","500000","6000000"
1090002189,"03",1,"9211","0111",3,"6",6,"0001000000","0012000000","0001000000","0012000000","0","0","1000000","12000000"
1090062005,"02",1,"7212","2811",3,"9",6,"0002600000","0031200000","0002600000","0031200000","0","0","2600000","31200000"
1090062008,"01",1,"7126","4521",3,"8",4,"0004000000","0033000000","0004000000","0033000000","0","0","4000000","33000000"
1090062008,"03",1,"7331","5233",3,"9",5,"0001300000","0003000000","0001300000","0003000000","0","0","1300000","3000000"
1090134011,"01",1,"5123","3430",3,"8",6,"0003752000","0053127400","0003350000","0040880000","0","0007865000","3350000","48745000"
1090134003,"01",1,"3113","4010",1,"9",5,"0008695740","0114128711","0007876800","0089830254","0","0015914657","7876800","105744911"
1090134014,"01",1,"7141","4540",3,"8",5,"0002400000","0025000000","0002400000","0025000000","0","0","2400000","25000000"
1090050060,"01",1,"8322","7511",1,"7",6,"0004827920","0063527200","0003914300","0045912460","0000528600","0012976500","4442900","58888960"
1090050060,"04",1,"7422","2022",3,"8",3,"0001600000","0007500000","0001600000","0007500000","0","0","1600000","7500000"
1090050060,"04",2,"9314","4521",3,NA,NA,"0","0004800000","0","0004800000","0","0","0","4800000"
1090050066,"01",2,"8321","5521",3,NA,NA,"0","0014000000","0","0014000000","0","0","0","14000000"
1090050066,"02",1,"5141","9302",3,"6",6,"0000800000","0010000000","0000800000","0010000000","0","0","800000","10000000"
1090050069,"01",1,"3416","7511",1,"8",6,"0004682900","0065117320","0004257000","0049247000","0","0011562860","4257000","60809860"
1090050057,"01",2,"8124","3430",3,NA,NA,"0","0005000000","0","0005000000","0","0","0","5000000"
1090074001,"01",1,"9314","4521",3,"8",4,"0002600000","0025000000","0002600000","0025000000","0","0","2600000","25000000"
1090074001,"02",1,"7414","1518",3,"5",3,"0000080000","0000600000","0000080000","0000600000","0","0","80000","600000"
1090074006,"02",1,"5123","8012",3,"6",6,"0","0009150000","0","0007000000","0","0001500000","0","8500000"
1090074007,"03",2,"9320","1543",3,NA,NA,"0","0000580000","0","0000580000","0","0","0","580000"
1090074010,"01",1,"9152","7492",3,"10",6,"0002000000","0024000000","0002000000","0024000000","0","0","2000000","24000000"
1090074010,"01",2,"7122","4521",3,NA,NA,"0","0002500000","0","0002500000","0","0","0","2500000"
1090074013,"01",1,"9314","4521",3,"8",2,"0001000000","0003000000","0001000000","0003000000","0","0","1000000","3000000"
1090074013,"03",1,"9314","4521",3,"8",5,"0002800000","0026500000","0002800000","0026500000","0","0","2800000","26500000"
1090074013,"05",1,"9314","4521",3,"8",4,"0002400000","0022000000","0002400000","0022000000","0","0","2400000","22000000"
1090090006,"01",1,"5220","5234",3,"9",6,"0003000000","0040000000","0003000000","0038000000","0","0002000000","3000000","40000000"
1090090006,"01",1,"9141","9194",3,"4",7,"0002500000","0032000000","0002500000","0032000000","0","0","2500000","32000000"
1090042063,"03",2,"0112","7522",1,NA,NA,"0","0003150000","0","0003150000","0","0","0","3150000"
1090042063,"04",1,"7122","4540",3,"8",2,"0000800000","0005000000","0000800000","0005000000","0","0","800000","5000000"
1090090008,"04",2,"9314","4521",3,NA,NA,"0","0005000000","0","0005000000","0","0","0","5000000"
1090090008,"05",2,"5220","5238",3,NA,NA,"0","0016000000","0","0016000000","0","0","0","16000000"
1090090008,"06",2,"0112","7522",1,NA,NA,"0","0003200000","0","0003200000","0","0","0","3200000"
1090090008,"07",1,"5220","5223",3,"10",6,"0002500000","0030000000","0002500000","0030000000","0","0","2500000","30000000"
1090090008,"08",1,"5220","5223",3,"10",6,"0001500000","0020000000","0001500000","0020000000","0","0","1500000","20000000"
1090066148,"01",1,"2142","6599",3,"8",6,"0009000000","0128000000","0009000000","0110000000","0","0018000000","9000000","128000000"
1090066148,"02",1,"7436","1729",3,"6",5,"0000400000","0005000000","0000400000","0005000000","0","0","400000","5000000"
1090066151,"02",1,"9314","4521",3,"8",4,"0002500000","0025000000","0002500000","0025000000","0","0","2500000","25000000"
1090090012,"03",1,"3113","2697",3,"9",6,"0005470000","0077820000","0004850000","0051125000","0","0018600000","4850000","69725000"
1090090015,"01",1,"2331","8021",1,"4",6,"0011480021","0136948251","0007464266","0091431707","0002300000","0034174000","9764266","125605707"
1090126118,"01",2,"8333","4521",3,NA,NA,"0","0013200000","0","0011000000","0","0","0","11000000"
1090006011,"01",1,"9314","4521",3,"8",4,"0002400000","0021600000","0002400000","0021600000","0","0","2400000","21600000"
1090006013,"01",1,"0111","7522",1,"8",6,"0003700000","0049700000","0003367000","0039767000","0","0005460000","3367000","45227000"
1090078003,"01",1,"9314","2695",3,"9",6,"0003000000","0003000000","0003000000","0003000000","0","0","3000000","3000000"
1090078003,"01",2,"8332","4522",3,NA,NA,"0","0044000000","0","0037400000","0","0003600000","0","41000000"
1090078005,"01",2,"9211","0111",3,NA,NA,"0","0000200000","0","0000200000","0","0","0","200000"
1090006005,"01",1,"8322","6022",3,"12",6,"0002125000","0025500000","0002125000","0025500000","0","0","2125000","25500000"
1090078008,"01",1,"7126","4521",3,"8",4,"0004000000","0038000000","0004000000","0038000000","0","0","4000000","38000000"
1090078008,"03",1,"9314","4521",3,"8",4,"0002500000","0020000000","0002500000","0020000000","0","0","2500000","20000000"
1090078015,"02",1,"3480","9194",3,"2",2,"0000100000","0001200000","0000100000","0001200000","0","0","100000","1200000"
1090150194,"01",1,"9314","4521",3,"8",5,"0002000000","0018000000","0002000000","0018000000","0","0","2000000","18000000"
1090150198,"01",1,"7212","4521",3,"7",6,"0002400000","0028800000","0002232000","0026784000","0","0","2232000","26784000"
1090054111,"01",1,"7422","2022",3,"8",6,"0002200000","0027700000","0002200000","0026700000","0","0001000000","2200000","27700000"
1090026015,"01",1,"1427","6512",1,"8",6,"0008927510","0121512370","0008123600","0092181100","0","0018111920","8123600","110293020"
1090026015,"02",1,"2331","8012",1,"4",6,"0005825400","0075718700","0005210692","0063353780","0","0007257480","5210692","70611260"
1090006007,"01",1,"7433","1810",3,"10",6,"0001500000","0018000000","0001500000","0018000000","0","0","1500000","18000000"
1090138054,"01",1,"9152","2611",3,"12",6,"0001800000","0024000000","0001800000","0024000000","0","0","1800000","24000000"
1090138056,"03",1,"9314","4521",3,"8",4,"0002100000","0016000000","0002100000","0016000000","0","0","2100000","16000000"
1090026011,"02",1,"2331","8012",1,"6",4,"0005827420","0078724750","0005375000","0062698700","0","0009874560","5375000","72573260"
1090054117,"03",1,"9314","4521",3,"8",2,"0000360000","0003850000","0000360000","0003850000","0","0","360000","3850000"
1090138064,"01",1,"9314","4521",3,"8",3,"0001600000","0015200000","0001600000","0015200000","0","0","1600000","15200000"
1090138064,"01",2,"9320","1542",3,NA,NA,"0","0010000000","0","0009000000","0","0001000000","0","10000000"
1090138064,"03",2,"7141","4540",3,NA,NA,"0","0000200000","0","0000200000","0","0","0","200000"
1090138064,"03",2,"9314","4521",3,NA,NA,"0","0000120000","0","0000120000","0","0","0","120000"
1090102168,"01",1,"1429","8021",1,"12",6,"0008876000","0109772600","0008000000","0096000000","0","0003000000","8000000","99000000"
1090102168,"02",1,"2320","8021",1,"4",6,"0004374000","0055739000","0004000000","0048000000","0","0003000000","4000000","51000000"
1090102170,"01",1,"7231","5020",3,"8",6,"0002000000","0006000000","0002000000","0006000000","0","0","2000000","6000000"
1090102173,"01",1,"7418","1546",3,"9",7,"0003200000","0034600000","0003200000","0032600000","0","0002000000","3200000","34600000"
1090102173,"03",1,"7436","1729",3,"8",6,"0002300000","0023000000","0002300000","0023000000","0","0","2300000","23000000"
1090018179,"01",1,"2331","8012",1,"6",6,"0004460000","0056074000","0004120000","0049028000","0","0003000000","4120000","52028000"
1090102164,"01",1,"8323","6022",3,"10",6,"0006000000","0070188000","0006000000","0070188000","0","0","6000000","70188000"
1090102164,"04",1,"5220","5232",3,"8",6,"0001500000","0015900000","0001500000","0015900000","0","0","1500000","15900000"
1090034009,"01",2,"7133","4540",3,NA,NA,"0","0035000000","0","0035000000","0","0","0","35000000"
1090034009,"03",1,"3118","4522",3,"12",4,"0005000000","0060000000","0005000000","0060000000","0","0","5000000","60000000"
1090034012,"01",1,"9152","4100",1,"12",5,"0006400000","0078208000","0005824000","0068257000","0","0003000000","5824000","71257000"
1090070119,"01",1,"9152","9305",3,"8",6,"0003200000","0048100000","0002800000","0033800000","0","0009500000","2800000","43300000"
1090070119,"02",1,"2331","8012",1,"4",6,"0005627421","0067815800","0005111896","0058065000","0","0004800000","5111896","62865000"
1090070121,"01",1,"3115","5521",3,"10",7,"0008300000","0106800000","0006000000","0084000000","0001500000","0016800000","7500000","100800000"
1090118179,"03",2,"4115","5126",3,NA,NA,"0","0004500000","0","0004500000","0","0","0","4500000"
1090030014,"01",1,"3416","1410",3,"11",7,"0004400000","0054200000","0003711300","0042485000","0000586000","0010450300","4297300","52935300"
1090034006,"03",1,"7233","5020",3,"9",6,"0003425000","0042940000","0003200000","0038048000","0","0002000000","3200000","40048000"
1090034015,"01",1,"4211","6512",1,"8",6,"0007630000","0095309500","0007000000","0081550000","0","0006000000","7000000","87550000"
1090118174,"01",1,"2310","8031",1,"6",6,"0020000000","0271728000","0018200000","0218153000","0","0003000000","18200000","221153000"
1090118175,"01",1,"7233","4020",3,"8",6,"0004288000","0054500000","0003650000","0043879500","0","0003000000","3650000","46879500"
1090118175,"02",2,"4121","7411",3,NA,NA,"0","0006000000","0","0006000000","0","0","0","6000000"
1090114054,"03",1,"4190","9120",3,"7",6,"0002835000","0005670000","0002835000","0005670000","0","0","2835000","5670000"
1090114054,"03",2,"5220","5223",3,NA,NA,"0","0018000000","0","0018000000","0","0","0","18000000"
1090114054,"04",1,"5220","5232",3,"12",6,"0001500000","0016000000","0001500000","0016000000","0","0","1500000","16000000"
1090114062,"01",1,"7224","3430",3,"10",7,"0004350000","0052400000","0003098000","0035512000","0001047000","0014443000","4145000","49955000"
1090022063,"01",1,"9152","1542",3,"12",7,"0003100000","0039250000","0002955000","0034606000","0","0002812000","2955000","37418000"
1090046352,"01",1,"3429","1555",3,"9",6,"0004765000","0064118700","0004250000","0049962000","0","0009176000","4250000","59138000"
1090046357,"01",1,"9152","9195",3,"8",6,"0010697072","0128218720","0006061547","0093905759","0004150525","0028174961","10212072","122080720"
1090046344,"03",1,"3431","7523",3,"8",6,"0002500000","0028700000","0002000000","0022700000","0","0004500000","2000000","27200000"
1090058012,"03",1,"7433","1810",3,"10",6,"0003500000","0032000000","0003500000","0032000000","0","0","3500000","32000000"
1090010155,"03",1,"9314","4521",3,"8",5,"0003000000","0021000000","0003000000","0021000000","0","0","3000000","21000000"
1090010155,"04",1,"5220","5030",3,"7",6,"0001000000","0006000000","0001000000","0006000000","0","0","1000000","6000000"
1090030002,"01",1,"9211","0111",3,"5",1,"0000800000","0009600000","0000800000","0009600000","0","0","800000","9600000"
1090030002,"01",1,"5122","5521",3,"6",1,"0001500000","0018000000","0001500000","0018000000","0","0","1500000","18000000"
1090046354,"04",2,"0112","7522",1,NA,NA,"0","0002820000","0","0002820000","0","0","0","2820000"
1090082003,"01",1,"9314","4521",3,"8",5,"0002400000","0021800000","0002400000","0021800000","0","0","2400000","21800000"
1090082003,"02",2,"2332","8011",3,NA,NA,"0","0005000000","0","0004500000","0","0000500000","0","5000000"
1090094058,"01",1,"2142","4100",1,"8",6,"0011128900","0137181740","0007402000","0109832000","0002875000","0017124300","10277000","126956300"
1090094058,"03",1,"3435","6512",1,"8",6,"0004625000","0069834500","0004270000","0052920100","0","0010600000","4270000","63520100"
1090010162,"01",1,"9314","4521",3,"8",3,"0002440000","0028000000","0002440000","0028000000","0","0","2440000","28000000"
1090010159,"01",1,"7126","4521",3,"8",6,"0006500000","0052000000","0006500000","0052000000","0","0","6500000","52000000"
1090054121,"01",1,"4223","6421",3,"9",6,"0003100000","0040638000","0002850000","0034150000","0","0003200000","2850000","37350000"
1090042055,"01",1,"9314","4521",3,"8",4,"0002500000","0025700000","0002500000","0025700000","0","0","2500000","25700000"
1090042055,"01",2,"7142","3610",3,NA,NA,"0","0001000000","0","0001000000","0","0","0","1000000"
1090154154,"01",1,"9141","8012",1,"8",6,"0005218670","0068711400","0004812000","0054295900","0","0008943500","4812000","63239400"
1090070123,"01",1,"7133","4540",3,"8",4,"0004000000","0030000000","0004000000","0030000000","0","0","4000000","30000000"
1090070123,"02",1,"7433","1810",3,"6",3,"0000800000","0006000000","0000800000","0006000000","0","0","800000","6000000"
1090098114,"01",1,"7211","2921",3,"9",6,"0004120000","0051300000","0003700000","0040900000","0","0006500000","3700000","47400000"
1090098114,"02",1,"7436","1810",3,"4",4,"0000200000","0002800000","0000200000","0002800000","0","0","200000","2800000"
1090098114,"03",1,"5123","5521",3,"8",6,"0001600000","0010000000","0001600000","0010000000","0","0","1600000","10000000"
1090098115,"03",2,"0112","7522",1,NA,NA,"0","0000870000","0","0000870000","0","0","0","870000"
1090098115,"03",2,"9333","6303",3,NA,NA,"0","0004800000","0","0004800000","0","0","0","4800000"
1090138052,"01",1,"8331","7498",3,"8",6,"0005000000","0012000000","0005000000","0012000000","0","0","5000000","12000000"
1090138052,"01",2,"0112","7522",1,NA,NA,"0","0003500000","0","0003500000","0","0","0","3500000"
1090070116,"01",1,"7433","1810",3,"9",6,"0002500000","0035000000","0002500000","0031000000","0","0004000000","2500000","35000000"
1090042053,"01",2,"7141","4540",3,NA,NA,"0","0005000000","0","0005000000","0","0","0","5000000"
1090042053,"01",2,"5220","5259",3,NA,NA,"0","0003000000","0","0003000000","0","0","0","3000000"
1090042053,"02",1,"3480","9194",3,"5",3,"0000300000","0003000000","0000300000","0003000000","0","0","300000","3000000"
1090154160,"02",2,"9211","0113",3,NA,NA,"0","0001500000","0","0001500000","0","0","0","1500000"
1090134004,"03",1,"7245","6421",1,"8",6,"0004817960","0038815700","0004320000","0029669300","0","0006170000","4320000","35839300"
1090106201,"01",1,"9314","4521",3,"14",7,"0004030000","0028000000","0004030000","0028000000","0","0","4030000","28000000"
1090018172,"01",1,"9314","4521",3,"8",4,"0002860000","0026000000","0002860000","0026000000","0","0","2860000","26000000"
1090018172,"04",2,"9314","4521",3,NA,NA,"0","0002400000","0","0002400000","0","0","0","2400000"
1090122012,"01",1,"8275","1555",3,"8",6,"0003100000","0039935000","0002883000","0034164000","0","0003000000","2883000","37164000"
1090126114,"01",1,"4212","6512",1,"8",6,"0005216204","0066644578","0004657325","0055049582","0","0004500000","4657325","59549582"
1090106206,"01",1,"4190","7511",1,"8",6,"0005000000","0060000000","0005000000","0060000000","0","0","5000000","60000000"
1090018175,"01",1,"8324","6023",3,"14",5,"0004500000","0054000000","0004200000","0050400000","0","0","4200000","50400000"
1090114058,"01",1,"4190","7513",1,"10",6,"0004531001","0056587948","0003103911","0036192774","0000874820","0013497840","3978731","49690614"
1090114058,"02",1,"4190","7513",1,"9",6,"0003856137","0048549618","0002948715","0034383132","0000437410","0008248920","3386125","42632052"
1090114052,"01",1,"2143","4010",3,"8",6,"0006000000","0072000000","0006000000","0072000000","0","0","6000000","72000000"
1090110117,"04",1,"8163","3720",3,"8",6,"0003100000","0034100000","0002883000","0029574000","0","0003200000","2883000","32774000"
1090142167,"01",1,"9314","4521",3,"8",6,"0002880000","0025000000","0002880000","0025000000","0","0","2880000","25000000"
1090034001,"02",2,"3435","5128",3,NA,NA,"0","0006600000","0","0006600000","0","0","0","6600000"
1090130304,"03",1,"2143","4010",3,"12",6,"0005200000","0063700000","0003813400","0044880785","0001144000","0016514000","4957400","61394785"
1090142155,"01",1,"9152","7522",1,"8",6,"0002800000","0033600000","0002800000","0033600000","0","0","2800000","33600000"
1090142155,"04",1,"8272","1520",3,"8",6,"0003100000","0009300000","0002883000","0008649000","0","0","2883000","8649000"
1090142155,"04",2,"0112","7522",1,NA,NA,"0","0005870880",NA,"0005812171","0","0","0","5812171"
1090142155,"05",1,"8272","1520",3,"8",6,"0002600000","0031000000","0002600000","0031000000","0","0","2600000","31000000"
1090142160,"01",1,"9314","4521",3,"8",2,"0000380000","0004200000","0000380000","0004200000","0","0","380000","4200000"
1090142160,"03",1,"8272","1520",3,"8",6,"0002650000","0032820000","0002650000","0032820000","0","0","2650000","32820000"
1090098114,"03",2,"7133","4540",3,NA,NA,"0","0007000000","0","0007000000","0","0","0","7000000"
1090110116,"01",1,"0112","7522",1,"12",6,"0006750000","0082562500","0006000000","0070500000","0","0003000000","6000000","73500000"
1090135169,"01",1,"8324","6023",3,"8",5,"0004500000","0060000000","0004500000","0060000000","0","0","4500000","60000000"
1090087149,"02",1,"5122","5521",3,"5",4,"0000800000","0010000000","0000800000","0010000000","0","0","800000","10000000"
1090087142,"01",2,"4142","4521",1,NA,NA,"0","0013187000","0","0011945000","0","0","0","11945000"
1090015151,"04",2,"0112","7522",1,NA,NA,"0","0000970000","0","0000970000","0","0","0","970000"
1090015151,"04",2,"5220","5233",3,NA,NA,"0","0007000000","0","0007000000","0","0","0","7000000"
1090135160,"02",1,"3227","8520",3,"8",6,"0004800000","0058000000","0004800000","0049000000","0","0009000000","4800000","58000000"
1090135160,"03",1,"5220","2423",3,"9",6,"0002500000","0015000000","0002500000","0015000000","0","0","2500000","15000000"
1090063208,"01",2,"8125","2912",3,NA,NA,"0","0019902000","0","0018600000","0","0","0","18600000"
1090063208,"03",1,"7224","3430",3,"8",6,"0002350000","0030550000","0002000000","0026000000","0","0","2000000","26000000"
1090015144,"01",1,"3435","6592",3,"7",6,"0004520000","0065760000","0004150000","0047140000","0","0012800000","4150000","59940000"
1090055211,"01",1,"7422","2022",3,"10",6,"0003852000","0046812000","0003600000","0039200000","0","0004200000","3600000","43400000"
1090003101,"01",1,"7241","1711",3,"8",6,"0004500000","0054000000","0004000000","0048000000","0","0","4000000","48000000"
1090003101,"03",2,"6111","0111",3,NA,NA,"0","0000500000","0","0000500000","0","0","0","500000"
1090003097,"03",1,"7133","4540",3,"8",4,"0003200000","0027000000","0003200000","0027000000","0","0","3200000","27000000"
1090003097,"04",1,"7231","5020",3,"8",6,"0001700000","0022000000","0001700000","0022000000","0","0","1700000","22000000"
1090087153,"01",2,"9314","4521",3,NA,NA,"0","0001800000","0","0001800000","0","0","0","1800000"
1090087153,"03",1,"7442","1920",3,"5",4,"0000200000","0000200000","0000200000","0000200000","0","0","200000","200000"
1090103115,"01",1,"7326","2691",3,"8",6,"0003260000","0040330000","0003107866","0035730933","0","0002717000","3107866","38447933"
1090103111,"02",1,"9131","9500",3,"8",2,"0000800000","0009600000","0000800000","0009600000","0","0","800000","9600000"
1090055213,"01",1,"9314","4521",3,"8",6,"0003338400","0037557000","0003120000","0035100000","0","0","3120000","35100000"
1090055213,"03",1,"5220","5233",3,"9",6,"0002000000","0025600000","0002000000","0025600000","0","0","2000000","25600000"
1090075102,"01",2,"8125","2731",3,NA,NA,"0","0054187900","0","0044437000","0","0006000000","0","50437000"
1090147245,"01",1,"8132","2697",3,"8",4,"0003200000","0017000000","0003200000","0017000000","0","0","3200000","17000000"
1090147245,"01",2,"9314","4521",3,NA,NA,"0","0005200000","0","0005200000","0","0","0","5200000"
1090075104,"01",1,"3115","5260",3,"8",4,"0002700000","0025000000","0002700000","0025000000","0","0","2700000","25000000"
1090075104,"01",1,"5122","5521",3,"6",2,"0001000000","0015000000","0001000000","0015000000","0","0","1000000","15000000"
1090075104,"02",1,"7414","1518",3,"6",4,"0000080000","0001000000","0000080000","0001000000","0","0","80000","1000000"
1090075104,"03",1,"7433","1810",3,"9",6,"0000800000","0010000000","0000800000","0010000000","0","0","800000","10000000"
1090075104,"04",1,"5220","7130",3,"9",6,"0000600000","0009000000","0000600000","0009000000","0","0","600000","9000000"
1090075104,"05",1,"5220","5232",3,"9",6,"0001300000","0006000000","0001300000","0006000000","0","0","1300000","6000000"
1090123061,"03",1,"2320","8021",1,"6",6,"0002600000","0024000000","0002600000","0024000000","0","0","2600000","24000000"
1090123061,"06",1,"5220","5522",3,"8",6,"0002375000","0015000000","0002375000","0015000000","0","0","2375000","15000000"
1090099060,"01",1,"9160","7493",3,"8",6,"0003665000","0046665000","0003494000","0041141100","0","0003337000","3494000","44478100"
1090111062,"01",1,"9314","4521",3,"8",3,"0001800000","0029400000","0001800000","0029400000","0","0","1800000","29400000"
1090111062,"03",1,"9314","4521",3,"8",3,"0001800000","0006600000","0001800000","0006600000","0","0","1800000","6600000"
1090111062,"03",2,"0112","7522",1,NA,NA,"0","0001050000","0","0000921700","0","0","0","921700"
1090111056,"01",1,"5220","5211",2,"8",6,"0003380000","0045200000","0003050700","0035654700","0000171600","0007436000","3222300","43090700"
1090039319,"02",1,"5220","5232",3,"8",6,"0001800000","0020100000","0001800000","0020100000","0","0","1800000","20100000"
1090051005,"01",1,"9333","6303",3,"9",6,"0002800000","0032000000","0002800000","0032000000","0","0","2800000","32000000"
1090051003,"01",2,"7421","2022",3,NA,NA,"0","0008990000","0","0008400000","0","0","0","8400000"
1090135165,"01",1,"8324","7523",3,"7",6,"0004875000","0066781200","0004520000","0052404000","0","0008953000","4520000","61357000"
1090135165,"03",1,"5123","7523",3,"8",6,"0","0","0","0","0","0","0","0"
1090135165,"03",2,"0112","7522",1,NA,NA,"0","0001620000","0","0001620000","0","0","0","1620000"
1090087145,"02",1,"5123","9249",3,"8",6,"0003250000","0016400000","0002870000","0015000000","0","0","2870000","15000000"
1090147250,"01",1,"7132","4540",3,"8",4,"0003500000","0032000000","0003500000","0032000000","0","0","3500000","32000000"
1090123049,"01",1,"8322","6022",3,"8",6,"0003300000","0040260000","0003000000","0036600000","0","0","3000000","36600000"
1090139005,"01",1,"8276","1542",3,"8",7,"0005200000","0033800000","0003718000","0022308000","0001239300","0009295000","4957300","31603000"
1090139014,"01",1,"8276","1542",3,"12",7,"0005200000","0014200000","0003241300","0008961300","0001716000","0004576000","4957300","13537300"
1090139014,"01",2,"9211","0111",3,NA,NA,"0","0009800000","0","0009800000","0","0","0","9800000"
1090139014,"01",2,"9314","4521",3,NA,NA,"0","0002520000","0","0002520000","0","0","0","2520000"
1090139014,"03",1,"9314","4521",3,"8",3,"0001100000","0009900000","0001100000","0009900000","0","0","1100000","9900000"
1090139007,"01",1,"8276","1542",3,"12",7,"0005500000","0010500000","0003622700","0006959300","0001620600","0003050700","5243300","10010000"
1090139007,"01",2,"9211","0111",3,NA,NA,"0","0013000000","0","0013000000","0","0","0","13000000"
1090139007,"01",2,"9314","4521",3,NA,NA,"0","0002000000","0","0002000000","0","0","0","2000000"
1090079115,"01",1,"9152","6021",1,"8",6,"0006827600","0094812280","0005827000","0075153680","0000457000","0013153400","6284000","88307080"
1090079109,"01",1,"5122","5521",3,"7",5,"0002400000","0032000000","0002400000","0032000000","0","0","2400000","32000000"
1090055213,"04",1,"5220","5233",3,"9",6,"0002000000","0025600000","0002000000","0025600000","0","0","2000000","25600000"
1090139002,"01",1,"9314","4521",3,"8",4,"0001920000","0030600000","0001920000","0030600000","0","0","1920000","30600000"
1090091158,"01",1,"4215","5129",3,"8",6,"0002000000","0027000000","0001800000","0024000000","0","0001000000","1800000","25000000"
1090091158,"02",1,"7436","1729",3,"3",3,"0000300000","0002500000","0000300000","0002500000","0","0","300000","2500000"
1090151006,"01",1,"9211","0111",3,"8",5,"0000700000","0005500000","0000700000","0005500000","0","0","700000","5500000"
1090067200,"02",1,"5220","5232",3,"10",6,"0003800000","0047000000","0003800000","0046000000","0","0001000000","3800000","47000000"
1090067189,"01",1,"5220","5232",3,"9",6,"0002500000","0030000000","0002500000","0030000000","0","0","2500000","30000000"
1090067201,"03",1,"5220","5238",3,"9",6,"0003200000","0042000000","0002700000","0039000000","0","0003000000","2700000","42000000"
1090127060,"03",1,"2445","8532",3,"9",6,"0001800000","0022000000","0001800000","0022000000","0","0","1800000","22000000"
1090067192,"01",1,"2461","6303",1,"7",6,"0004287620","0068941700","0003785000","0052317700","0","0009856000","3785000","62173700"
1090091153,"01",1,"9314","4521",3,"8",3,"0002000000","0018700000","0002000000","0018700000","0","0","2000000","18700000"
1090091150,"01",1,"7231","5020",3,"9",6,"0003500000","0045000000","0003500000","0043000000","0","0002000000","3500000","45000000"
1090151006,"02",1,"9211","0124",3,"8",5,"0000500000","0002700000","0000500000","0002700000","0","0","500000","2700000"
1090151006,"03",1,"9211","0111",3,"8",5,"0000300000","0001500000","0000300000","0001500000","0","0","300000","1500000"
1090151006,"04",1,"9211","0111",3,"8",3,"0000200000","0001000000","0000200000","0001000000","0","0","200000","1000000"
1090151006,"05",1,"9211","0111",3,"8",2,"0000100000","0000800000","0000100000","0000800000","0","0","100000","800000"
1090151012,"02",2,"0112","7522",1,NA,NA,"0","0004200000","0","0004200000","0","0","0","4200000"
1090151014,"01",1,"9211","0111",3,"8",5,"0002500000","0026000000","0002500000","0026000000","0","0","2500000","26000000"
1090151014,"02",1,"9211","0111",3,"8",3,"0000700000","0002500000","0000700000","0002500000","0","0","700000","2500000"
1090151014,"03",2,"7132","4521",3,NA,NA,"0","0002000000","0","0002000000","0","0","0","2000000"
1090151009,"01",1,"2320","8021",1,"6",4,"0007175820","0099817140","0006148900","0078227928","0","0012563700","6148900","90791628"
1090031005,"03",1,"2411","4522",3,"8",6,"0004875000","0051578600","0004250000","0034262600","0","0012100000","4250000","46362600"
1090007050,"01",2,"2331","8012",3,NA,NA,"0","0001000000","0","0001000000","0","0","0","1000000"
1090079112,"01",1,"7417","1545",3,"8",3,"0002000000","0005000000","0002000000","0005000000","0","0","2000000","5000000"
1090079112,"02",2,"9141","8011",3,NA,NA,"0","0000150000","0","0000150000","0","0","0","150000"
1090031008,"01",1,"2351","8021",1,"6",5,"0","0","0","0","0","0","0","0"
1090019220,"01",1,"9314","4521",3,"8",4,"0002340000","0028600000","0002340000","0028600000","0","0","2340000","28600000"
1090019223,"01",1,"9314","4521",3,"8",4,"0002080000","0025000000","0002080000","0025000000","0","0","2080000","25000000"
1090019214,"01",1,"9314","4521",3,"8",4,"0002340000","0032000000","0002340000","0032000000","0","0","2340000","32000000"
1090019218,"01",1,"9314","4521",3,"8",5,"0002600000","0026500000","0002600000","0026500000","0","0","2600000","26500000"
1090031013,"01",1,"2351","8031",3,"2",2,"0001000000","0012000000","0001000000","0012000000","0","0","1000000","12000000"
1090019226,"01",1,"9314","4521",3,"8",5,"0003380000","0028950000","0003380000","0028950000","0","0","3380000","28950000"
1090051014,"03",2,"2320","8021",3,NA,NA,"0","0006000000","0","0006000000","0","0","0","6000000"
1090083110,"01",1,"5122","5521",3,"8",6,"0003500000","0045000000","0003500000","0045000000","0","0","3500000","45000000"
1090083110,"03",1,"9152","5511",3,"8",6,"0003500000","0032870000","0003150000","0029950000","0","0","3150000","29950000"
1090007056,"03",2,"9314","4521",3,NA,NA,"0","0004500000","0","0004500000","0","0","0","4500000"
1090007056,"04",1,"7422","2022",3,"9",6,"0002500000","0030000000","0002500000","0030000000","0","0","2500000","30000000"
1090055203,"01",1,"2320","8021",1,"4",6,"0006720000","0079495200","0006000000","0068160000","0","0003000000","6000000","71160000"
1090055206,"01",1,"7433","1810",3,"10",7,"0003000000","0037000000","0003000000","0037000000","0","0","3000000","37000000"
1090103117,"03",1,"3431","7421",3,"6",6,"0002700000","0034100000","0002574000","0030125667","0","0002383333","2574000","32509000"
1090071168,"01",1,"9314","4521",3,"8",5,"0002500000","0025000000","0002500000","0025000000","0","0","2500000","25000000"
1090071171,"01",1,"9314","4521",3,"8",4,"0002200000","0021500000","0002200000","0021500000","0","0","2200000","21500000"
1090071171,"03",1,"9314","4521",3,"8",5,"0002500000","0021500000","0002500000","0021500000","0","0","2500000","21500000"
1090071171,"04",1,"7433","1810",3,"9",6,"0000800000","0010000000","0000800000","0010000000","0","0","800000","10000000"
1090043001,"01",1,"3435","6512",1,"10",6,"0008980000","0109235100","0005878600","0069543800","0001901900","0025199500","7780500","94743300"
1090083120,"01",1,"7417","1545",3,"9",6,"0004400000","0047800000","0004400000","0047800000","0","0","4400000","47800000"
1090083120,"03",2,"5220","5238",3,NA,NA,"0","0000200000","0","0000200000","0","0","0","200000"
1090083123,"01",1,"7126","4100",3,"8",6,"0003000000","0031500000","0003000000","0031500000","0","0","3000000","31500000"
1090083123,"03",1,"7133","4540",3,"8",4,"0003200000","0028700000","0003200000","0028700000","0","0","3200000","28700000"
1090083123,"04",1,"7133","4540",3,"8",3,"0002500000","0022500000","0002500000","0022500000","0","0","2500000","22500000"
1090083116,"01",1,"3416","5129",3,"8",6,"0007500000","0082000000","0007500000","0082000000","0","0","7500000","82000000"
1090083116,"06",1,"9160","3720",3,"10",6,"0004000000","0029000000","0004000000","0029000000","0","0","4000000","29000000"
1090071173,"03",2,"0112","7522",1,NA,NA,"0","0001780000","0","0001780000","0","0","0","1780000"
1090035104,"03",2,"5220","5232",3,NA,NA,"0","0002700000","0","0002700000","0","0","0","2700000"
1090047007,"01",1,"9314","4521",3,"8",5,"0002800000","0026500000","0002800000","0026500000","0","0","2800000","26500000"
1090047012,"03",2,"7441","1920",3,NA,NA,"0","0000600000","0","0000600000","0","0","0","600000"
1090047015,"01",1,"7417","1545",3,"9",6,"0004500000","0055000000","0004000000","0049000000","0","0001000000","4000000","50000000"
1090035106,"01",1,"8232","2520",3,"8",6,"0004750000","0065389000","0004300000","0050495000","0","0008750000","4300000","59245000"
1090035106,"02",1,"5220","5232",3,"4",6,"0000800000","0010000000","0000800000","0010000000","0","0","800000","10000000"
1090035110,"01",1,"3431","4010",1,"9",5,"0006528760","0100827637","0005983540","0071718418","0","0018763930","5983540","90482348"
1090155002,"01",1,"9211","0111",3,"8",3,"0001000000","0005200000","0001000000","0005200000","0","0","1000000","5200000"
1090095201,"01",1,"8324","6023",3,"8",6,"0003750000","0051600000","0003250000","0043400000","0","0004000000","3250000","47400000"
1090059065,"01",1,"7422","2022",3,"10",6,"0004000000","0045650000","0003720000","0040362000","0","0002000000","3720000","42362000"
1090059051,"01",1,"0112","7522",1,"8",6,"0006226800","0073301500","0005368000","0060390000","0","0003000000","5368000","63390000"
1090059060,"01",1,"4211","6592",3,"8",6,"0003317000","0041770000","0003100000","0036000000","0","0003000000","3100000","39000000"
1090079106,"03",2,"9132","5223",3,NA,NA,"0","0001500000","0","0001500000","0","0","0","1500000"
1090155015,"01",1,"8332","6022",3,"8",5,"0001500000","0015000000","0001500000","0015000000","0","0","1500000","15000000"
1090155015,"02",2,"9132","8021",3,NA,NA,"0","0003500000","0","0003500000","0","0","0","3500000"
1090155015,"03",1,"5220","5522",3,"8",6,"0001200000","0014000000","0001200000","0014000000","0","0","1200000","14000000"
1090011265,"03",2,"9314","4521",3,NA,NA,"0","0016000000","0","0016000000","0","0","0","16000000"
1090011265,"04",2,"9314","4521",3,NA,NA,"0","0008000000","0","0008000000","0","0","0","8000000"
1090119066,"03",2,"9314","4521",3,NA,NA,"0","0005000000","0","0005000000","0","0","0","5000000"
1090119066,"04",2,"9314","4521",3,NA,NA,"0","0018000000","0","0018000000","0","0","0","18000000"
1090119065,"01",1,"4223","6421",1,"8",5,"0011250000","0129587500","0010000000","0112300000","0","0003000000","10000000","115300000"
1090119065,"02",1,"2320","8021",1,"6",5,"0005031000","0059748130","0004500000","0050535000","0","0003000000","4500000","53535000"
1090011260,"01",1,"9314","4521",3,"8",3,"0000720000","0010000000","0000720000","0010000000","0","0","720000","10000000"
1090155010,"01",1,"9211","0111",3,"8",4,"0001800000","0017800000","0001800000","0017800000","0","0","1800000","17800000"
1090011252,"01",1,"9314","4521",3,"8",3,"0002280000","0024200000","0002280000","0024200000","0","0","2280000","24200000"
1090011259,"01",1,"9211","0111",3,"8",6,"0002500000","0030000000","0002500000","0030000000","0","0","2500000","30000000"
1090091147,"03",1,"3135","2893",3,"8",6,"0003120000","0038700000","0002750000","0030400000","0","0004100000","2750000","34500000"
1090091147,"04",2,"8324","6023",3,NA,NA,"0","0006200000","0","0006200000","0","0","0","6200000"
1090091155,"04",1,"9333","5020",3,"9",6,"0000800000","0009000000","0000800000","0009000000","0","0","800000","9000000"
1090155007,"01",1,"1410","6411",1,"8",6,"0009875600","0124611860","0007735000","0099193560","0000765000","0015194300","8500000","114387860"
1090155007,"02",1,"2320","8021",1,"6",4,"0006721510","0091187300","0005967000","0073659800","0","0008947500","5967000","82607300"
1090107055,"01",1,"5220","5222",3,"9",6,"0003000000","0036000000","0003000000","0036000000","0","0","3000000","36000000"
1090107060,"01",1,"2320","8021",3,"5",6,"0002400000","0028800000","0002400000","0028800000","0","0","2400000","28800000"
1090107062,"01",1,"3435","4100",3,"10",6,"0007500000","0093000000","0005720000","0066352000","0001430000","0022308000","7150000","88660000"
1090095196,"01",1,"4215","5233",3,"10",6,"0003370000","0046560000","0002950000","0037600000","0","0005100000","2950000","42700000"
1090095189,"02",1,"9314","4521",3,"8",4,"0002200000","0018700000","0002200000","0018700000","0","0","2200000","18700000"
1090095189,"03",1,"7131","4521",3,"8",2,"0001800000","0014200000","0001800000","0014200000","0","0","1800000","14200000"
1090095189,"04",1,"5220","5233",3,"8",6,"0001200000","0008500000","0001200000","0008500000","0","0","1200000","8500000"
1090027067,"02",1,"2320","8021",1,"6",4,"0007143000","0087194400","0006500130","0076161904","0","0003185000","6500130","79346904"
1090075110,"01",1,"7122","4521",3,"8",4,"0003000000","0025000000","0003000000","0025000000","0","0","3000000","25000000"
1090099062,"01",1,"7231","5020",3,"10",7,"0002500000","0030000000","0002500000","0030000000","0","0","2500000","30000000"
1090007058,"01",1,"4211","6512",1,"8",6,"0007859647","0114543690","0005922527","0084874520","0001284320","0019438450","7206847","104312970"
1090023048,"01",1,"9314","4521",3,"8",3,"0001500000","0027000000","0001500000","0027000000","0","0","1500000","27000000"
1090023051,"01",1,"3421","5110",3,"8",6,"0002500000","0030000000","0002500000","0030000000","0","0","2500000","30000000"
1090011256,"01",1,"2461","9193",3,"5",6,"0002700000","0032000000","0002700000","0032000000","0","0","2700000","32000000"
1090023052,"01",1,"9314","4521",3,"8",4,"0002250000","0031500000","0002250000","0031500000","0","0","2250000","31500000"
1090023057,"01",1,"8332","4522",3,"8",6,"0004000000","0050600000","0003527000","0041756000","0000286000","0006483000","3813000","48239000"
1090023060,"01",1,"3413","7020",3,"8",6,"0003500000","0042000000","0003500000","0042000000","0","0","3500000","42000000"
1090039312,"01",1,"2411","7412",3,"10",6,"0006000000","0072000000","0006000000","0072000000","0","0","6000000","72000000"
1090143056,"01",1,"8324","6023",3,"10",6,"0004280000","0048578000","0004000000","0045400000","0","0","4000000","45400000"
1090119054,"01",1,"5220","5522",3,"10",6,"0003763000","0043693000","0003500000","0038500000","0","0002000000","3500000","40500000"
1090143059,"01",1,"2320","8021",1,"4",4,"0007476103","0092813714","0006657285","0079754274","0","0003000000","6657285","82754274"
1090131109,"01",1,"2331","8012",1,"5",5,"0005643956","0070769064","0004986400","0064892158","0","0003640000","4986400","68532158"
1090131109,"02",1,"2331","8012",1,"4",6,"0005523076","0069539031","0004887390","0063605128","0","0003822000","4887390","67427128"
1090131104,"01",1,"8324","6023",3,"12",4,"0004500000","0054000000","0003500000","0042000000","0001000000","0012000000","4500000","54000000"
1090131101,"01",1,"2331","8012",1,"4",6,"0007200000","0091400000","0006552000","0077532000","0","0005642000","6552000","83174000"
1090131101,"03",1,"3118","4521",3,"8",6,"0003500000","0042000000","0003500000","0042000000","0","0","3500000","42000000"
1090131107,"03",1,"8324","6023",3,"14",2,"0001600000","0019200000","0001600000","0019200000","0","0","1600000","19200000"
1090043008,"03",1,"2452","9214",3,"6",3,"0001500000","0018000000","0001500000","0018000000","0","0","1500000","18000000"
1090103107,"01",1,"9132","7020",3,"10",6,"0002500000","0030000000","0002500000","0030000000","0","0","2500000","30000000"
1090043015,"02",1,"4222","8514",3,"9",6,"0002100000","0025200000","0002002000","0024024000","0","0","2002000","24024000"
1090043015,"03",1,"7141","4540",3,"10",2,"0000800000","0015000000","0000800000","0015000000","0","0","800000","15000000"
1090115150,"01",1,"8323","6022",3,"9",7,"0004550000","0055200000","0003625000","0042328000","0000715000","0010296000","4340000","52624000"
1090115156,"01",1,"3412","6512",3,"10",6,"0006500000","0078000000","0006500000","0078000000","0","0","6500000","78000000"
1090016003,"01",2,"5220","5231",3,NA,NA,"0","0009000000","0","0009000000","0","0","0","9000000"
1090016005,"03",2,"3432","7414",3,NA,NA,"0","0005000000","0","0005000000","0","0","0","5000000"
1090016013,"01",1,"2230","8031",3,"8",6,"0022487500","0217974000","0016731000","0152182000","0002500000","0037500000","19231000","189682000"
1090016013,"02",1,"2320","8021",1,"6",4,"0006852000","0098153000","0006350000","0075530000","0","0015120000","6350000","90650000"
1090148113,"01",1,"6111","0111",3,"8",6,"0003477500","0042545750","0003250000","0036725000","0","0003000000","3250000","39725000"
1090148116,"01",1,"6111","0111",3,"8",6,"0003424000","0043653200","0003200000","0037760000","0","0003000000","3200000","40760000"
1090148116,"04",1,"5141","9302",3,"6",6,"0000300000","0001200000","0000300000","0001200000","0","0","300000","1200000"
1090100100,"03",1,"5123","5521",3,"8",6,"0003317000","0040732000","0003100000","0035030000","0","0003000000","3100000","38030000"
1090100105,"01",1,"9160","7511",3,"8",6,"0003745000","0048190000","0003500000","0042000000","0","0003000000","3500000","45000000"
1090088097,"03",1,"5220","5141",3,"9",6,"0002000000","0025000000","0002000000","0025000000","0","0","2000000","25000000"
1090088102,"01",1,"7233","7511",1,"8",6,"0004800000","0059400000","0004200000","0045300000","0","0008700000","4200000","54000000"
1090088104,"01",1,"7433","1810",3,"9",5,"0001800000","0021000000","0001800000","0021000000","0","0","1800000","21000000"
1090076194,"01",1,"7212","4521",3,"8",6,"0004000000","0048000000","0003500000","0042000000","0","0","3500000","42000000"
1090076200,"01",1,"7212","4531",3,"9",6,"0005000000","0069000000","0004500000","0054000000","0","0009000000","4500000","63000000"
1090076204,"01",1,"8324","6023",3,"8",5,"0005000000","0060000000","0005000000","0060000000","0","0","5000000","60000000"
1090076206,"01",1,"9131","7493",3,"8",4,"0001800000","0022000000","0001800000","0022000000","0","0","1800000","22000000"
1090064097,"04",2,"0112","7522",1,NA,NA,"0","0000920000","0","0000920000","0","0","0","920000"
1090064097,"04",1,"5220","5222",3,"9",6,"0001750000","0014000000","0001750000","0014000000","0","0","1750000","14000000"
1090064100,"01",1,"8322","8511",3,"8",6,"0003600000","0052700000","0003150000","0038000000","0","0009300000","3150000","47300000"
1090064104,"01",1,"5220","5232",3,"9",6,"0003000000","0037000000","0003000000","0036000000","0","0001000000","3000000","37000000"
1090064108,"03",1,"9314","4521",3,"8",5,"0002500000","0023000000","0002500000","0023000000","0","0","2500000","23000000"
1090136303,"01",1,"5220","5232",3,"9",6,"0000500000","0006000000","0000500000","0006000000","0","0","500000","6000000"
1090136309,"01",1,"8324","6023",3,"8",3,"0003000000","0028000000","0003000000","0028000000","0","0","3000000","28000000"
1090124059,"01",1,"3221","8511",1,"7",6,"0005146500","0061405450","0004700000","0053110000","0","0003000000","4700000","56110000"
1090124057,"01",1,"5220","5238",3,"9",6,"0003210000","0039523000","0003000000","0033600000","0","0003000000","3000000","36600000"
1090136311,"04",1,"9314","4521",3,"8",2,"0000800000","0007500000","0000800000","0007500000","0","0","800000","7500000"
1090028162,"01",1,"2461","9193",3,"6",7,"0001000000","0012000000","0001000000","0012000000","0","0","1000000","12000000"
1090004169,"02",2,"9211","0111",3,NA,NA,"0","0002500000","0","0002500000","0","0","0","2500000"
1090004169,"03",2,"9211","0111",3,NA,NA,"0","0002500000","0","0002500000","0","0","0","2500000"
1090004176,"01",1,"9314","4521",3,"8",3,"0002100000","0027000000","0002100000","0027000000","0","0","2100000","27000000"
1090004164,"01",1,"7111","1421",3,"10",7,"0004000000","0050800000","0003255000","0038502000","0000465000","0008742000","3720000","47244000"
1090004164,"03",1,"9314","4521",3,"8",4,"0001920000","0024000000","0001920000","0024000000","0","0","1920000","24000000"
1090004164,"04",1,"3222","8517",3,"8",6,"0003200000","0025600000","0003200000","0025600000","0","0","3200000","25600000"
1090124054,"02",1,"5220","5233",3,"9",6,"0002500000","0031000000","0002500000","0031000000","0","0","2500000","31000000"
1090028150,"01",1,"4222","8515",3,"10",6,"0003959000","0047590800","0003700000","0041440000","0","0003000000","3700000","44440000"
1090028150,"02",1,"4222","8515",3,"8",6,"0001500000","0004500000","0001500000","0004500000","0","0","1500000","4500000"
1090136313,"01",1,"1142","9120",3,"8",6,"0004500000","0067500000","0004000000","0050900000","0","0011500000","4000000","62400000"
1090028151,"04",1,"4222","8511",1,"8",6,"0003691500","0044963950","0003450000","0038985000","0","0003000000","3450000","41985000"
1090052058,"03",1,"2331","8021",3,"8",4,"0003000000","0036000000","0002790000","0033480000","0","0","2790000","33480000"
1090052058,"05",1,"3232","8513",1,"8",6,"0003500000","0044000000","0003255000","0038130000","0","0002511000","3255000","40641000"
1090052061,"01",1,"7233","4531",3,"12",6,"0003500000","0042000000","0003250000","0039000000","0","0","3250000","39000000"
1090020145,"03",1,"3134","7494",3,"9",6,"0002000000","0024000000","0002000000","0024000000","0","0","2000000","24000000"
1090092099,"01",1,"9152","9305",3,"10",6,"0003150000","0034100000","0002700000","0028000000","0","0002500000","2700000","30500000"
1090004168,"01",1,"9314","4521",3,"8",4,"0001760000","0023520000","0001760000","0023520000","0","0","1760000","23520000"
1090092100,"01",1,"7212","4521",3,"9",6,"0004150000","0063180000","0003780000","0044000000","0","0014120000","3780000","58120000"
1090092100,"03",1,"5220","1555",3,"9",6,"0003970000","0059500000","0003600000","0047800000","0","0007800000","3600000","55600000"
1090092100,"05",1,"7224","2731",3,"10",6,"0001500000","0006000000","0001500000","0006000000","0","0","1500000","6000000"
1090092105,"01",1,"9314","4521",3,"8",5,"0001200000","0029000000","0001200000","0029000000","0","0","1200000","29000000"
1090092105,"05",1,"9132","5040",3,"9",6,"0001000000","0007800000","0001000000","0007800000","0","0","1000000","7800000"
1090092110,"01",1,"7233","4531",3,"9",6,"0005253488","0074813261","0003318800","0058012551","0001619688","0012528710","4938488","70541261"
1090044055,"01",1,"3431","9195",3,"12",6,"0008980000","0112250000","0006234400","0074460000","0001887600","0022544400","8122000","97004400"
1090044055,"02",1,"2331","8012",1,"4",6,"0005400000","0068490000","0004822600","0057617300","0","0003276000","4822600","60893300"
1090044059,"01",1,"8323","6021",1,"8",7,"0005750000","0071675000","0003673500","0043877000","0001674000","0022923000","5347500","66800000"
1090044064,"01",1,"3431","9195",3,"8",6,"0007000000","0086600000","0005910700","0070594000","0000762600","0011898000","6673300","82492000"
1090080324,"01",2,"7126","4523",3,NA,NA,"0","0018000000","0","0018000000","0","0","0","18000000"
1090080324,"02",1,"7433","1810",3,"6",5,"0000500000","0006000000","0000500000","0006000000","0","0","500000","6000000"
1090080324,"03",1,"7433","1810",3,"4",3,"0000250000","0003000000","0000250000","0003000000","0","0","250000","3000000"
1090080324,"04",1,"7433","1810",3,"4",3,"0000250000","0003000000","0000250000","0003000000","0","0","250000","3000000"
1090080324,"05",1,"7433","1810",3,"8",6,"0000750000","0005000000","0000750000","0005000000","0","0","750000","5000000"
1090080324,"06",1,"7433","1810",3,"8",6,"0001000000","0007500000","0001000000","0007500000","0","0","1000000","7500000"
1090068140,"03",1,"3435","5134",3,"9",6,"0001000000","0013000000","0001000000","0012000000","0","0001000000","1000000","13000000"
1090068140,"04",2,"5220","5232",3,NA,NA,"0","0008000000","0","0008000000","0","0","0","8000000"
1090068140,"04",1,"5220","2212",3,"8",6,"0001500000","0005000000","0001500000","0005000000","0","0","1500000","5000000"
1090068140,"05",2,"2455","9214",3,NA,NA,"0","0001500000","0","0001500000","0","0","0","1500000"
1090068140,"05",2,"7324","4540",3,NA,NA,"0","0005000000","0","0005000000","0","0","0","5000000"
1090068144,"03",1,"7243","5260",3,"8",6,"0001500000","0008500000","0001500000","0008500000","0","0","1500000","8500000"
1090068152,"01",1,"7221","2811",3,"9",6,"0004500000","0060000000","0004000000","0050000000","0","0005000000","4000000","55000000"
1090068152,"03",2,"7221","2811",3,NA,NA,"0","0014000000","0","0014000000","0","0","0","14000000"
1090068152,"03",1,"5220","9241",3,"8",6,"0003000000","0010000000","0003000000","0010000000","0","0","3000000","10000000"
1090080330,"01",2,"9314","4521",3,NA,NA,"0","0021000000","0","0021000000","0","0","0","21000000"
1090112208,"03",1,"2320","8021",1,"8",3,"0004800000","0060100000","0004417600","0052592700","0","0002700000","4417600","55292700"
1090040259,"01",1,"9152","5514",1,"10",7,"0004494000","0055380400","0004200000","0048720000","0","0003000000","4200000","51720000"
1090040268,"01",1,"9152","4521",3,"6",7,"0001500000","0014250000","0001500000","0014250000","0","0","1500000","14250000"
1090040268,"01",1,"9314","4521",3,"10",7,"0003600000","0034200000","0003600000","0034200000","0","0","3600000","34200000"
1090152255,"01",1,"4190","7512",1,"7",6,"0007152800","0097813000","0006064800","0074902000","0000523000","0015111000","6587800","90013000"
1090152255,"03",2,"0112","7522",1,NA,NA,"0","0001500000","0","0001500000","0","0","0","1500000"
1090152255,"03",1,"7421","3610",3,"8",3,"0000600000","0007000000","0000600000","0007000000","0","0","600000","7000000"
1090128152,"02",1,"2320","8021",1,"6",2,"0002725000","0035405000","0002500000","0029500000","0","0003000000","2500000","32500000"
1090152258,"02",1,"3432","7411",1,"7",6,"0006120000","0081200000","0005600000","0066700000","0","0007850000","5600000","74550000"
1090128161,"01",1,"3435","3430",3,"10",6,"0006272000","0076448000","0005600000","0064400000","0","0004000000","5600000","68400000"
1090008012,"01",1,"1100","7511",1,"8",6,"0014576000","0189843000","0011194000","0148543000","0002530000","0027800000","13724000","176343000"
1090104210,"01",1,"8322","5156",3,"8",6,"0004300000","0054740000","0004000000","0047200000","0","0003000000","4000000","50200000"
1090104210,"03",1,"8155","4020",3,"8",6,"0008960000","0116978000","0008000000","0094400000","0","0010000000","8000000","104400000"
1090032186,"01",1,"7133","4540",3,"8",4,"0002800000","0034000000","0002800000","0034000000","0","0","2800000","34000000"
1090032192,"01",1,"3475","9241",3,"4",3,"0001500000","0017000000","0001500000","0017000000","0","0","1500000","17000000"
1090032192,"01",1,"2320","8021",1,"6",4,"0008216000","0114810000","0006081000","0086730000","0000915000","0017100000","6996000","103830000"
1090032192,"02",1,"2320","8021",1,"6",4,"0007910000","0110642000","0005340000","0084000000","0001720000","0015900000","7060000","99900000"
1090032195,"02",1,"2332","8011",3,"6",6,"0000700000","0005000000","0000700000","0005000000","0","0","700000","5000000"
1090032195,"03",2,"3435","5238",3,NA,NA,"0","0004500000","0","0004500000","0","0","0","4500000"
1090080325,"01",1,"8312","6010",1,"8",5,"0007589700","0109581000","0006875000","0085135200","0","0015421800","6875000","100557000"
1090072112,"01",1,"9314","4521",3,"8",3,"0001700000","0015000000","0001700000","0015000000","0","0","1700000","15000000"
1090072114,"01",1,"9314","4521",3,"8",4,"0003500000","0038000000","0003500000","0038000000","0","0","3500000","38000000"
1090072119,"01",1,"5122","5521",3,"12",6,"0010000000","0065000000","0005000000","0060000000","0005000000","0005000000","10000000","65000000"
1090048146,"01",1,"8324","5129",3,"10",6,"0005187600","0070811000","0004675000","0054855000","0","0009176000","4675000","64031000"
1090048155,"01",1,"5130","7493",3,"10",6,"0007962700","0058618100","0003804000","0040072600","0003500000","0009125500","7304000","49198100"
1090048159,"01",1,"8124","2721",3,"9",6,"0015817920","0090170800","0006491000","0065912500","0008752000","0015162300","15243000","81074800"
1090048149,"01",1,"4211","6023",3,"9",6,"0011896000","0075917000","0005144000","0052452000","0006000000","0013157000","11144000","65609000"
1090096143,"02",2,"9131","5511",3,NA,NA,"0","0039176000","0","0034150000","0","0003800000","0","37950000"
1090096149,"03",2,"9160","7493",3,NA,NA,"0","0027500000","0","0023900000","0","0","0","23900000"
1090012202,"01",1,"7501","1724",3,"5",4,"0000300000","0001000000","0000300000","0001000000","0","0","300000","1000000"
1090012214,"03",1,"2320","8021",3,"2",1,"0000520000","0002000000","0000520000","0002000000","0","0","520000","2000000"
1090012214,"03",2,"2310","8031",1,NA,NA,"0","0001000000","0","0001000000","0","0","0","1000000"
1090096152,"01",1,"9131","7493",3,"9",6,"0008975000","0059116200","0004100000","0044966000","0004500000","0009170000","8600000","54136000"
1090072110,"01",1,"7438","1732",3,"11",6,"0005200000","0047800000","0003300000","0037000000","0001500000","0006500000","4800000","43500000"
1090072110,"02",1,"7438","1732",3,"4",3,"0000500000","0006000000","0000500000","0006000000","0","0","500000","6000000"
1090072110,"03",1,"7137","4532",3,"8",6,"0001200000","0015000000","0001200000","0015000000","0","0","1200000","15000000"
1090156063,"01",1,"7132","4540",3,"8",5,"0004500000","0042000000","0004500000","0042000000","0","0","4500000","42000000"
1090156055,"01",1,"7132","4540",3,"8",5,"0003000000","0043000000","0003000000","0043000000","0","0","3000000","43000000"
1090156061,"01",2,"9211","0111",3,NA,NA,"0","0017000000","0","0017000000","0","0","0","17000000"
1090012209,"01",1,"8324","6023",3,"8",6,"0004200000","0050000000","0004200000","0045000000","0","0005000000","4200000","50000000"
1090080332,"01",1,"9314","4521",3,"8",4,"0001800000","0021000000","0001800000","0021000000","0","0","1800000","21000000"
1090132050,"01",1,"5220","5126",3,"10",6,"0003600000","0046200000","0003348000","0040176000","0","0003000000","3348000","43176000"
1090152253,"04",1,"7132","4540",3,"8",5,"0002700000","0011500000","0002700000","0011500000","0","0","2700000","11500000"
1090152253,"04",2,"0112","7522",1,NA,NA,"0","0001400000","0","0001400000","0","0","0","1400000"
1090032183,"01",1,"3113","6421",1,"8",6,"0017870000","0121815000","0007375000","0088915000","0009600000","0021800000","16975000","110715000"
1090060165,"01",2,"7418","1546",3,NA,NA,"0","0025000000","0","0025000000","0","0","0","25000000"
1090060159,"03",1,"5220","5131",3,"10",6,"0005000000","0060000000","0005000000","0060000000","0","0","5000000","60000000"
1090060159,"04",1,"5220","5131",3,"10",6,"0004500000","0054000000","0004500000","0054000000","0","0","4500000","54000000"
1090084205,"01",1,"9333","6023",3,"6",6,"0002000000","0024000000","0002000000","0024000000","0","0","2000000","24000000"
1090084205,"03",2,"7141","4540",3,NA,NA,"0","0036000000","0","0036000000","0","0","0","36000000"
1090084205,"04",1,"9132","5223",3,"10",7,"0003000000","0036000000","0003000000","0036000000","0","0","3000000","36000000"
1090084199,"01",1,"7141","4540",3,"8",6,"0004500000","0022500000","0004500000","0022500000","0","0","4500000","22500000"
1090084199,"01",2,"9332","1810",3,NA,NA,"0","0006000000","0","0006000000","0","0","0","6000000"
1090084199,"03",1,"2332","8011",3,"2",6,"0001000000","0012000000","0001000000","0012000000","0","0","1000000","12000000"
1090108103,"02",1,"4115","7320",3,"8",6,"0005000000","0041300000","0003069000","0036828000","0001581000","0001581000","4650000","38409000"
1090024120,"01",1,"4190","7522",1,"8",6,"0009300000","0068600000","0004740700","0056888400","0003640000","0004540000","8380700","61428400"
1090024120,"03",1,"5220","5219",1,"10",6,"0003500000","0036500000","0003000000","0036000000","0000500000","0000500000","3500000","36500000"
1090108102,"01",1,"2142","7511",1,"9",6,"0011700000","0101900000","0005580000","0066960000","0005301000","0027807000","10881000","94767000"
1090108109,"01",1,"2320","8021",1,"6",4,"0009000000","0071000000","0005005000","0060060000","0003255000","0004650000","8260000","64710000"
1090108109,"02",1,"2320","8021",3,"6",5,"0003500000","0045000000","0003255000","0041850000","0","0","3255000","41850000"
1090040266,"01",1,"9141","8011",3,"14",7,"0002500000","0030000000","0002500000","0030000000","0","0","2500000","30000000"
1090112202,"01",1,"7141","4521",3,"9",6,"0010000000","0090000000","0010000000","0090000000","0","0","10000000","90000000"
1090112211,"01",1,"4190","6304",3,"7",6,"0002000000","0024000000","0002000000","0024000000","0","0","2000000","24000000"
1090144183,"01",1,"3113","7498",3,"12",5,"0010500000","0051300000","0003255000","0039060000","0006510000","0008649000","9765000","47709000"
1090144171,"01",1,"3435","0201",1,"10",6,"0011157300","0092984100","0004192800","0050313600","0005345000","0029160000","9537800","79473600"
1090144176,"01",1,"9333","6023",3,"10",7,"0003000000","0036000000","0003000000","0036000000","0","0","3000000","36000000"
1090144180,"01",1,"3435","9195",3,"11",6,"0010180000","0087180000","0005766000","0069192000","0003924000","0013456500","9690000","82648500"
1090144172,"01",1,"5123","7493",3,"12",5,"0008000000","0063000000","0004650000","0055800000","0003000000","0003000000","7650000","58800000"
1090144172,"02",1,"2331","8012",1,"4",6,"0008700000","0069200000","0005005000","0060060000","0003180000","0003180000","8185000","63240000"
1090112204,"01",1,"3113","4010",3,"8",7,"0005400000","0069400000","0004278000","0051336000","0000744000","0013206000","5022000","64542000"
1090116107,"02",1,"2320","8021",1,"8",3,"0008850000","0066280000","0004781650","0056423450","0003150000","0003150000","7931650","59573450"
1090044058,"01",1,"3113","4010",3,"9",6,"0005300000","0068200000","0004464000","0053568000","0000465000","0009858000","4929000","63426000"
1090108107,"01",1,"3429","5131",3,"10",6,"0010000000","0120000000","0010000000","0120000000","0","0","10000000","120000000"
1090120008,"01",1,"7436","1729",3,"9",6,"0001600000","0026000000","0001600000","0026000000","0","0","1600000","26000000"
1090120008,"03",1,"7218","3610",3,"8",6,"0002000000","0024600000","0002000000","0024600000","0","0","2000000","24600000"
1090120001,"01",1,"3118","4522",3,"12",6,"0006757500","0061415000","0004757500","0057090000","0002000000","0004000000","6757500","61090000"
1090044052,"01",1,"8322","6022",3,"11",7,"0003600000","0043200000","0003600000","0043200000","0","0","3600000","43200000"
1090056048,"04",1,"7137","4532",3,"8",6,"0002600000","0007980000","0002600000","0007980000","0","0","2600000","7980000"
1090036190,"01",1,"2310","8031",1,"8",5,"0018000000","0192800000","0011385500","0136626000","0004638500","0025975900","16024000","162601900"
1090072105,"01",1,"9131","9500",3,"6",3,"0001200000","0011000000","0001200000","0011000000","0","0","1200000","11000000"
1090120015,"01",1,"3115","7498",3,"10",6,"0008900000","0062765000","0004300000","0051600000","0004000000","0007000000","8300000","58600000"
1090128157,"01",2,"9131","9500",3,NA,NA,"0","0006000000","0","0006000000","0","0","0","6000000"
1100013199,"01",1,"2142","4522",3,"8",6,"0006000000","0083200000","0005100000","0062400000",NA,"0010000000","5100000","72400000"
1100013199,"02",1,"2320","8021",1,"8",4,"0004300000","0055400000","0003900000","0047600000",NA,"0003000000","3900000","50600000"
1100013196,"01",1,"8322","6023",3,"10",6,"0003650000","0048600000","0003100000","0037200000","0000200000","0008400000","3300000","45600000"
1100013190,"02",1,"9211","7512",1,"3",2,"0000300000","0003600000","0000300000","0003600000",NA,NA,"300000","3600000"
1100013187,"01",1,"5123","7493",3,"8",5,"0003400000","0046800000","0003100000","0039000000",NA,"0006000000","3100000","45000000"
1100013187,"03",1,"9314","4521",3,"10",6,"0002000000","0006000000","0002000000","0006000000",NA,NA,"2000000","6000000"
1100049201,"02",1,"0112","7522",1,"8",6,"0000220000","0003600000","0000180000","0003600000","0","0","180000","3600000"
1100125174,"01",2,"9314","4521",3,NA,NA,"0","0006800000","0","0006800000","0","0","0","6800000"
1100125174,"01",1,"8281","7421",3,"9",6,"0003550000","0003550000","0003300000","0003300000","0","0","3300000","3300000"
1100125164,"01",1,"4190","7511",1,"7",6,"0005000000","0063000000","0004650000","0055800000",NA,"0003000000","4650000","58800000"
1100125166,"01",1,"9160","7493",3,"8",7,"0004460000","0055100000","0003800000","0039600000","0000360000","0012500000","4160000","52100000"
1100125171,"03",1,"4212","6512",1,"8",6,"0005070000","0018800000","0004626000","0016850000",NA,"0000400000","4626000","17250000"
1100101211,"01",2,"7131","4521",3,NA,NA,"0","0009000000","0","0009000000","0","0","0","9000000"
1100053151,"01",1,"7132","4540",3,"8",5,"0005500000","0065000000","0005500000","0065000000",NA,NA,"5500000","65000000"
1100053140,"01",1,"8324","6023",3,"12",6,"0003000000","0036000000","0003000000","0036000000",NA,NA,"3000000","36000000"
1100065070,"01",1,"8276","1542",3,"8",7,"0003740000","0048880000","0003500000","0042000000",NA,"0004000000","3500000","46000000"
1100065057,"03",1,"9211","0112",3,"8",3,"0002000000","0021600000","0002000000","0021600000",NA,NA,"2000000","21600000"
1100041013,"02",1,"5220","5233",3,"10",6,"0002000000","0026000000","0001860000","0022320000",NA,"0002000000","1860000","24320000"
1100077015,"01",1,"1410","8532",1,"10",6,"0006720000","0080000000","0006000000","0072000000",NA,"0003000000","6000000","75000000"
1100125162,"01",1,"4212","6512",1,"8",6,"0008700000","0122500000","0007840000","0094000000",NA,"0018000000","7840000","112000000"
1100049200,"01",1,"8261","1711",3,"8",6,"0003740000","0050400000","0003500000","0042000000",NA,"0006000000","3500000","48000000"
1100049190,"01",1,"2142","4020",1,"9",5,"0011100000","0135000000","0010000000","0120000000",NA,"0003000000","10000000","123000000"
1100037063,"01",1,"9314","4521",3,"8",6,"0004500000","0049500000","0004500000","0049500000",NA,NA,"4500000","49500000"
1100077008,"01",2,"2320","8021",1,NA,NA,"0","0035000000","0","0027000000","0","0003000000","0","30000000"
1100101223,"03",2,"0112","7522",3,NA,NA,"0","0005000000","0","0005000000","0","0","0","5000000"
1100101223,"03",1,"7218","3430",1,"11",7,"0004350000","0006500000","0004000000","0006000000","0","0","4000000","6000000"
1100077002,"01",1,"4211","6512",1,"8",6,"0004810000","0060000000","0004500000","0054000000",NA,"0003000000","4500000","57000000"
1100017005,"01",1,"9160","7493",3,"8",6,"0003300000","0046600000","0003100000","0037200000",NA,"0007000000","3100000","44200000"
1100113185,"03",1,"5220","5233",3,"5",3,"0","0","0","0","0","0","0","0"
1100113189,"01",1,"9314","4521",3,"8",3,"0002100000","0018000000","0002100000","0018000000",NA,NA,"2100000","18000000"
1100113189,"03",1,"9112","5233",3,"9",1,"0000300000","0000300000","0000300000","0000300000",NA,NA,"300000","300000"
1100113189,"03",1,"9314","4521",3,"8",4,"0002800000","0018750000","0002800000","0018750000",NA,NA,"2800000","18750000"
1100113189,"04",1,"7231","5020",3,"12",6,"0000070000","0000070000","0000070000","0000070000",NA,NA,"70000","70000"
1100137116,"01",2,"9314","4521",3,NA,NA,"0","0012180000","0","0010500000","0","0001200000","0","11700000"
1100137117,"03",1,"0112","7522",1,"8",6,"0000300000","0003600000","0000300000","0003600000",NA,NA,"300000","3600000"
1100137124,"01",1,"9152","6023",3,"15",7,"0002000000","0024000000","0002000000","0024000000",NA,NA,"2000000","24000000"
1100137124,"03",1,"7231","5020",3,"8",6,"0002500000","0032000000","0002500000","0030000000",NA,"0002000000","2500000","32000000"
1100005106,"01",1,"4134","6023",3,"8",7,"0003150000","0042800000","0003000000","0036000000","0","0005000000","3000000","41000000"
1100029196,"01",1,"9160","4010",3,"8",6,"0003800000","0054500000","0003500000","0040000000",NA,"0011000000","3500000","51000000"
1100029199,"01",2,"8232","2520",3,NA,NA,"0","0029750000","0","0028000000","0","0","0","28000000"
1100029201,"01",1,"1429","7523",1,"9",5,"0010500000","0124000000","0009354500","0108500000",NA,"0003000000","9354500","111500000"
1100017011,"01",1,"7418","1546",3,"8",6,"0003200000","0022600000","0003200000","0022600000",NA,NA,"3200000","22600000"
1100085171,"01",1,"2320","8021",1,"4",6,"0007066000","0087792000","0006400000","0076800000",NA,"0003000000","6400000","79800000"
1100085173,"01",1,"8323","6022",3,"6",6,"0003500000","0042000000","0003500000","0042000000",NA,NA,"3500000","42000000"
1100025172,"01",1,"9131","9301",3,"3",6,"0003000000","0036000000","0003000000","0036000000",NA,NA,"3000000","36000000"
1100073109,"02",1,"2331","7512",1,"3",6,"0001950000","0015000000","0000927000","0012450000","0000800000","0001400000","1727000","13850000"
1100073110,"01",1,"8332","7511",1,"8",6,"0005150000","0068000000","0004800000","0058000000",NA,"0006000000","4800000","64000000"
1100073119,"01",1,"5220","5219",1,"10",6,"0003000000","0036000000","0003000000","0036000000",NA,NA,"3000000","36000000"
1100073113,"01",2,"2461","8032",3,NA,NA,"0","0009600000","0","0008800000","0","0","0","8800000"
1100073113,"01",1,"2310","8032",3,"4",5,"0003150000","0027400000","0002300000","0018400000","0000600000","0006500000","2900000","24900000"
1100073117,"01",1,"7233","2710",3,"8",6,"0004870000","0066500000","0004500000","0054000000",NA,"0008000000","4500000","62000000"
1100073117,"02",1,"2230","8511",1,"6",6,"0004900000","0070500000","0004500000","0054000000",NA,"0011000000","4500000","65000000"
1100109297,"01",1,"9314","4521",3,"8",4,"0001400000","0024300000","0001400000","0024300000",NA,NA,"1400000","24300000"
1100025166,"01",1,"5220","5131",3,"12",6,"0005600000","0070200000","0005000000","0060000000",NA,NA,"5000000","60000000"
1100133154,"01",1,"9160","7511",1,"8",6,"0003250000","0039600000","0003030000","0032070000",NA,"0005000000","3030000","37070000"
1100133163,"01",2,"9211","0112",3,NA,NA,"0","0011200000","0","0011200000","0","0","0","11200000"
1100133161,"01",2,"9314","4521",3,NA,NA,"0","0003600000","0","0003600000","0","0","0","3600000"
1100133161,"01",2,"9211","0111",3,NA,NA,"0","0003600000","0","0003600000","0","0","0","3600000"
1100017002,"01",1,"9314","4521",3,"8",3,"0002000000","0024000000","0002000000","0024000000",NA,NA,"2000000","24000000"
1100061104,"03",1,"2145","7421",3,"8",5,"0003050000","0047000000","0002800000","0039000000",NA,"0005300000","2800000","44300000"
1100061096,"02",1,"2332","8011",3,"5",6,"0000500000","0006000000","0000500000","0006000000",NA,NA,"500000","6000000"
1100061104,"05",1,"4221","6304",3,"8",6,"0001500000","0013500000","0001500000","0013500000",NA,NA,"1500000","13500000"
1100037061,"03",1,"6111","0111",3,"10",6,"0002000000","0018000000","0002000000","0018000000",NA,NA,"2000000","18000000"
1100037061,"04",1,"6111","0111",3,"10",6,"0002000000","0018000000","0002000000","0018000000",NA,NA,"2000000","18000000"
1100017008,"01",1,"9160","8511",1,"16",3,"0004700000","0059800000","0004250000","0051400000",NA,"0003000000","4250000","54400000"
1100017008,"03",1,"7214","4521",3,"8",6,"0003500000","0042000000","0003500000","0042000000",NA,NA,"3500000","42000000"
1100097009,"03",1,"7431","1711",3,"8",7,"0","0","0","0","0","0","0","0"
1100097009,"04",2,"0112","7522",1,NA,NA,"0","0002000000","0","0002000000","0","0","0","2000000"
1100097009,"04",1,"8261","1711",3,"8",7,"0","0","0","0","0","0","0","0"
1100097010,"01",1,"8261","1726",3,"8",6,"0005800000","0071100000","0004780000","0057360000","0000650000","0009900000","5430000","67260000"
1100097013,"01",1,"9141","8021",1,"8",7,"0005100000","0064200000","0004683000","0056196000",NA,"0003000000","4683000","59196000"
1100097013,"03",1,"8261","1711",3,"8",6,"0003640000","0048980000","0003420000","0041040000",NA,"0005300000","3420000","46340000"
1100097002,"01",1,"9160","7493",3,"9",6,"0005257500","0058284000","0004140300","0049683600","0000760000","0006000000","4900300","55683600"
1100009056,"03",1,"3435","5234",3,"8",6,"0001100000","0005500000","0001100000","0005500000",NA,NA,"1100000","5500000"
1100009056,"04",1,"8224","3320",3,"8",6,"0001500000","0019500000","0001500000","0018000000",NA,"0001500000","1500000","19500000"
1100009061,"01",1,"9211","0112",3,"10",6,"0003315000","0037820000","0003315000","0037660000",NA,"0000160000","3315000","37820000"
1100009061,"02",1,"7501","1724",3,"5",4,"0001400000","0016800000","0001400000","0016800000",NA,NA,"1400000","16800000"
1100009061,"03",2,"9314","4521",3,NA,NA,"0","0009000000","0","0009000000","0","0","0","9000000"
1100009061,"04",1,"5220","5232",3,"5",3,"0000600000","0019800000","0000600000","0019800000",NA,NA,"600000","19800000"
1100009059,"01",1,"5220","5126",3,"14",7,"0002650000","0032300000","0002650000","0031800000",NA,"0000500000","2650000","32300000"
1100061093,"01",1,"8125","2710",1,"8",6,"0011000000","0115000000","0010200000","0097000000",NA,"0003000000","10200000","100000000"
1100133159,"01",1,"9211","0111",3,"10",3,"0002250000","0022000000","0002250000","0022000000",NA,NA,"2250000","22000000"
1100133159,"03",2,"9152","0113",3,NA,NA,"0","0001800000","0","0001800000","0","0","0","1800000"
1100133159,"03",2,"9314","4521",3,NA,NA,"0","0005400000","0","0005400000","0","0","0","5400000"
1100133159,"03",1,"8331","0140",3,"8",2,"0000400000","0007200000","0000400000","0007200000",NA,NA,"400000","7200000"
1100057010,"01",1,"9211","0111",3,"12",7,"0002000000","0024000000","0002000000","0024000000",NA,NA,"2000000","24000000"
1100057010,"03",1,"9211","0111",3,"12",7,"0001500000","0018000000","0001500000","0018000000",NA,NA,"1500000","18000000"
1100057010,"05",1,"9211","0111",3,"12",7,"0001000000","0012000000","0001000000","0012000000",NA,NA,"1000000","12000000"
1100057007,"01",1,"8261","1711",3,"8",6,"0003300000","0045100000","0003100000","0037400000",NA,"0005300000","3100000","42700000"
1100057013,"01",1,"7218","3430",3,"8",6,"0003350000","0046000000","0003100000","0037700000",NA,"0005300000","3100000","43000000"
1100057006,"01",1,"5220","1810",3,"8",6,"0003200000","0043400000","0003000000","0036000000","0","0005000000","3000000","41000000"
1100021011,"03",1,"7437","3610",3,"5",6,"0002000000","0025200000","0002000000","0024000000",NA,"0001200000","2000000","25200000"
1100021014,"01",1,"3431","8532",1,"7",6,"0072000000","0093900000","0006336000","0076032000",NA,"0007500000","6336000","83532000"
1100021014,"02",1,"2320","8021",1,"6",4,"0003210000","0040820000","0003000000","0035600000",NA,"0001500000","3000000","37100000"
1100093011,"03",1,"0111","7522",1,"8",6,"0004300000","0054600000","0004000000","0048000000",NA,"0003000000","4000000","51000000"
1100093001,"01",1,"3222","8513",1,"12",6,"0009238055","0113856660","0008454501","0101454012",NA,"0003000000","8454501","104454012"
1100093001,"04",2,"9132","7498",3,NA,NA,"0","0001200000","0","0001200000","0","0","0","1200000"
1100117064,"01",1,"7222","2930",3,"8",6,"0003852000","0034000000","0003600000","0029700000",NA,"0002500000","3600000","32200000"
1100033012,"01",1,"9314","4521",3,"8",3,"0003000000","0036000000","0003000000","0036000000",NA,NA,"3000000","36000000"
1100033007,"01",1,"7224","2892",3,"10",6,"0003300000","0046600000","0003100000","0039200000",NA,"0005000000","3100000","44200000"
1100045154,"03",1,"2320","8021",1,"6",5,"0002150000","0027800000","0002000000","0024000000",NA,"0002000000","2000000","26000000"
1100045154,"05",1,"4190","6512",3,"10",3,"0002000000","0024000000","0002000000","0024000000",NA,NA,"2000000","24000000"
1100045167,"01",1,"4211","5522",3,"2",7,"0000760000","0037210000","0000760000","0034200000",NA,NA,"760000","34200000"
1100045159,"01",1,"9314","4521",3,"8",4,"0002240000","0027000000","0002240000","0027000000",NA,NA,"2240000","27000000"
1100045163,"01",1,"9152","2911",3,"10",5,"0003610000","0049200000","0003400000","0041000000",NA,"0006000000","3400000","47000000"
1100045163,"02",1,"8333","2911",3,"10",5,"0003410000","0043200000","0003200000","0036000000",NA,"0006000000","3200000","42000000"
1100081167,"01",1,"3231","8513",1,"12",6,"0005510000","0070000000","0005000000","0058000000","0","0003000000","5000000","61000000"
1100081175,"03",2,"5220","1546",3,NA,NA,"0","0002400000","0","0002400000","0","0","0","2400000"
1100021003,"04",1,"2142","4521",3,"8",6,"0005850000","0071000000","0005225000","0062700000",NA,"0005000000","5225000","67700000"
1100113197,"01",1,"1426","6302",3,"12",7,"0007000000","0035000000","0007000000","0035000000",NA,NA,"7000000","35000000"
1100089063,"03",1,"3152","2698",3,"12",4,"0004450000","0056300000","0004200000","0048400000",NA,"0005300000","4200000","53700000"
1100089063,"04",1,"3225","8513",3,"8",6,"0001800000","0022000000","0001800000","0022000000","0","0","1800000","22000000"
1100093005,"04",1,"7501","1724",3,"8",6,"0003000000","0036000000","0003000000","0036000000",NA,NA,"3000000","36000000"
1100093005,"05",1,"2411","1726",3,"5",6,"0001720000","0010320000","0001500000","0009000000",NA,NA,"1500000","9000000"
1100093005,"06",1,"8124","3130",3,"8",6,"0004250000","0055000000","0004000000","0048000000",NA,"0004000000","4000000","52000000"
1100049196,"01",1,"4113","6023",3,"9",5,"0004800000","0064600000","0004500000","0055000000",NA,"0006000000","4500000","61000000"
1100049193,"02",1,"2432","7513",1,"7",6,"0004500000","0059400000","0004200000","0046800000",NA,"0009000000","4200000","55800000"
1100001122,"01",1,"2411","8090",1,"8",6,"0005000000","0053100000","0004700000","0041600000",NA,"0009000000","4700000","50600000"
1100053147,"01",1,"5169","7491",3,"8",6,"0004280000","0054400000","0004000000","0050000000",NA,"0003000000","4000000","53000000"
1100001119,"02",2,"7438","5260",3,NA,NA,"0","0012600000","0","0012000000","0","0","0","12000000"
1100065065,"01",1,"4134","1711",3,"10",7,"0003520000","0044500000","0003300000","0038000000",NA,"0002500000","3300000","40500000"
1100029192,"03",2,"7442","5260",3,NA,NA,"0","0000200000","0","0000200000","0","0","0","200000"
1100021005,"01",1,"2142","4521",3,"10",6,"0008940000","0102000000","0008000000","0095000000",NA,NA,"8000000","95000000"
1100057002,"01",2,"7135","5234",3,NA,NA,"0","0038600000","0","0031920000","0","0005000000","0","36920000"
1100057002,"02",2,"7433","1810",3,NA,NA,"0","0008600000","0","0008400000","0","0000200000","0","8600000"
1100001125,"01",1,"9314","4521",3,"8",1,"0000750000","0009000000","0000750000","0009000000",NA,"0","750000","9000000"
1100005117,"01",1,"9152","6023",3,"8",7,"0006134335","0075042668","0005493849","0058714353",NA,"0009800000","5493849","68514353"
1100005117,"03",1,"8211","2891",3,"9",6,"0003700000","0048950000","0003500000","0039300000",NA,"0007700000","3500000","47000000"
1100105228,"01",1,"4212","6512",1,"8",6,"0006000000","0070500000","0005500000","0060450000","0","0002800000","5500000","63250000"
1100105224,"01",1,"7241","2710",1,"8",5,"0008000000","0094500000","0006100000","0069600000","0001000000","0016000000","7100000","85600000"
1100105231,"01",1,"8324","6023",3,"14",6,"0004700000","0059400000","0004700000","0057900000",NA,"0001500000","4700000","59400000"
1100105217,"01",2,"9314","4521",3,NA,NA,"0","0001800000","0","0001800000","0","0","0","1800000"
1100105217,"03",1,"8332","4550",3,"8",4,"0002000000","0007000000","0002000000","0007000000",NA,NA,"2000000","7000000"
1100069107,"01",1,"7142","2930",3,"8",6,"0003370000","0038950000","0003150000","0033950000",NA,"0002640000","3150000","36590000"
1100069113,"02",2,"9160","8011",3,NA,NA,"0","0007700000","0","0006400000","0","0000400000","0","6800000"
1100069118,"01",1,"8322","6023",3,"9",6,"0004720000","0054200000","0004500000","0051750000",NA,NA,"4500000","51750000"
1100069118,"03",2,"0112","7522",1,NA,NA,"0","0003100000","0","0003100000","0","0","0","3100000"
1100121119,"02",2,"4190","1520",3,NA,NA,"0","0047170000","0","0040000000","0","0005300000","0","45300000"
1100121114,"01",1,"9333","8532",1,"8",6,"0004200000","0050700000","0004000000","0044920000",NA,"0003600000","4000000","48520000"
1100121110,"02",2,"2331","8012",3,NA,NA,"0","0018340000","0","0018340000","0","0","0","18340000"
1100121105,"01",1,"2320","8021",1,"6",4,"0006000000","0071760000","0005680000","0065100000",NA,"0003000000","5680000","68100000"
1100121113,"01",1,"8333","2696",3,"10",6,"0004700000","0057083000","0004500000","0049500000",NA,"0005300000","4500000","54800000"
1100129171,"02",1,"4111","7491",3,"8",6,"0003250000","0040550000","0003030000","0032900000",NA,"0005280000","3030000","38180000"
1100129174,"01",1,"8324","6023",3,"12",6,"0002500000","0007500000","0002500000","0007500000",NA,NA,"2500000","7500000"
1100129164,"03",1,"8324","6023",3,"15",5,"0004000000","0048000000","0004000000","0048000000",NA,NA,"4000000","48000000"
1100129164,"04",2,"7134","4521",3,NA,NA,"0","0018000000","0","0018000000","0","0","0","18000000"
1100129175,"01",1,"7501","1724",3,"5",6,"0000190000","0010700000","0000190000","0010700000",NA,NA,"190000","10700000"
1100126011,"01",1,"4190","7511",1,"7",6,"0004014080","0051168960","0003787160","0045445920",NA,"0003000000","3787160","48445920"
1100006223,"01",1,"8232","3430",3,"8",6,"0002350000","0007050000","0002350000","0007050000",NA,NA,"2350000","7050000"
1100006223,"01",2,"8155","2320",3,NA,NA,"0","0018550000","0","0017400000","0","0","0","17400000"
1100126004,"01",1,"8324","6023",3,"6",6,"0005000000","0060000000","0005000000","0060000000",NA,NA,"5000000","60000000"
1100006219,"01",1,"5111","7513",3,"11",7,"0003640000","0044800000","0003400000","0038000000",NA,"0004000000","3400000","42000000"
1100018208,"01",1,"7245","6421",3,"8",5,"0003300000","0046100000","0003070000","0037340000",NA,"0006000000","3070000","43340000"
1100042053,"01",1,"4223","6421",3,"5",7,"0002780000","0033400000","0002600000","0031200000",NA,"0001000000","2600000","32200000"
1100062150,"03",2,"7437","1721",3,NA,NA,"0","0004000000","0","0004000000","0","0","0","4000000"
1100066114,"03",2,"0112","7522",1,NA,NA,"0","0002600000","0","0002400000","0","0000200000","0","2600000"
1100066119,"03",1,"7221","2811",3,"10",6,"0003210000","0045200000","0003000000","0036000000","0","0002000000","3000000","38000000"
1100098155,"03",1,"7231","5020",3,"10",6,"0000600000","0004000000","0000600000","0003800000",NA,"0000200000","600000","4000000"
1100098164,"01",1,"8267","1711",3,"8",6,"0004000000","0052000000","0003730000","0044760000",NA,"0004000000","3730000","48760000"
1100098164,"03",1,"5220","5232",3,"8",7,"0005000000","0060000000","0004700000","0056400000",NA,NA,"4700000","56400000"
1100114069,"01",1,"7126","4523",3,"5",4,"0003200000","0040000000","0003200000","0040000000",NA,NA,"3200000","40000000"
1100002198,"03",1,"5220","5229",3,"5",7,"0001500000","0018000000","0001500000","0018000000",NA,NA,"1500000","18000000"
1100002203,"03",1,"9314","4521",3,"8",4,"0001920000","0025200000","0001920000","0025200000",NA,NA,"1920000","25200000"
1100002203,"04",1,"9314","4521",3,"8",4,"0001600000","0021000000","0001600000","0021000000",NA,NA,"1600000","21000000"
1100038161,"01",1,"8333","2520",3,"8",6,"0004200000","0055500000","0004020000","0045500000",NA,"0007500000","4020000","53000000"
1100086107,"03",1,"5220","5234",3,"10",6,"0001300000","0002600000","0001300000","0002600000",NA,NA,"1300000","2600000"
1100086110,"01",1,"9314","4521",3,"7",2,"0001200000","0011440000","0001200000","0011440000",NA,NA,"1200000","11440000"
1100086110,"01",1,"6111","0111",3,"7",3,"0001200000","0017160000","0001200000","0017160000",NA,NA,"1200000","17160000"
1100122147,"01",2,"7433","1810",3,NA,NA,"0","0010200000","0","0009200000","0","0001000000","0","10200000"
1100122152,"01",1,"2143","4010",1,"12",5,"0006000000","0080000000","0005530000","0071600000",NA,"0003000000","5530000","74600000"
1100074171,"01",1,"9314","4521",3,"8",1,"0000900000","0004500000","0000900000","0004500000",NA,NA,"900000","4500000"
1100074179,"01",1,"9211","0113",3,"8",2,"0000900000","0013000000","0000900000","0013000000",NA,NA,"900000","13000000"
1100002207,"02",1,"4141","8513",1,"8",6,"0003300000","0042600000","0003150000","0037800000",NA,"0003000000","3150000","40800000"
1100074171,"01",2,"9211","0113",3,NA,NA,"0","0012000000","0","0012000000","0","0","0","12000000"
1100074172,"01",1,"9211","0113",3,"8",1,"0001500000","0021000000","0001500000","0021000000",NA,NA,"1500000","21000000"
1100086110,"03",1,"9314","4521",3,"5",5,"0002400000","0025200000","0002400000","0025200000",NA,NA,"2400000","25200000"
1100086110,"04",1,"9314","4521",3,"8",5,"0002400000","0019800000","0002400000","0019800000",NA,"0","2400000","19800000"
1100086111,"03",1,"9314","4540",3,"5",4,"0003150000","0027000000","0003150000","0027000000",NA,NA,"3150000","27000000"
1100086111,"04",1,"9314","4540",3,"5",4,"0002520000","0021600000","0002520000","0021600000",NA,NA,"2520000","21600000"
1100134258,"01",1,"9314","4521",3,"8",2,"0001500000","0022000000","0001500000","0022000000",NA,NA,"1500000","22000000"
1100134262,"01",1,"9314","4521",3,"8",1,"0000750000","0009000000","0000750000","0009000000",NA,NA,"750000","9000000"
1100134262,"03",2,"9314","4521",3,NA,NA,"0","0001000000","0","0001000000","0","0","0","1000000"
1100026012,"02",1,"2331","8012",3,"5",5,"0","0015000000","0","0013500000","0","0001500000","0","15000000"
1100026015,"02",1,"7231","5020",3,"10",6,"0000500000","0006000000","0000500000","0006000000",NA,NA,"500000","6000000"
1100062150,"01",1,"9314","4522",3,"8",6,"0003420000","0039600000","0003200000","0035200000",NA,"0002000000","3200000","37200000"
1100042051,"01",1,"2461","8032",3,"6",5,"0020300000","0024860000","0002000000","0024000000",NA,"0000500000","2000000","24500000"
1100042051,"01",1,"2461","9193",3,"5",7,"0002000000","0024600000","0002000000","0024000000",NA,"0000600000","2000000","24600000"
1100006221,"01",2,"9314","4521",3,NA,NA,"0","0012000000","0","0012000000","0","0","0","12000000"
1100006221,"05",1,"8232","3430",3,"8",6,"0002350000","0007100000","0002350000","0007100000",NA,NA,"2350000","7100000"
1100054210,"01",1,"0111","7522",1,"8",6,"0004000000","0057000000","0003700000","0045400000",NA,"0008000000","3700000","53400000"
1100062143,"01",2,"5220","1546",3,NA,NA,"0","0017000000","0","0017000000","0","0","0","17000000"
1100078098,"02",1,"2351","8012",1,"4",6,"0004800000","0039100000","0004510000","0034020000",NA,"0002500000","4510000","36520000"
1100078109,"03",2,"9314","4521",3,NA,NA,"0","0003600000","0","0003600000","0","0","0","3600000"
1100090015,"01",1,"7418","1546",3,"10",6,"0005800000","0072800000","0005500000","0062500000","0","0007000000","5500000","69500000"
1100018203,"01",1,"9314","4521",3,"8",5,"0004000000","0048000000","0004000000","0048000000",NA,NA,"4000000","48000000"
1100018206,"01",1,"8261","1711",3,"8",6,"0004300000","0058400000","0003950000","0048200000",NA,"0006000000","3950000","54200000"
1100018210,"01",1,"7133","4540",3,"8",3,"0002500000","0030000000","0002500000","0030000000",NA,NA,"2500000","30000000"
1100078104,"02",1,"3232","8513",1,"8",6,"0003250000","0042000000","0003000000","0036000000",NA,"0003000000","3000000","39000000"
1100098151,"01",1,"8125","2731",3,"8",6,"0003500000","0045000000","0003300000","0039600000",NA,"0003000000","3300000","42600000"
1100006230,"01",1,"9314","4521",3,"8",5,"0003600000","0036000000","0003600000","0036000000",NA,NA,"3600000","36000000"
1100006230,"04",1,"9314","4521",3,"8",4,"0002800000","0028600000","0002800000","0028600000",NA,NA,"2800000","28600000"
1100042058,"01",1,"5220","5222",3,"12",7,"0003210000","0038600000","0003000000","0036000000",NA,NA,"3000000","36000000"
1100042058,"03",1,"9320","2102",3,"10",6,"0002000000","0024000000","0002000000","0024000000",NA,NA,"2000000","24000000"
1100042058,"04",1,"5220","1520",3,"14",7,"0002500000","0030000000","0002500000","0030000000",NA,NA,"2500000","30000000"
1100078102,"01",1,"2320","8021",1,"7",5,"0004800000","0059000000","0004350000","0050500000",NA,"0002900000","4350000","53400000"
1100102097,"01",1,"8322","4100",1,"7",6,"0006000000","0075000000","0005300000","0063600000","0","0003000000","5300000","66600000"
1100102097,"02",2,"4222","8514",3,NA,NA,"0","0008000000","0","0008000000","0","0","0","8000000"
1100102100,"01",1,"8211","2710",3,"8",7,"0005320000","0072000000","0004734000","0056000000",NA,"0012000000","4734000","68000000"
1100102100,"02",1,"2320","8021",1,"6",6,"0006000000","0069000000","0005300000","0060000000","0","0003000000","5300000","63000000"
1100014167,"01",1,"9314","4521",3,"10",4,"0003000000","0036000000","0003000000","0036000000",NA,NA,"3000000","36000000"
1100014176,"01",1,"7442","1920",3,"10",6,"0002000000","0024000000","0002000000","0024000000",NA,NA,"2000000","24000000"
1100038163,"01",1,"7222","2811",3,"8",6,"0002340000","0002340000","0002340000","0002340000","0","0","2340000","2340000"
1100038163,"01",2,"9314","4521",3,NA,NA,"0","0027500000","0","0027500000","0","0","0","27500000"
1100038167,"05",1,"7133","4540",3,"8",5,"0003120000","0038000000","0003120000","0038000000",NA,NA,"3120000","38000000"
1100050171,"01",1,"8112","2413",1,"8",5,"0010960000","0130000000","0010000000","0120500000",NA,"0003000000","10000000","123500000"
1100062139,"01",2,"9132","7020",3,NA,NA,"0","0007600000","0","0007600000","0","0","0","7600000"
1100110052,"01",1,"2432","6421",1,"8",6,"0006500000","0082600000","0005490000","0063200000",NA,"0007000000","5490000","70200000"
1100110052,"02",1,"2490","6421",3,"8",6,"0005500000","0071000000","0005000000","0058400000",NA,"0007000000","5000000","65400000"
1100110055,"01",2,"9131","7493",3,NA,NA,"0","0029500000","0","0024294000","0","0004000000","0","28294000"
1100110056,"01",1,"2320","8021",1,"6",5,"0008000000","0095400000","0007200000","0082960000",NA,"0003000000","7200000","85960000"
1100110063,"04",2,"9131","8531",3,NA,NA,"0","0009000000","0","0009000000","0","0","0","9000000"
1100110063,"05",1,"7231","5020",3,"8",6,"0000080000","0000080000","0000080000","0000080000",NA,NA,"80000","80000"
1100006226,"01",1,"2461","8032",3,"2",5,"0001940000","0024500000","0001800000","0021600000",NA,"0001200000","1800000","22800000"
1100006226,"01",2,"2461","6304",3,NA,NA,"0","0006000000","0","0006000000","0","0","0","6000000"
1100006226,"01",2,"2461","9193",3,NA,NA,"0","0007000000","0","0007000000","0","0","0","7000000"
1100014171,"01",1,"9132","5233",3,"8",6,"0003500000","0042000000","0003500000","0042000000",NA,NA,"3500000","42000000"
1100026002,"03",1,"7422","2022",3,"10",6,"0003500000","0042000000","0003200000","0038400000",NA,NA,"3200000","38400000"
1100026002,"05",1,"7231","5020",3,"8",6,"0001000000","0001000000","0001000000","0001000000",NA,NA,"1000000","1000000"
1100030109,"01",1,"2351","7512",1,"8",6,"0004500000","0058000000","0004100000","0050200000","0","0003000000","4100000","53200000"
1100034101,"01",1,"9131","7493",3,"12",2,"0000500000","0006000000","0000500000","0006000000",NA,NA,"500000","6000000"
1100034105,"01",1,"5123","4522",3,"8",6,"0003300000","0027500000","0003100000","0024800000",NA,"0001000000","3100000","25800000"
1100034107,"02",1,"9131","9301",3,"5",4,"0001500000","0018000000","0001500000","0018000000",NA,NA,"1500000","18000000"
1100034107,"04",1,"7212","3311",3,"8",5,"0003000000","0009000000","0003000000","0009000000",NA,NA,"3000000","9000000"
1100034110,"01",1,"8323","6022",1,"8",7,"0006500000","0087200000","0004500000","0069600000","0001200000","0009200000","5700000","78800000"
1100046243,"02",2,"9160","6303",3,NA,NA,"0","0005000000","0","0005000000","0","0","0","5000000"
1100010201,"01",1,"9211","9003",3,"8",6,"0003210000","0039800000","0003000000","0035000000",NA,"0002000000","3000000","37000000"
1100010201,"03",1,"7422","2022",3,"10",6,"0001250000","0015000000","0001250000","0015000000",NA,NA,"1250000","15000000"
1100010207,"01",1,"4222","8513",3,"4",6,"0003475000","0045600000","0003240000","0037440000",NA,"0006000000","3240000","43440000"
1100010207,"02",1,"4190","8090",3,"4",6,"0000500000","0005400000","0000500000","0005400000",NA,NA,"500000","5400000"
1100082115,"01",1,"9132","7512",3,"8",6,"0003700000","0049200000","0003500000","0042000000","0","0004800000","3500000","46800000"
1100082115,"01",2,"9211","0130",3,NA,NA,"0","0004500000","0","0004500000","0","0","0","4500000"
1100094103,"01",1,"7218","2899",3,"8",6,"0003720000","0050640000","0003500000","0042000000",NA,"0006000000","3500000","48000000"
1100094108,"01",1,"5220","5234",3,"7",6,"0001500000","0018000000","0001500000","0018000000",NA,NA,"1500000","18000000"
1100094108,"02",1,"2331","8012",1,"4",6,"0005480000","0068760000","0005000000","0060000000",NA,"0003000000","5000000","63000000"
1100118157,"01",1,"9132","7493",3,"8",6,"0003700000","0048120000","0003500000","0039900000",NA,"0006000000","3500000","45900000"
1100118157,"04",1,"7136","4531",3,"8",6,"0003000000","0036000000","0003000000","0036000000",NA,NA,"3000000","36000000"
1100118157,"05",2,"9314","4521",3,NA,NA,"0","0004500000","0","0004500000","0","0","0","4500000"
1100118160,"01",1,"8324","6023",3,"10",6,"0004000000","0049500000","0004000000","0048000000",NA,"0001500000","4000000","49500000"
1100134265,"02",2,"9211","0111",3,NA,NA,"0","0003000000","0","0003000000","0","0","0","3000000"
1100050168,"01",1,"2142","2912",3,"6",6,"0003780000","0048800000","0003530000","0041400000",NA,"0005000000","3530000","46400000"
1100066111,"01",1,"8324","6023",3,"12",5,"0007000000","0030000000","0007000000","0030000000",NA,NA,"7000000","30000000"
1100122155,"01",1,"5220","7130",3,"5",6,"0001500000","0004500000","0001500000","0004500000",NA,NA,"1500000","4500000"
1100122157,"03",2,"7241","2811",3,NA,NA,"0","0055130000","0","0050000000","0","0002630000","0","52630000"
1100134265,"02",2,"9314","4521",3,NA,NA,"0","0007000000","0","0007000000","0","0","0","7000000"
1100094113,"03",1,"8261","1711",3,"8",6,"0003500000","0047000000","0003310000","0039720000",NA,"0005000000","3310000","44720000"
1100046239,"01",1,"0111","7522",1,"5",6,"0014925000","0182100000","0013000000","0157000000",NA,"0003000000","13000000","160000000"
1100058053,"01",1,"8324","6023",3,"12",6,"0004300000","0055100000","0004300000","0051600000",NA,"0003500000","4300000","55100000"
1100062153,"02",1,"4115","2692",1,"8",5,"0004960000","0063500000","0004460000","0052160000",NA,"0007000000","4460000","59160000"
1100090002,"01",1,"7233","2710",1,"8",6,"0006850000","0020500000","0006400000","0019100000",NA,NA,"6400000","19100000"
1100090002,"01",2,"7233","2914",3,NA,NA,"0","0048720000","0","0041000000","0","0005000000","0","46000000"
1100030105,"01",1,"1410","2811",3,"10",6,"0009000000","0117000000","0008300000","0099600000",NA,"0009000000","8300000","108600000"
1100046238,"04",2,"0112","7522",1,NA,NA,"0","0001200000","0","0001200000","0","0","0","1200000"
1100046238,"04",2,"7218","3610",3,NA,NA,"0","0003600000","0","0003600000","0","0","0","3600000"
1100074168,"01",1,"3435","8511",1,"8",6,"0007480000","0092100000","0006800000","0081000000",NA,"0002900000","6800000","83900000"
1100010210,"01",1,"8323","6023",3,"8",6,"0004660000","0059000000","0003700000","0043200000",NA,"0005000000","3700000","48200000"
1100010210,"03",1,"7212","4521",3,"8",6,"0003000000","0037500000","0002800000","0033600000",NA,"0001500000","2800000","35100000"
1100058060,"01",1,"2320","8021",1,"6",4,"0006000000","0076400000","0005100000","0062000000",NA,"0003600000","5100000","65600000"
1100070110,"02",1,"9333","5126",3,"12",7,"0003250000","0038540000","0003030000","0034020000",NA,"0002000000","3030000","36020000"
1100070110,"03",1,"7123","4521",3,"8",4,"0003750000","0030000000","0003750000","0030000000",NA,NA,"3750000","30000000"
1100070110,"04",1,"7231","5020",3,"8",7,"0003750000","0044500000","0003750000","0044500000",NA,NA,"3750000","44500000"
1100022114,"01",1,"5169","2320",3,"8",7,"0005500000","0077000000","0004700000","0057400000",NA,"0010000000","4700000","67400000"
1100022114,"02",1,"2320","8021",3,"6",4,"0004500000","0058500000","0004185000","0050220000",NA,"0004500000","4185000","54720000"
1100106109,"01",1,"9314","4521",3,"8",3,"0000360000","0027000000","0000360000","0027000000",NA,NA,"360000","27000000"
1100106109,"01",2,"9211","0111",3,NA,NA,"0","0000600000","0","0000600000","0","0","0","600000"
1100050164,"03",1,"8261","1711",3,"6",6,"0000700000","0008500000","0000700000","0008500000",NA,NA,"700000","8500000"
1100050174,"01",1,"2310","8031",3,"6",4,"0007270000","0085500000","0006405000","0076200000",NA,"0001500000","6405000","77700000"
1100106117,"03",1,"8281","2811",3,"8",6,"0003250000","0044500000","0003030000","0034020000",NA,"0007900000","3030000","41920000"
1100130006,"01",1,"4190","2710",3,"8",6,"0004750000","0058300000","0004500000","0051600000","0","0004000000","4500000","55600000"
1100130006,"02",1,"4111","7497",3,"8",6,"0000800000","0009600000","0000800000","0009600000",NA,"0","800000","9600000"
1100130008,"01",1,"2490","6512",1,"8",6,"0006783890","0099964479","0006143395","0071509118",NA,"0021000000","6143395","92509118"
1100130011,"02",1,"7231","5020",3,"8",6,"0003800000","0041100000","0003600000","0037750000",NA,"0001300000","3600000","39050000"
1100130013,"01",1,"8324","6023",3,"12",4,"0004000000","0048000000","0004000000","0048000000",NA,NA,"4000000","48000000"
1100058059,"01",1,"2320","8021",1,"6",4,"0004000000","0051500000","0003500000","0042500000",NA,"0003000000","3500000","45500000"
1100058065,"01",1,"9314","4521",3,"8",3,"0001500000","0018000000","0001500000","0018000000",NA,NA,"1500000","18000000"
1100003008,"01",1,"9314","4521",3,"8",1,"0000500000","0006000000","0000500000","0006000000",NA,NA,"500000","6000000"
1100039114,"01",1,"9160","8511",1,"8",6,"0004500000","0064500000","0004185000","0051720000",NA,"0009000000","4185000","60720000"
1100039119,"01",1,"9160","7511",1,"8",7,"0004800000","0069500000","0004464000","0055068000",NA,"0010400000","4464000","65468000"
1100063168,"03",2,"9211","0113",3,NA,NA,"0","0008000000","0","0008000000","0","0","0","8000000"
1100063171,"01",1,"7231","5020",3,"10",6,"0000500000","0000500000","0000500000","0000500000","0","0","500000","500000"
1100075202,"01",1,"1410","7513",1,"9",6,"0007300000","0088500000","0006700000","0078000000",NA,"0002900000","6700000","80900000"
1100075202,"02",1,"0111","7522",1,"7",6,"0003500000","0041200000","0003200000","0035150000",NA,"0002500000","3200000","37650000"
1100015299,"03",1,"4134","3420",3,"8",6,"0004500000","0045000000","0004185000","0041850000",NA,NA,"4185000","41850000"
1100015306,"01",1,"1429","8021",1,"8",6,"0006000000","0076000000","0005460000","0066520000",NA,"0003000000","5460000","69520000"
1100027004,"01",1,"3431","7512",1,"8",6,"0004800000","0063600000","0004464000","0053568000",NA,"0006000000","4464000","59568000"
1100051063,"03",2,"3416","4521",3,NA,NA,"0","0006400000","0","0006400000","0","0","0","6400000"
1100051068,"01",1,"3413","7020",3,"8",6,"0004000000","0048000000","0004000000","0048000000",NA,NA,"4000000","48000000"
1100135163,"01",1,"7212","3420",3,"10",6,"0003350000","0043550000","0003200000","0041600000","0","0","3200000","41600000"
1100135168,"01",2,"5122","5521",3,NA,NA,"0","0014050000","0","0012500000","0","0001000000","0","13500000"
1100135171,"03",1,"7142","5020",3,"8",3,"0000400000","0009600000","0000400000","0009600000",NA,NA,"400000","9600000"
1100135172,"01",1,"9211","7511",1,"8",7,"0006500000","0080400000","0006000000","0069560000",NA,"0005200000","6000000","74760000"
1100135172,"03",1,"7133","4540",3,"8",6,"0002400000","0028800000","0002400000","0028800000",NA,NA,"2400000","28800000"
1100063171,"01",2,"5123","5521",3,NA,NA,"0","0003600000","0","0003600000","0","0","0","3600000"
1100063180,"01",2,"7218","2899",3,NA,NA,"0","0040000000","0","0040000000","0","0","0","40000000"
1100087211,"01",1,"7141","4540",3,"8",4,"0003240000","0027000000","0003240000","0027000000",NA,NA,"3240000","27000000"
1100087218,"01",1,"5123","9249",1,"10",7,"0003220000","0037500000","0003030000","0035000000",NA,"0001000000","3030000","36000000"
1100099012,"01",1,"7221","2811",3,"10",6,"0002500000","0034000000","0002500000","0030000000","0","0004000000","2500000","34000000"
1100099012,"02",1,"8232","2520",3,"10",6,"0001200000","0003600000","0001200000","0003600000","0","0","1200000","3600000"
1100099012,"02",2,"0112","7522",1,NA,NA,"0","0002700000","0","0002700000","0","0","0","2700000"
1100003013,"01",2,"9314","4521",3,NA,NA,"0","0028800000","0","0028800000","0","0","0","28800000"
1100003013,"02",2,"9314","4521",3,NA,NA,"0","0000600000","0","0000600000","0","0","0","600000"
1100027001,"01",1,"9131","9301",3,"10",3,"0001200000","0012000000","0001200000","0012000000",NA,NA,"1200000","12000000"
1100027001,"02",1,"7436","1721",3,"10",6,"0001500000","0018000000","0001500000","0018000000",NA,NA,"1500000","18000000"
1100075193,"02",1,"9314","4521",3,"8",3,"0001950000","0022000000","0001950000","0022000000",NA,NA,"1950000","22000000"
1100075193,"03",1,"9314","4521",3,"8",3,"0001950000","0021000000","0001950000","0021000000",NA,NA,"1950000","21000000"
1100075197,"01",1,"7233","2692",3,"9",5,"0003750000","0047600000","0003500000","0039500000",NA,"0005200000","3500000","44700000"
1100075200,"03",1,"8332","4550",3,"9",5,"0005000000","0029000000","0005000000","0029000000",NA,NA,"5000000","29000000"
1100099008,"02",1,"4222","8514",3,"5",5,"0001100000","0013200000","0001100000","0012200000",NA,"0001000000","1100000","13200000"
1100123013,"01",1,"8324","6023",3,"15",5,"0007000000","0084000000","0007000000","0084000000",NA,NA,"7000000","84000000"
1100111101,"02",1,"7417","1545",3,"4",5,"0000200000","0001100000","0000200000","0001100000",NA,NA,"200000","1100000"
1100111101,"03",1,"7136","4531",3,"8",6,"0002100000","0025200000","0002000000","0024000000",NA,NA,"2000000","24000000"
1100111101,"04",1,"8123","2694",3,"10",6,"0004200000","0055600000","0004000000","0048000000",NA,"0005200000","4000000","53200000"
1100111101,"05",1,"9314","2694",3,"10",6,"0004200000","0021000000","0004000000","0020000000",NA,NA,"4000000","20000000"
1100111101,"05",2,"9211","0126",3,NA,NA,"0","0015000000","0","0015000000","0","0","0","15000000"
1100111106,"02",1,"2320","8021",1,"6",4,"0005600000","0068950000","0005000000","0058750000",NA,"0003000000","5000000","61750000"
1100051061,"01",1,"9152","7492",3,"16",7,"0000500000","0006000000","0000500000","0006000000",NA,NA,"500000","6000000"
1100051061,"02",1,"9152","7492",3,"16",7,"0000500000","0006000000","0000500000","0006000000",NA,NA,"500000","6000000"
1100123001,"01",1,"8152","2694",1,"8",6,"0008800000","0097000000","0007900000","0084500000",NA,"0002900000","7900000","87400000"
1100123005,"01",1,"8163","9003",3,"16",3,"0006200000","0071000000","0005650000","0059100000",NA,"0005000000","5650000","64100000"
1100123011,"01",1,"9314","4521",3,"9",3,"0002400000","0025000000","0002400000","0025000000",NA,NA,"2400000","25000000"
1100127165,"01",1,"0111","7522",1,"8",6,"0005000000","0066000000","0004773830","0060285960",NA,"0003000000","4773830","63285960"
1100127159,"01",1,"8261","1726",3,"8",6,"0004300000","0056600000","0004073830","0048885960",NA,"0005000000","4073830","53885960"
1100115058,"01",1,"7133","4540",3,"10",3,"0005000000","0060000000","0005000000","0060000000",NA,NA,"5000000","60000000"
1100019109,"01",1,"9314","4521",3,"8",3,"0003000000","0036000000","0003000000","0036000000",NA,NA,"3000000","36000000"
1100019115,"04",1,"5220","5232",3,"8",6,"0000500000","0006000000","0000500000","0006000000",NA,NA,"500000","6000000"
1100091158,"01",1,"0111","7522",1,"8",6,"0007170000","0086800000","0006550000","0074850000",NA,"0004800000","6550000","79650000"
1100115061,"01",1,"1410","2698",3,"12",6,"0010260000","0125000000","0009600000","0108000000",NA,"0010000000","9600000","118000000"
1100015297,"01",1,"3416","6512",1,"8",6,"0004500000","0057000000","0004095000","0049140000",NA,"0003000000","4095000","52140000"
1100115051,"01",1,"9152","6512",1,"12",4,"0006500000","0081000000","0005470000","0064000000",NA,"0003000000","5470000","67000000"
1100115051,"02",1,"2331","8012",1,"4",6,"0005600000","0070200000","0004700000","0056000000",NA,"0003000000","4700000","59000000"
1100015297,"03",1,"0112","7522",1,"10",6,"0000300000","0003600000","0000300000","0003600000",NA,NA,"300000","3600000"
1100019105,"01",1,"7126","4521",3,"8",5,"0004000000","0048000000","0004000000","0048000000",NA,NA,"4000000","48000000"
1100039111,"01",1,"3118","7511",1,"8",6,"0003800000","0051600000","0003500000","0042000000",NA,"0006000000","3500000","48000000"
1100007161,"01",1,"9160","7493",3,"8",5,"0003450000","0042200000","0003300000","0037460000","0","0003000000","3300000","40460000"
1100091160,"01",1,"8163","2710",1,"8",6,"0010520000","0117000000","0007900000","0090000000","0001520000","0015000000","9420000","105000000"
1100007165,"01",1,"7422","3610",3,"12",7,"0003400000","0042600000","0003400000","0040000000",NA,"0002000000","3400000","42000000"
1100019113,"01",1,"8322","6512",1,"10",6,"0004950000","0065400000","0004504500","0057054000",NA,"0003000000","4504500","60054000"
1100067004,"01",1,"9314","4521",3,"10",5,"0003500000","0042000000","0003500000","0042000000",NA,NA,"3500000","42000000"
1100067004,"04",1,"5220","5229",3,"4",7,"0001200000","0009900000","0001200000","0009600000",NA,"0000300000","1200000","9900000"
1100067007,"01",1,"7113","2696",3,"10",6,"0004260000","0056120000","0004000000","0048000000",NA,"0005000000","4000000","53000000"
1100067011,"01",1,"9333","2696",3,"7",4,"0001500000","0028800000","0001500000","0028800000",NA,NA,"1500000","28800000"
1100067013,"01",1,"7113","2696",3,"10",6,"0004000000","0048500000","0004000000","0048000000",NA,"0000500000","4000000","48500000"
1100115055,"01",1,"5220","5223",3,"8",6,"0003600000","0042800000","0003600000","0040800000",NA,"0002000000","3600000","42800000"
1100007155,"01",1,"5220","5050",3,"10",7,"0003900000","0007800000","0003900000","0007800000",NA,NA,"3900000","7800000"
1100007155,"01",2,"9320","1519",3,NA,NA,"0","0003200000","0","0003200000","0","0","0","3200000"
1100007155,"01",2,"5220","1810",3,NA,NA,"0","0002000000","0","0002000000","0","0","0","2000000"
1100007155,"01",2,"5220","5010",3,NA,NA,"0","0007000000","0","0007000000","0","0","0","7000000"
1100007155,"01",2,"7418","1543",3,NA,NA,"0","0009900000","0","0009900000","0","0","0","9900000"
1100087217,"01",2,"8223","2710",3,NA,NA,"0","0026150000","0","0015000000","0","0010000000","0","25000000"
1100131151,"03",1,"9211","0124",3,"15",7,"0001500000","0009150000","0001500000","0009150000",NA,NA,"1500000","9150000"
1100131150,"01",1,"9333","5222",3,"3",3,"0000420000","0005040000","0000420000","0005040000",NA,NA,"420000","5040000"
1100059054,"01",1,"7132","4521",3,"10",4,"0004000000","0045000000","0004000000","0045000000",NA,NA,"4000000","45000000"
1100059062,"01",1,"7416","3720",3,"12",7,"0003000000","0036000000","0003000000","0036000000",NA,NA,"3000000","36000000"
1100131145,"01",1,"9152","2710",1,"8",6,"0005433408","0066500000","0005033408","0056580000",NA,"0005300000","5033408","61880000"
1100131145,"02",1,"2320","8021",1,"6",5,"0005730000","0071030000","0005300000","0063110000",NA,"0003000000","5300000","66110000"
1100043189,"01",1,"9314","4521",1,"12",6,"0003030000","0003636000","0003030000","0003636000",NA,NA,"3030000","3636000"
1100043195,"03",1,"7326","2698",3,"8",6,"0003000000","0036000000","0003000000","0036000000",NA,NA,"3000000","36000000"
1100043199,"01",1,"7122","4540",3,"10",6,"0004500000","0027000000","0004500000","0027000000",NA,NA,"4500000","27000000"
1100107108,"01",1,"7233","2710",1,"8",6,"0007800000","0096000000","0006300000","0074000000","0000800000","0013500000","7100000","87500000"
1100107112,"02",1,"9314","4521",3,"8",4,"0002550000","0030000000","0002550000","0030000000","0","0","2550000","30000000"
1100023269,"01",1,"3431","7511",1,"8",6,"0004066000","0054792000","0003800000","0045600000",NA,"0006000000","3800000","51600000"
1100107111,"03",1,"7222","2710",3,"8",6,"0003750000","0028400000","0003500000","0026500000",NA,NA,"3500000","26500000"
1100131141,"01",2,"4134","4010",1,NA,NA,"0","0111500000","0","0101300000","0","0005000000","0","106300000"
1100083059,"01",2,"9314","4521",3,NA,NA,"0","0001800000","0","0001800000","0","0","0","1800000"
1100083064,"01",1,"9152","9003",3,"8",6,"0004030000","0051800000","0003800000","0044000000",NA,"0005200000","3800000","49200000"
1100083067,"01",1,"9211","0111",3,"8",5,"0003000000","0025500000","0003000000","0025500000",NA,NA,"3000000","25500000"
1100083067,"03",2,"9211","0111",3,NA,NA,"0","0001000000","0","0001000000","0","0","0","1000000"
1100059065,"01",1,"5220","5135",3,"11",6,"0003850000","0049600000","0003600000","0042600000","0","0004000000","3600000","46600000"
1100059065,"03",1,"0112","7522",1,"8",6,"0000300000","0002100000","0000300000","0002100000",NA,NA,"300000","2100000"
1100083059,"03",1,"5220","5222",3,"8",6,"0001440000","0004320000","0001440000","0004320000",NA,NA,"1440000","4320000"
1100083063,"03",2,"3225","8514",3,NA,NA,"0","0004200000","0","0003150000","0","0001050000","0","4200000"
1100083063,"04",1,"3113","4010",3,"8",5,"0004060000","0049300000","0003837500","0044150000",NA,"0002640000","3837500","46790000"
1100091151,"01",2,"7241","4531",3,NA,NA,"0","0018000000","0","0018000000","0","0","0","18000000"
1100111112,"01",1,"8324","6023",3,"12",6,"0005000000","0060000000","0005000000","0060000000","0","0","5000000","60000000"
1100007166,"03",1,"2142","4521",3,"4",6,"0003500000","0013000000","0003500000","0013000000",NA,NA,"3500000","13000000"
1100023259,NA,NA,"
",NA,NA,NA,NA,NA,NA,NA,NA,NA,NA,NA,NA
1100023259,"05",1,"3431","8031",1,"8",6,"0003317000","0046104000","0003100000","0037500000",NA,"0006000000","3100000","43500000"
1100035053,"01",1,"4134","5219",2,"8",6,"0003317000","0045804000","0003100000","0037200000",NA,"0006000000","3100000","43200000"
1100035056,"01",1,"9314","4521",3,"8",3,"0003000000","0036000000","0003000000","0036000000",NA,NA,"3000000","36000000"
1100035056,"04",1,"5220","5050",3,"12",7,"0002782000","0035384000","0002600000","0031200000",NA,"0002000000","2600000","33200000"
1100035057,"01",1,"7141","4540",3,"8",4,"0003000000","0036000000","0003000000","0036000000",NA,NA,"3000000","36000000"
1100035061,"01",1,"8266","1920",3,"12",3,"0002500000","0030000000","0002500000","0030000000",NA,NA,"2500000","30000000"
1100083056,"03",2,"7422","3610",3,NA,NA,"0","0015500000","0","0012450000","0","0002000000","0","14450000"
1100083056,"04",1,"5220","5232",3,"10",6,"0001300000","0009100000","0001300000","0009100000","0","0","1300000","9100000"
1100123009,"03",2,"7135","5234",3,NA,NA,"0","0012000000","0","0012000000","0","0","0","12000000"
1100123009,"04",2,"7141","4540",3,NA,NA,"0","0000600000","0","0000600000","0","0","0","600000"
1100011006,"01",1,"5122","5521",3,"8",7,"0003317000","0047554000","0003100000","0038950000",NA,"0006000000","3100000","44950000"
1100011013,"01",1,"3435","6023",3,"8",6,"0004280000","0057360000","0004000000","0048000000",NA,"0006000000","4000000","54000000"
1100035064,"01",1,"9211","7493",3,"8",6,"0003242100","0046105200","0003030000","0037560000",NA,"0006000000","3030000","43560000"
1100095003,"01",1,"5220","5229",3,"8",6,"0003000000","0036000000","0003000000","0036000000","0","0","3000000","36000000"
1100095003,"03",1,"0111","7522",1,"8",6,"0003726000","0021212000","0003500000","0017500000",NA,"0002500000","3500000","20000000"
1100095015,"01",1,"8261","1711",3,"10",6,"0003500000","0017500000","0003500000","0017500000","0","0","3500000","17500000"
1100095015,"01",2,"9314","4521",3,NA,NA,"0","0028000000","0","0028000000","0","0","0","28000000"
1100119112,"01",1,"2221","8511",1,"6",6,"0007200000","0086400000","0005900000","0071400000",NA,"0005900000","5900000","77300000"
1100119114,"01",1,"9211","7493",3,"8",6,"0003638649","0045663788","0003419545","0041034540",NA,"0002000000","3419545","43034540"
1100043185,"01",1,"7224","2892",3,"10",6,"0004000000","0048000000","0004000000","0048000000",NA,NA,"4000000","48000000"
1100043185,"02",1,"2432","8021",3,"2",4,"0000500000","0006000000","0000500000","0006000000",NA,NA,"500000","6000000"
1100047002,"03",1,"2320","8021",3,"8",2,"0001000000","0004000000","0001000000","0004000000",NA,NA,"1000000","4000000"
1100047015,"01",1,"4121","4522",3,"7",6,"0003200000","0042400000","0003200000","0036000000","0","0004000000","3200000","40000000"
1100071100,"01",1,"5220","5222",3,"8",7,"0003000000","0036000000","0003000000","0036000000",NA,NA,"3000000","36000000"
1100047012,"01",1,"9333","5131",3,"12",6,"0003000000","0036000000","0003000000","0036000000",NA,NA,"3000000","36000000"
1100047012,"02",1,"5130","9500",3,"12",6,"0003000000","0009000000","0003000000","0009000000",NA,NA,"3000000","9000000"
1100004056,"01",1,"9320","4521",3,"12",7,"0004185000","0037665000","0004000000","0036000000",NA,NA,"4000000","36000000"
1100004061,"01",1,"9160","7511",1,"8",6,"0004300000","0056500000","0004100000","0049850000","0","0005000000","4100000","54850000"
1100052168,"01",1,"8141","2010",3,"12",6,"0002300000","0027600000","0002193000","0026312100",NA,NA,"2193000","26312100"
1100052174,"01",1,"4134","6302",3,"8",6,"0003000000","0036000000","0002860000","0034320000",NA,NA,"2860000","34320000"
1100004055,"01",1,"8333","4522",3,"8",6,"0008572725","0109072700","0007801672","0092970064",NA,"0007000000","7801672","99970064"
1100004055,"03",1,"4190","4522",3,"8",4,"0","0","0","0","0","0","0","0"
1100004062,"01",2,"9132","3591",3,NA,NA,"0","0000980000","0","0000980000","0","0","0","980000"
1100004062,"03",1,"7125","6010",3,"8",6,"0003390000","0041680000","0003230000","0038680000","0","0001200000","3230000","39880000"
1100004062,"04",1,"7125","6010",3,"8",6,"0003390000","0037890000","0003230000","0035740000","0","0000400000","3230000","36140000"
1100016248,"01",1,"7433","1810",3,"9",6,"0004500000","0054000000","0004500000","0054000000",NA,NA,"4500000","54000000"
1100016257,"01",1,"5220","5010",3,"9",6,"0004815000","0064780000","0004500000","0054000000",NA,"0007000000","4500000","61000000"
1100016260,"01",1,"2452","2892",3,"10",6,"0004000000","0048000000","0004000000","0048000000",NA,NA,"4000000","48000000"
1100028063,"02",1,"4115","6603",3,"8",6,"0003240000","0044880000","0003030000","0036360000",NA,"0006000000","3030000","42360000"
1100028064,"01",1,"0111","7522",1,"8",6,"0004360000","0056820000","0004000000","0049500000",NA,"0003000000","4000000","52500000"
1100064104,"01",1,"9314","4521",3,"8",2,"0000600000","0022400000","0000600000","0022400000","0","0","600000","22400000"
1100064104,"01",2,"9211","0111",3,NA,NA,"0","0000115000","0","0000115000","0","0","0","115000"
1100064108,"01",1,"9314","4521",3,"8",3,"0001920000","0032000000","0001920000","0032000000",NA,NA,"1920000","32000000"
1100064109,"03",2,"7241","4531",3,NA,NA,"0","0000720000","0","0000720000","0","0","0","720000"
1100076222,"01",2,"9211","0113",3,NA,NA,"0","0001500000","0","0001500000","0","0","0","1500000"
1100076222,"03",2,"9211","0113",3,NA,NA,"0","0002000000","0","0002000000","0","0","0","2000000"
1100100059,"04",2,"0112","7522",1,NA,NA,"0","0002200000","0","0002200000","0","0","0","2200000"
1100088193,"03",1,"3417","4010",1,"8",6,"0009370000","0107220000","0008050000","0094400000","0000620000","0004720000","8670000","99120000"
1100124064,"01",1,"8332","6023",3,"8",6,"0006400000","0041950000","0006000000","0039400000",NA,NA,"6000000","39400000"
1100124064,"01",2,"8332","4550",3,NA,NA,"0","0028000000","0","0028000000","0","0","0","28000000"
1100076217,"03",2,"9314","4521",3,NA,NA,"0","0020000000","0","0020000000","0","0","0","20000000"
1100112053,"01",1,"8159","2710",1,"8",6,"0010330000","0128060000","0009330000","0113060000",NA,"0003000000","9330000","116060000"
1100112053,"03",1,"0112","7522",1,"10",6,"0","0","0","0","0","0","0","0"
1100112058,"01",1,"9314","4521",3,"10",6,"0002980000","0036500000","0002800000","0034200000",NA,"0000500000","2800000","34700000"
1100136168,"02",1,"7501","1724",3,"8",6,"0000780000","0009000000","0000780000","0009000000",NA,NA,"780000","9000000"
1100136170,"03",1,"8322","5234",3,"8",7,"0002620000","0005240000","0002500000","0005000000",NA,NA,"2500000","5000000"
1100136174,"01",1,"3119","4531",3,"10",6,"0004820000","0071060000","0004600000","0054400000",NA,"0014000000","4600000","68400000"
1100136178,"03",2,"7417","1545",3,NA,NA,"0","0002700000","0","0002700000","0","0","0","2700000"
1100136178,"03",2,"7418","1546",3,NA,NA,"0","0008300000","0","0008300000","0","0","0","8300000"
1100008211,"01",1,"5220","5234",3,"8",6,"0005350000","0067500000","0005000000","0058000000",NA,"0005000000","5000000","63000000"
1100116060,"03",1,"7241","3110",3,"10",6,"0000400000","0000800000","0000400000","0000800000",NA,NA,"400000","800000"
1100116065,"01",1,"7241","7511",1,"11",6,"0008000000","0100280000","0007500000","0089100000",NA,"0005280000","7500000","94380000"
1100116065,"03",2,"7141","5020",3,NA,NA,"0","0007200000","0","0007200000","0","0","0","7200000"
1100116065,"04",1,"7231","5010",3,"8",6,"0002100000","0025200000","0002000000","0024000000",NA,NA,"2000000","24000000"
1100116070,"01",1,"1427","6512",1,"8",6,"0009000000","0113800000","0008000000","0096000000","0","0006000000","8000000","102000000"
1100128048,"02",2,"7501","1724",3,NA,NA,"0","0000800000","0","0000800000","0","0","0","800000"
1100128054,"03",2,"9314","4521",3,NA,NA,"0","0007200000","0","0007200000","0","0","0","7200000"
1100056155,"01",1,"4134","2695",3,"8",6,"0003310000","0044720000","0003100000","0037200000",NA,"0005000000","3100000","42200000"
1100056148,"01",1,"8211","2520",3,"8",6,"0004280000","0056360000","0004000000","0048000000",NA,"0005000000","4000000","53000000"
1100056158,"01",1,"7136","2422",3,"8",6,"0004100000","0057300000","0003800000","0045700000",NA,"0008000000","3800000","53700000"
1100068054,"01",1,"9152","7491",3,"6",6,"0002000000","0024000000","0002000000","0024000000",NA,NA,"2000000","24000000"
1100088197,"01",1,"8324","4521",3,"8",6,"0004250000","0054000000","0004000000","0047500000",NA,"0003500000","4000000","51000000"
1100088197,"02",2,"9211","0113",3,NA,NA,"0","0001000000","0","0001000000","0","0","0","1000000"
1100068056,"01",1,"9152","7492",3,"8",1,"0000400000","0004800000","0000400000","0004800000",NA,NA,"400000","4800000"
1100008217,"02",1,"9131","9301",3,"10",4,"0003200000","0035000000","0003200000","0035000000",NA,NA,"3200000","35000000"
1100020107,"03",1,"2139","8090",3,"4",5,"0003000000","0036000000","0003000000","0036000000",NA,NA,"3000000","36000000"
1100068061,"01",1,"9314","4521",3,"8",6,"0002500000","0030000000","0002500000","0030000000","0","0","2500000","30000000"
1100044065,"01",1,"9314","4521",3,"9",4,"0001700000","0020400000","0001700000","0020400000",NA,NA,"1700000","20400000"
1100080219,"01",1,"3431","7511",1,"8",6,"0010600000","0091600000","0005900000","0069600000","0004300000","0017000000","10200000","86600000"
1100080219,"05",2,"9314","4521",3,NA,NA,"0","0013500000","0","0013500000","0","0","0","13500000"
1100080221,"01",2,"9314","4521",3,NA,NA,"0","0033850000","0","0032000000","0","0","0","32000000"
1100080223,"01",1,"0111","7522",1,"8",6,"0010980000","0096000000","0007200000","0085500000","0003180000","0003180000","10380000","88680000"
1100080223,"03",1,"3221","8532",1,"15",2,"0001440000","0017280000","0001440000","0017280000",NA,NA,"1440000","17280000"
1100080231,"01",1,"9132","8513",1,"8",6,"0005900000","0071200000","0005500000","0064400000",NA,"0003000000","5500000","67400000"
1100092001,"03",1,"7437","2520",3,"8",6,"0001500000","0004500000","0001500000","0004500000","0","0","1500000","4500000"
1100092001,"03",2,"7221","2811",3,NA,NA,"0","0029700000","0","0027000000","0","0000500000","0","27500000"
1100092010,"02",1,"3152","2812",3,"8",6,"0005150000","0062200000","0004000000","0047000000","0000800000","0010000000","4800000","57000000"
1100080227,"01",1,"8333","4010",1,"8",6,"0010335800","0096000000","0009401300","0085500000","0","0003000000","9401300","88500000"
1100104112,"01",1,"8332","2710",1,"8",6,"0005500000","0012000000","0003400000","0007350000","0001918500","0003900000","5318500","11250000"
1100104112,"01",2,"8332","2924",3,NA,NA,"0","0081700000","0","0064000000","0","0013500000","0","77500000"
1100088198,"01",1,"9152","7492",3,"8",6,"0004000000","0053450000","0003750000","0044300000",NA,"0005800000","3750000","50100000"
1100092015,"02",1,"3475","9241",3,"4",3,"0000400000","0004800000","0000400000","0004800000",NA,NA,"400000","4800000"
1100104114,"03",2,"8332","4550",3,NA,NA,"0","0006000000","0","0006000000","0","0","0","6000000"
1100124059,"01",1,"1429","8021",1,"10",6,"0009605000","0122500000","0009300000","0104300000",NA,"0002900000","9300000","107200000"
1100124059,"02",1,"2331","8012",1,"4",6,"0005700000","0070750000","0005000000","0059400000",NA,"0002900000","5000000","62300000"
1100048059,"02",1,"4212","6592",1,"7",6,"0003200000","0003840000","0003200000","0003840000",NA,NA,"3200000","3840000"
1100072095,"01",1,"9314","4521",3,"8",5,"0002700000","0032400000","0002700000","0032400000",NA,NA,"2700000","32400000"
1100048055,"01",1,"3431","6592",2,"8",6,"0005000000","0060000000","0005000000","0060000000",NA,NA,"5000000","60000000"
1100072101,"01",1,"9314","4521",3,"8",2,"0001050000","0040500000","0001050000","0040500000",NA,NA,"1050000","40500000"
1100072109,"01",1,"9131","9301",3,"8",1,"0000800000","0008000000","0000800000","0008000000",NA,"0","800000","8000000"
1100072109,"02",1,"5111","6022",3,"10",7,"0002520000","0029400000","0002320000","0029200000","0000200000","0000200000","2520000","29400000"
1100072109,"03",2,"5111","6022",3,NA,NA,"0","0012400000","0","0012400000","0","0","0","12400000"
1100132098,"01",2,"9314","4521",3,NA,NA,"0","0021450000","0","0021450000","0","0","0","21450000"
1100132102,"02",1,"9211","0124",3,"12",7,"0000500000","0006000000","0000500000","0006000000",NA,NA,"500000","6000000"
1100132106,"01",2,"9211","0130",3,NA,NA,"0","0006000000","0","0006000000","0","0","0","6000000"
1100024003,"03",1,"2490","6512",3,"9",6,"0005000000","0068000000","0004400000","0053000000",NA,"0003800000","4400000","56800000"
1100024004,"01",1,"7233","1120",1,"12",6,"0009900000","0123600000","0008600000","0108000000",NA,"0004800000","8600000","112800000"
1100084192,"01",2,"9314","4521",3,NA,NA,"0","0009000000","0","0009000000","0","0","0","9000000"
1100084192,"01",2,"9211","0130",3,NA,NA,"0","0005250000","0","0005250000","0","0","0","5250000"
1100084192,"03",1,"7123","4521",3,"8",6,"0003750000","0045000000","0003750000","0045000000",NA,NA,"3750000","45000000"
1100084200,"03",2,"7133","4540",3,NA,NA,"0","0006500000","0","0006500000","0","0","0","6500000"
1100084201,"03",2,"7123","4521",3,NA,NA,"0","0002520000","0","0002520000","0","0","0","2520000"
1100084201,"05",1,"7123","4521",3,"8",5,"0003600000","0027000000","0003600000","0027000000",NA,NA,"3600000","27000000"
1100108145,"01",1,"8333","6309",3,"8",6,"0007300000","0052000000","0003800000","0045700000","0003180000","0003180000","6980000","48880000"
1100060105,"01",1,"7417","1545",3,"5",6,"0001200000","0014400000","0001200000","0014400000",NA,NA,"1200000","14400000"
1100060109,"03",2,"9314","4521",3,NA,NA,"0","0005000000","0","0005000000","0","0","0","5000000"
1100060110,"01",1,"8231","3430",3,"8",6,"0006740000","0042000000","0006740000","0042000000",NA,NA,"6740000","42000000"
1100108140,"01",1,"8333","2692",3,"8",6,"0007550000","0056600000","0004200000","0050500000","0003000000","0003000000","7200000","53500000"
1100108142,"01",1,"7222","2927",3,"8",6,"0011400000","0060500000","0004200000","0050500000","0006600000","0006600000","10800000","57100000"
1100108142,"03",1,"9320","0126",3,"8",6,"0","0","0","0","0","0","0","0"
1100108142,"03",2,"7222","2899",3,NA,NA,"0","0008000000","0","0008000000","0","0","0","8000000"
1100108142,"04",1,"9314","4521",3,"8",2,"0000300000","0007500000","0000300000","0007500000","0","0","300000","7500000"
1100120004,"01",1,"9152","1546",3,"12",7,"0014700000","0110400000","0008000000","0096000000","0006000000","0006000000","14000000","102000000"
1100008205,"01",1,"3416","0130",3,"4",7,"0010000000","0120000000","0010000000","0120000000",NA,NA,"10000000","120000000"
1100008216,"02",1,"2320","8022",1,"6",4,"0007680000","0057000000","0007380000","0049800000",NA,"0003180000","7380000","52980000"
1100012106,"01",1,"9333","6023",3,"8",6,"0072700000","0051000000","0007000000","0046800000",NA,"0003000000","7000000","49800000"
1100012108,"01",2,"5111","6023",3,NA,NA,"0","0005000000","0","0005000000","0","0","0","5000000"
1100012108,"03",1,"7135","5234",3,"9",6,"0004500000","0033100000","0004320000","0028800000",NA,"0001900000","4320000","30700000"
1100120007,"01",2,"3231","9500",3,NA,NA,"0","0018000000","0","0018000000","0","0","0","18000000"
1100120007,"02",2,"7212","2731",3,NA,NA,"0","0053620000","0","0044400000","0","0007060000","0","51460000"
1100120013,"01",1,"8331","4521",3,"11",6,"0010710000","0062520000","0004500000","0054000000","0006000000","0006000000","10500000","60000000"
1100120013,"02",1,"2331","8012",1,"4",6,"0004908597","0062083164","0004453892","0053446704",NA,"0003180000","4453892","56626704"
1100036152,"01",1,"7501","1724",3,"12",6,"0003750000","0043200000","0003500000","0040200000",NA,NA,"3500000","40200000"
1100036154,"01",1,"9314","4521",3,"10",4,"0002500000","0030000000","0002500000","0030000000",NA,NA,"2500000","30000000"
1100036159,"02",2,"7416","3720",3,NA,NA,"0","0024500000","0","0024500000","0","0","0","24500000"
1100036159,"03",2,"7416","3720",3,NA,NA,"0","0024500000","0","0024500000","0","0","0","24500000"
1100036162,"01",1,"7126","4521",3,"8",3,"0003000000","0036000000","0003000000","0036000000",NA,NA,"3000000","36000000"
1100036162,"03",1,"7231","5020",3,"8",6,"0001500000","0018000000","0001500000","0018000000",NA,NA,"1500000","18000000"
1100084197,"04",2,"9211","0130",3,NA,NA,"0","0002000000","0","0002000000","0","0","0","2000000"
1100084197,"04",2,"5141","9302",3,NA,NA,"0","0003500000","0","0003500000","0","0","0","3500000"
1110093066,"01",1,"8324","6023",3,"10",5,"0007500000","0090000000","0007500000","0090000000","0","0","7500000","90000000"
1110141054,"04",1,"8340","0501",3,"14",7,"0002700000","0032400000","0002500000","0030000000","0000200000","0002400000","2700000","32400000"
1110141059,"01",1,"2320","8021",1,"6",6,"0003500000","0037500000","0003500000","0031500000","0","0006000000","3500000","37500000"
1110049161,"01",1,"9314","4521",3,"8",4,"0001600000","0023000000","0001600000","0023000000","0","0","1600000","23000000"
1110049159,"05",1,"9314","4521",3,"8",2,"0008000000","0010000000","0000800000","0010000000","0","0","800000","10000000"
1110061003,"03",1,"9314","4521",3,"8",5,"0002000000","0024000000","0002000000","0024000000","0","0","2000000","24000000"
1110061014,"01",1,"8322","6022",3,"8",6,"0003500000","0042000000","0003500000","0042000000","0","0","3500000","42000000"
1110061012,"01",1,"9314","4521",3,"8",5,"0002800000","0033600000","0002800000","0033600000","0","0","2800000","33600000"
1110085103,"01",1,"5220","5233",3,"8",6,"0006000000","0072000000","0006000000","0072000000","0","0","6000000","72000000"
1110029107,"02",1,"9314","4521",3,"8",4,"0002100000","0024000000","0002100000","0024000000","0","0","2100000","24000000"
1110041104,"01",1,"2320","8021",1,"6",6,"0006871588","0095459056","0006347959","0076775508","0","0012800000","6347959","89575508"
1110041106,"03",1,"2331","8012",1,"4",6,"0003900000","0055800000","0003718000","0044616000","0","0009000000","3718000","53616000"
1110053105,"01",1,"5220","5221",3,"6",6,"0001600000","0019200000","0001600000","0019200000","0","0","1600000","19200000"
1110053111,"01",1,"9314","4521",3,"8",4,"0001800000","0021600000","0001800000","0021600000","0","0","1800000","21600000"
1110125101,"01",1,"9314","4521",3,"8",5,"0002000000","0017500000","0002000000","0017500000","0","0","2000000","17500000"
1110121061,"04",2,"9314","4521",3,NA,NA,"0000320000","0009200000","0000320000","0009200000","0","0","320000","9200000"
1110121061,"05",2,"9314","4521",3,NA,NA,"0","0006000000","0","0006000000","0","0","0","6000000"
1110121057,"04",1,"9314","4521",3,"8",6,"0001920000","0005520000","0001920000","0005520000","0","0","1920000","5520000"
1110121063,"05",1,"9314","4521",3,"8",2,"0000640000","0007840000","0000640000","0007840000","0","0","640000","7840000"
1110121054,"01",2,"9314","4521",3,NA,NA,"0000640000","0006800000","0000640000","0006800000","0","0","640000","6800000"
1110121054,"06",2,"9314","4521",3,NA,NA,"0","0007200000","0","0000720000","0","0","0","720000"
1110041098,"03",1,"4115","7498",3,"7",6,"0003900000","0041000000","0003710000","0037100000","0","0003000000","3710000","40100000"
1110009011,"01",2,"9314","4521",3,NA,NA,"0000630000","0011350000","0000630000","0011350000","0","0","630000","11350000"
1110009013,"01",1,"8322","6023",3,"6",5,"0002500000","0020000000","0002500000","0020000000","0","0","2500000","20000000"
1110009002,"01",1,"9314","4521",3,"8",4,"0001600000","0017200000","0001600000","0017200000","0","0","1600000","17200000"
1110069158,"01",1,"9314","4521",3,"8",5,"0002900000","0034800000","0002900000","0034800000","0","0","2900000","34800000"
1110069163,"01",1,"7141","4540",3,"8",4,"0001700000","0020400000","0001700000","0020400000","0","0","1700000","20400000"
1110069171,"01",1,"7126","4521",3,"8",5,"0002800000","0033600000","0002800000","0033600000","0","0","2800000","33600000"
1110129273,"01",1,"5220","5222",3,"9",6,"0002100000","0025200000","0002100000","0025200000","0","0","2100000","25200000"
1110141051,"01",1,"8340","0501",3,"14",7,"0002700000","0032400000","0002500000","0030000000","0000200000","0002400000","2700000","32400000"
1110009013,"01",2,"8322","8022",3,NA,NA,"0","0007600000","0","0007600000","0","0","0","7600000"
1110033206,"01",1,"8322","7512",1,"7",6,"0003336055","0047432660","0003180372","0038164464","0","0007400000","3180372","45564464"
1110093060,"01",1,"0111","7522",1,"8",6,"0009900000","0098400000","0009330000","0085420000","0","0007500000","9330000","92920000"
1110093061,"01",1,"7126","4521",3,"8",5,"0006250000","0075000000","0006250000","0075000000","0","0","6250000","75000000"
1110033193,"01",1,"2230","8511",1,"7",6,"0008700000","0106500000","0005780000","0006660000","0002000000","0028200000","7780000","34860000"
1110041098,"04",1,"7233","8513",1,"7",6,"0003200000","0043400000","0003050667","0036608004","0","0005000000","3050667","41608004"
1110021157,"01",1,"4134","8513",1,"8",6,"0004800000","0067000000","0004400000","0052800000","0","0010000000","4400000","62800000"
1110021157,"02",1,"4115","7511",1,"8",6,"0003800000","0053600000","0003450000","0041400000","0","0008000000","3450000","49400000"
1110021162,"01",1,"9141","8513",1,"18",7,"0004300000","0061600000","0003400000","0040800000","0000500000","0016000000","3900000","56800000"
1110021162,"02",1,"4190","8513",1,"8",6,"0034500000","0055600000","0034500000","0041400000","0","0010000000","34500000","51400000"
1110105054,"01",1,"9314","4521",3,"8",4,"0001750000","0021000000","0001750000","0021000000","0","0","1750000","21000000"
1110105054,"04",1,"7218","3610",3,"10",6,"0001000000","0012000000","0001000000","0012000000","0","0","1000000","12000000"
1110141064,"01",1,"9314","4521",3,"8",6,"0002600000","0031200000","0002600000","0031200000","0","0","2600000","31200000"
1110021165,"01",1,"2331","8513",1,"8",6,"0006700000","0095400000","0006100000","0073200000",NA,"0015000000","6100000","88200000"
1110021168,"01",1,"3221","8511",1,"8",6,"0006200000","0089400000","0005800000","0069600000","0","0015000000","5800000","84600000"
1110021169,"01",1,"4222","8514",1,"8",6,"0005600000","0082200000","0004900000","0058800000","0","0015000000","4900000","73800000"
1110105060,"01",1,"9314","4521",3,"8",3,"0001500000","0018000000","0001500000","0018000000","0","0","1500000","18000000"
1110105068,"01",1,"8322","6022",3,"8",6,"0002800000","0033600000","0002800000","0033600000","0","0","2800000","33600000"
1110129276,"05",1,"5220","5234",3,"8",6,"0001800000","0021600000","0001800000","0021600000","0","0","1800000","21600000"
1110021165,"02",1,"4222","8511",1,"8",6,"0006700000","0095400000","0006100000","0073200000",NA,"0015000000","6100000","88200000"
1110065150,"03",1,"2432","8031",1,"8",6,"0004200000","0554000000","0004004000","0048048000","0","0004500000","4004000","52548000"
1110085108,"01",1,"2142","4522",3,"10",6,"0007500000","0098000000","0007230000","0086760000","0","0008000000","7230000","94760000"
1110085110,"01",1,"2310","8031",1,"6",6,"0012000000","0156000000","0010930000","0128500000","0","0014000000","10930000","142500000"
1110029110,"01",1,"3213","7513",1,"8",6,"0004750000","0075600000","0004378667","0052544004","0","0017100000","4378667","69644004"
1110029113,"01",1,"2320","8021",1,"6",4,"0006900000","0086800000","0006340000","0076080000","0","0004000000","6340000","80080000"
1110029113,"02",1,"2331","8012",1,"6",6,"0004400000","0055800000","0004075000","0048900000","0","0003000000","4075000","51900000"
1110029116,"01",1,"1410","7513",1,"7",6,"0006850000","0098700000","0006190000","0070280000","0","0023000000","6190000","93280000"
1110129279,"01",1,"4190","9120",2,"8",6,"0004200000","0058400000","0003794000","0045528000","0","0008000000","3794000","53528000"
1110001318,"01",1,"7438","1711",3,"8",7,"0004300000","0051600000","0003670000","0004404000","0","0","3670000","4404000"
1110001318,"02",1,"2331","8012",3,"4",6,"0001400000","0009800000","0001400000","0009800000","0","0","1400000","9800000"
1110001320,"01",1,"6111","0111",3,"4",6,"0","0000600000","0","0000600000",NA,"0","0","600000"
1110001322,"01",1,"9314","4521",3,"8",3,"0001080000","0012960000","0001080000","0012960000","0","0","1080000","12960000"
1110001322,"02",1,"2331","8012",1,"4",6,"0002980000","0035760000","0002640000","0031680000","0","0003000000","2640000","34680000"
1110013240,"01",1,"8322","6023",3,"7",6,"0003200000","0027200000","0003200000","0027200000","0","0","3200000","27200000"
1110013237,"01",2,"6111","0111",3,NA,NA,"0","0004000000","0","0004000000",NA,NA,"0","4000000"
1110013237,"01",1,"6111","0111",3,"6",4,"000000000","0003500000","0","0003500000","0","0","0","3500000"
1110001314,"01",1,"9314","4521",3,"8",2,"0000640000","0015000000","0000640000","0015000000","0","0","640000","15000000"
1110013247,"01",1,"9314","4521",3,"8",5,"0001600000","0018800000","0001600000","0018800000","0","0","1600000","18800000"
1110013247,"03",1,"6111","0111",3,"4",3,"0","0","0","0","0","0","0","0"
1110073118,"01",1,"5220","5232",3,"11",6,"0003200000","0038400000","0003200000","0038400000","0","0","3200000","38400000"
1110109353,"01",1,"8324","6023",3,"10",6,"0006000000","0007200000","0006000000","0007200000","0","0","6000000","7200000"
1110109364,"01",1,"7136","4531",3,"4",3,"0001800000","0021600000","0001800000","0021600000","0","0","1800000","21600000"
1110037062,"01",1,"7231","4522",3,"8",7,"0004500000","0065000000","0004290000","0051480000","0","0010500000","4290000","61980000"
1110037063,"01",1,"5220","5238",3,"7",6,"0002100000","0025200000","0002100000","0025200000","0","0","2100000","25200000"
1110037069,"01",1,"2320","8021",1,"6",4,"0007392391","0091428000","0006772267","0081267204","0","0006000000","6772267","87267204"
1110025192,"01",1,"9314","4521",3,"8",4,"0001800000","0020000000","0001800000","0020000000","0","0","1800000","20000000"
1110025196,"01",1,"9314","4521",3,"8",3,"0001400000","0018000000","0001400000","0018000000","0","0","1400000","18000000"
1110025202,"01",1,"2331","8012",1,"6",5,"0006707892","0078823676","0006103538","0072042456","0","0006300000","6103538","78342456"
1110097101,"04",1,"2142","7513",1,"7",6,"0004857000","0072785000","0004517000","0054200000","0","0013750000","4517000","67950000"
1110097115,"01",1,"8155","5141",3,"7",6,"0030000000","0048000000","0003500000","0042000000","0","0006000000","3500000","48000000"
1110113006,"05",1,"9314","4521",3,"8",4,"0002200000","0026400000","0002200000","0026400000","0","0","2200000","26400000"
1110113009,"01",1,"9314","4521",3,"8",5,"0002000000","0014000000","0002000000","0014000000","0","0","2000000","14000000"
1110101242,"01",1,"5143","9303",3,"14",7,"0002500000","0030000000","0002500000","0030000000","0","0","2500000","30000000"
1110101246,"01",1,"9314","4521",3,"8",4,"0002000000","0014000000","0002000000","0014000000","0","0","2000000","14000000"
1110101247,"01",1,"9314","4521",3,"8",5,"0002400000","0028800000","0002400000","0028800000","0","0","2400000","28800000"
1110101252,"01",1,"8324","6023",3,"10",6,"0003500000","0042000000","0003500000","0042000000","00","0","3500000","42000000"
1110097108,"01",1,"5220","5030",3,"10",6,"0003500000","0042000000","0003500000","0042000000","0","0","3500000","42000000"
1110089056,"01",1,"2320","8022",1,"6",4,"0005001920","0065023040","0004781870","0057382440","0","0005000000","4781870","62382440"
1110089056,"02",1,"4113","7498",3,"8",6,"0003950000","0047400000","0003781511","0042378132","0","0003000000","3781511","45378132"
1110089062,"01",1,"9132","7020",3,"6",6,"0002500000","0030000000","0002500000","0030000000","0","0","2500000","30000000"
1110089062,"02",1,"2331","8012",1,"4",6,"0005300000","0066600000","0004825000","0057900000","0","0003000000","4825000","60900000"
1110089064,"01",1,"2331","8012",1,"4",6,"0006300000","0083100000","0005825000","0069900000","0","0007500000","5825000","77400000"
1110089064,"02",1,"1429","8021",1,"6",6,"0006300000","0091100000","0005825000","0069900000","0","0014500000","5825000","84400000"
1110089066,"01",1,"2320","8021",1,"7",4,"0006220000","0083140000","0005693500","0068322000","0","0008300000","5693500","76622000"
1110137014,"01",1,"9314","4521",3,"8",4,"0001440000","0012680000","0001440000","0012680000","0","0","1440000","12680000"
1110005004,"01",1,"4190","7511",1,"8",7,"0003800000","0045600000","0003432667","0041192000","0","0002500000","3432667","43692000"
1110005009,"01",1,"1410","0201",1,"8",7,"0006800000","0081600000","0005508000","0066096000","0","0007800000","5508000","73896000"
1110005012,"01",1,"2429","7511",1,"8",7,"0005300000","0063600000","0004787670","0057452040","0","0002500000","4787670","59952040"
1110005015,"01",1,"9141","7511",1,"8",7,"0003200000","0043800000","0002890000","0034680000","0","0005400000","2890000","40080000"
1110133218,"01",1,"7126","4521",3,"8",6,"0004800000","0057600000","0004800000","0057600000","0","0","4800000","57600000"
1110133220,"01",1,"8322","6022",3,"8",6,"0002800000","0033600000","0002800000","0033600000","0","0","2800000","33600000"
1110133220,"03",1,"9314","4521",3,"8",6,"0002500000","0030000000","0002500000","0030000000","0","0","2500000","30000000"
1110133223,"02",1,"5220","5222",3,"12",7,"0002500000","0030000000","0002500000","0030000000","0","0","2500000","30000000"
1110133226,"06",1,"5220","5222",3,"10",7,"0002200000","0026400000","0002200000","0026400000","0","0","2200000","26400000"
1110113002,"02",1,"9314","4521",3,"8",4,"0002400000","0028800000","0002400000","0028800000","0","0","2400000","28800000"
1110117206,"03",1,"9211","0126",3,"10",6,"0002000000","0024000000","0002000000","0024000000","0","0","2000000","24000000"
1110117206,"04",1,"9333","6023",3,"6",5,"0001500000","0020000000","0001500000","0020000000","0","0","1500000","20000000"
1110117206,"08",1,"9211","0126",3,"8",6,"0001500000","0018000000","0001500000","0018000000","0","0","1500000","18000000"
1110117211,"01",1,"9314","4521",3,"7",6,"0001800000","0022000000","0001800000","0022000000","0","0","1800000","22000000"
1110117211,"03",1,"7436","1729",3,"5",6,"0000300000","0003000000","0000300000","0003000000","0","0","300000","3000000"
1110117213,"01",1,"2461","9193",3,"2",7,"0001000000","0014000000","0001000000","0014000000","0","0","1000000","14000000"
1110117213,"01",1,"2310","8032",3,"4",6,"0001500000","0018000000","0001500000","0018000000","0","0","1500000","18000000"
1110045100,"01",1,"3221","8511",1,"7",6,"0004700000","0068400000","0004699979","0051699769","0","0015860000","4699979","67559769"
1110045107,"01",1,"4211","6512",1,"8",6,"0007500000","0093000000","0004815000","0057780000","0001980000","0026760000","6795000","84540000"
1110045107,"02",1,"2320","8021",1,"4",6,"0004650000","0058800000","0004212000","0050544000","0","0003000000","4212000","53544000"
1110077149,"01",2,"8324","6023",3,NA,NA,"0","0025000000","0","0025000000","0","0","0","25000000"
1110077151,"01",1,"5162","7523",1,"7",6,"0007300000","0100100000","0006681500","0080178000","0","0011350000","6681500","91528000"
1110077151,"02",1,"2331","8012",1,"4",6,"0005250000","0069500000","0004840000","0058080000","0","0006500000","4840000","64580000"
1110077156,"01",1,"1429","8021",1,"6",6,"0007890960","0111291520","0007048629","0084583548","0","0015600000","7048629","100183548"
1110081105,"01",1,"3431","5123",3,"8",6,"0005000000","0075000000","0004822667","0057872004","0","0014000000","4822667","71872004"
1110081108,"02",1,"8322","6022",3,"11",6,"0002800000","0033600000","0002800000","0033600000","0","0","2800000","33600000"
1110081112,"03",2,"8322","6022",3,NA,NA,"0020000000","0020000000","0002000000","0020000000","0","0","2000000","20000000"
1110081116,"01",1,"9131","9500",3,"9",6,"0001200000","0014400000","0001200000","0014400000","0","0","1200000","14400000"
1110081116,"03",1,"9314","4521",3,"8",4,"0001800000","0021600000","0001800000","0021600000","0","0","1800000","21600000"
1110081118,"01",1,"9314","4521",3,"8",5,"0002600000","0031200000","0002600000","0031200000","0","0","2600000","31200000"
1110057151,"01",1,"8322","6022",3,"10",6,"0003400000","0040800000","0003400000","0040800000","0","0","3400000","40800000"
1110045103,"01",1,"5169","9213",1,"7",6,"0004600000","0070400000","0004240000","0050880000","0","0014700000","4240000","65580000"
1110057155,"01",1,"8322","6022",3,"9",4,"0002800000","0033600000","0002800000","0033600000","0","0","2800000","33600000"
1110057157,"01",1,"9314","4521",3,"8",5,"0002900000","0034800000","0002900000","0034800000","0","0","2900000","34800000"
1110057163,"05",1,"4222","8514",3,"10",6,"0002500000","0030000000","0002500000","0030000000","0","0","2500000","30000000"
1110017009,"01",1,"1410","5129",2,"8",6,"0006500000","0088000000","0006000000","0072000000","0","0010000000","6000000","82000000"
1110017014,"03",1,"8340","0502",3,"14",7,"0002700000","0032400000","0002500000","0030000000","0000200000","0002400000","2700000","32400000"
1110017003,"03",1,"9314","7512",3,"8",6,"0003200000","0038400000","0003200000","0038400000","0","0","3200000","38400000"
1110122013,"01",2,"9314","4521",3,NA,NA,"0000340000","0014740000","0000340000","0014740000","0","0","340000","14740000"
1110030217,"01",1,"9211","0111",3,"2",2,"0000500000","0003000000","0000500000","0003000000","0","0","500000","3000000"
1110030219,"03",1,"7436","1729",3,"4",7,"0000200000","0001200000","0000200000","0001200000","0","0","200000","1200000"
1110030219,"04",1,"7436","1729",3,"6",7,"0000200000","0001500000","0000200000","0001500000","0","0","200000","1500000"
1110054155,"01",1,"8322","6022",3,"6",6,"0003500000","0042000000","0003500000","0042000000","0","0","3500000","42000000"
1110030226,"01",1,"4121","7513",1,"7",6,"0004900000","0065800000","0004646667","0052760000","0","0009300000","4646667","62060000"
1110078005,"01",1,"2310","8031",1,"2",2,"0000400000","0004800000","0000400000","0004800000","0","0","400000","4800000"
1110078005,"01",1,"2131","8511",1,"8",6,"0011000000","0139200000","0010121334","0121456008","0","0007200000","10121334","128656008"
1110078007,"01",1,"1424","5129",3,"6",6,"0005000000","0067000000","0004788000","0057456000","0","0007000000","4788000","64456000"
1110078010,"01",1,"4142","4010",3,"8",6,"0004500000","0062500000","0004395000","0052740000","0","0008500000","4395000","61240000"
1110078013,"03",1,"8322","6023",3,"8",6,"0002000000","0008000000","0002000000","0008000000","0","0","2000000","8000000"
1110118154,"05",1,"9314","4521",3,"8",2,"0000800000","0010000000","0000800000","0010000000","0","0","800000","10000000"
1110126057,"01",1,"9314","4521",3,"8",4,"0001700000","0016700000","0001700000","0016700000","0",NA,"1700000","16700000"
1110026205,"01",1,"9314","4521",3,"8",2,"0001000000","0008500000","0001000000","0008500000","0","0","1000000","8500000"
1110078002,"01",1,"2320","8021",1,"5",6,"0006850000","0100900000","0006264000","0075168000","0","0017000000","6264000","92168000"
1110014049,"01",1,"1429","7512",1,"10",6,"0007600000","0103200000","0005400000","0064800000","0001800000","0033600000","7200000","98400000"
1110086163,"02",1,"2331","8012",1,"5",6,"0006500000","0084500000","0005980000","0071760000","0","0006500000","5980000","78260000"
1110014059,"04",1,"7137","4532",3,"8",6,"0003000000","0036000000","0003000000","0036000000","0","0","3000000","36000000"
1110014054,"01",1,"1427","7512",1,"10",6,"0007200000","0098400000","0005200000","0062400000","0001600000","0031200000","6800000","93600000"
1110014054,"02",1,"2320","8021",1,"6",6,"0006500000","0090000000","0006100000","0073200000","0","0012000000","6100000","85200000"
1110106275,"01",1,"9314","4521",3,"8",6,"0002800000","0033600000","0002800000","0033600000","0","0","2800000","33600000"
1110106271,"01",1,"9314","4521",3,"8",6,"0002800000","0033600000","0002800000","0033600000","0","0","2800000","33600000"
1110126059,"01",1,"9314","4521",3,"8",3,"0001400000","0020500000","0001400000","0020500000","0","0","1400000","20500000"
1110126066,"03",2,"9314","4521",3,NA,NA,"0","0004800000","0","0004800000","0","0","0","4800000"
1110106268,"01",1,"8323","6022",3,"8",5,"0006700000","0080400000","0006700000","0080400000","0","0","6700000","80400000"
1110066215,"01",1,"5111","6023",3,"9",6,"0005000000","0060000000","0005000000","0060000000","0","0","5000000","60000000"
1110066218,"01",1,"5162","7523",1,"7",6,"0007350000","0094776000","0006898000","0082776000","0","0012000000","6898000","94776000"
1110070155,"01",1,"9314","4521",3,"8",6,"0003200000","0038400000","0003200000","0038400000","00","0","3200000","38400000"
1110070161,"01",1,"9314","4521",3,"8",6,"0002500000","0030000000","0002500000","0030000000","00","0","2500000","30000000"
1110070165,"01",1,"9314","4521",3,"8",6,"0002700000","0032400000","0002700000","0032400000","0","0","2700000","32400000"
1110070167,"01",1,"9314","4521",3,"8",6,"0002600000","0031200000","0002600000","0031200000","0","0","2600000","31200000"
1110106263,"01",1,"9333","5221",3,"10",6,"0002400000","0028800000","0002400000","0028800000","0","0","2400000","28800000"
1110118145,"01",1,"9314","4521",3,"8",3,"0001400000","0020000000","0001400000","0020000000","0","0","1400000","20000000"
1110118145,"02",1,"7436","1729",3,"7",6,"0000200000","0002500000","0000200000","0002500000","0","0","200000","2500000"
1110118150,"01",2,"9314","4521",3,NA,NA,"0","0012000000","0","0012000000","0","0","0","12000000"
1110118151,"01",1,"9333","6023",3,"7",5,"0001200000","0014000000","0001200000","0014000000","0","0","1200000","14000000"
1110118151,"02",1,"7436","1729",3,"6",7,"0000250000","0003000000","0000250000","0003000000",NA,"0","250000","3000000"
1110118151,"03",2,"9333","6023",3,NA,NA,"0","0006000000","0","0006000000","0","0","0","6000000"
1110066213,"01",1,"3113","6303",3,"7",6,"0005400000","0086800000","0005180000","0062160000","0","0021500000","5180000","83660000"
1110050059,"01",2,"9314","4521",3,NA,NA,"0","0008000000","0","0008000000","0","0","0","8000000"
1110006110,"04",1,"9211","1555",3,"8",6,"0003200000","0020800000","0003200000","0020800000","0","0","3200000","20800000"
1110006117,"01",1,"9314","4521",3,"8",5,"0002000000","0020800000","0002000000","0020800000","0","0","2000000","20800000"
1110006123,"04",2,"9314","4521",3,NA,NA,"0000480000","0008400000","0000480000","0008400000","0","0","480000","8400000"
1110030219,"01",1,"9314","4521",3,"8",6,"0002300000","0025000000","0002300000","0025000000","0","0","2300000","25000000"
1110030219,"02",1,"7436","1729",3,"4",7,"0000200000","0001200000","0000200000","0001200000","0","0","200000","1200000"
1110006112,"01",1,"1410","4522",3,"8",6,"0012000000","0144000000","0010840000","0013008000","0","0","10840000","13008000"
1110006112,"02",2,"2320","7512",3,NA,NA,"0","0016000000","0","0014080000","0","0001500000","0","15580000"
1110062001,"01",1,"2144","6421",1,"8",6,"0010760000","0132120000","0009890000","0118680000","0","0003000000","9890000","121680000"
1110062001,"03",1,"3114","6421",3,"8",6,"0003500000","0049000000","0003336667","0040040004","0","0007000000","3336667","47040004"
1110062008,"01",1,"0111","7522",1,"8",6,"0005150000","0069600000","0004750000","0057000000","0","0007800000","4750000","64800000"
1110062010,"01",1,"7417","1545",3,"8",6,"0001900000","0022800000","0001900000","0022800000","0","0","1900000","22800000"
1110098105,"01",1,"5123","7511",1,"8",6,"0003500000","0067000000","0003336667","0040040004","0","0023500000","3336667","63540004"
1110098105,"02",1,"9141","8031",3,"12",7,"0001700000","0020400000","0001700000","0020400000","0","0","1700000","20400000"
1110098109,"01",1,"2221","8511",1,"8",6,"0040000000","0505000000","0036266500","0435198000","0","0025000000","36266500","460198000"
1110098109,"02",1,"2221","8511",1,"8",6,"0050000000","0570698000","0045266500","0543198000","0","0027500000","45266500","570698000"
1110062015,"01",1,"7231","4522",3,"10",6,"0004500000","0049500000","0004290000","0038610000","0","0009000000","4290000","47610000"
1110098102,"01",1,"3419","4010",1,"8",6,"0008000000","0112000000","0007060000","0084720000","0","0016000000","7060000","100720000"
1110026199,"01",1,"9314","4521",3,"8",3,"0001500000","0018000000","0001500000","0018000000","0","0","1500000","18000000"
1110026200,"01",1,"9314","4521",3,"8",3,"0001700000","0020000000","0001700000","0020000000","0","0","1700000","20000000"
1110026208,"01",1,"9314","4521",3,"8",4,"0001500000","0015000000","0001500000","0015000000","0","0","1500000","15000000"
1110086154,"01",1,"5111","6023",3,"10",6,"0001500000","0018000000","0001500000","0018000000","0","0","1500000","18000000"
1110086159,"01",1,"9314","4521",3,"8",6,"0003500000","0042000000","0003500000","0042000000","0","0","3500000","42000000"
1110026208,"12",1,"9314","4521",3,"8",4,"0002000000","0022000000","0002000000","0022000000","0","0","2000000","22000000"
1110026210,"01",1,"9314","4521",3,"8",6,"0002500000","0030000000","0002500000","0030000000","0","0","2500000","30000000"
1110050055,"01",1,"9314","4521",3,"8",4,"0002000000","0025000000","0002000000","0025000000","0","0","2000000","25000000"
1110122009,"01",2,"9314","4521",3,NA,NA,"0000270000","0009430000","0000270000","0009430000","0","0","270000","9430000"
1110122010,"01",1,"9314","4521",3,"8",4,"0001440000","0015900000","0001440000","0015900000","0","0","1440000","15900000"
1110014057,"01",1,"1429","8021",1,"8",6,"0006800000","0093600000","0006300000","0075600000","0","0012000000","6300000","87600000"
1110082049,"03",1,"5220","5030",3,"8",6,"0001500000","0018000000","0001500000","0018000000","0","0","1500000","18000000"
1110082049,"04",1,"5220","5233",3,"8",6,"0001500000","0018000000","0001500000","0018000000","0","0","1500000","18000000"
1110082049,"05",1,"5220","5233",3,"8",6,"0001500000","0018000000","0001500000","0018000000",NA,"0","1500000","18000000"
1110082060,"01",1,"9314","7511",1,"8",6,"0005200000","0068400000","0004950000","0059400000","0","0006000000","4950000","65400000"
1110142160,"01",1,"8340","0501",3,"14",7,"0003700000","0044400000","0003500000","0042000000","0000200000","0002400000","3700000","44400000"
1110142160,"03",1,"8340","0501",3,"14",7,"0003200000","0038400000","0003000000","0036000000","0000200000","0002400000","3200000","38400000"
1110142167,"01",1,"8340","0501",3,"14",7,"0003750000","0045000000","0003500000","0042000000","0000250000","0003000000","3750000","45000000"
1110142171,"01",1,"8240","0501",3,"14",7,"0003750000","0072000000","0003500000","0042000000","0000250000","0030000000","3750000","72000000"
1110018248,"01",1,"9314","4521",3,"8",6,"0003000000","0036000000","0003000000","0036000000","0","0","3000000","36000000"
1110142172,"01",1,"8324","6023",3,"8",6,"0005000000","0060000000","0005000000","0060000000","0","0","5000000","60000000"
1110082050,"03",1,"7218","3610",3,"8",6,"0002500000","0030000000","0000250000","0030000000","0","0","250000","30000000"
1110018249,"02",1,"8322","6022",3,"8",6,"0003000000","0036000000","0003000000","0036000000","0","0","3000000","36000000"
1110018259,"01",1,"9314","7511",3,"8",6,"0004600000","0065200000","0003600000","0043200000","0000600000","0017200000","4200000","60400000"
1110018259,"03",1,"5220","5238",3,"8",7,"0002800000","0033600000","0002500000","0030000000","0000300000","0003600000","2800000","33600000"
1110142172,"03",1,"8340","0501",3,"14",7,"0003750000","0072000000","0003500000","0042000000","0000250000","0030000000","3750000","72000000"
1110098112,"03",1,"4121","7513",1,"8",6,"0003000000","0018000000","0002860000","0017160000","0","0","2860000","17160000"
1110142163,"01",1,"8340","0501",3,"12",7,"0003800000","0045600000","0003600000","0043200000","0000200000","0002400000","3800000","45600000"
1110138054,"01",1,"9152","7512",1,"8",7,"0004800000","0060376000","0004448000","0053376000","0","0007000000","4448000","60376000"
1110138057,"01",1,"7221","2892",3,"8",6,"0002200000","0025200000","0002200000","0025200000","0","0","2200000","25200000"
1110138067,"01",1,"2331","8012",1,"4",6,"0005800000","0069600000","0005300670","0058464000","0","0003000000","5300670","61464000"
1110138067,"02",2,"2331","8012",1,NA,NA,"0","0012000000","0","0012000000","0","0","0","12000000"
1110002217,"01",1,"9132","7511",1,"8",7,"0002700000","0037400000","0002430000","0029160000","0","0005000000","2430000","034160000"
1110002218,"01",1,"8322","6022",3,"12",7,"0002500000","0030000000","0002500000","0030000000","0","0","2500000","30000000"
1110038159,"03",1,"5220","5232",3,"14",7,"0001200000","0014800000","0001200000","0014400000","0","0000400000","1200000","14800000"
1110038159,"04",1,"5220","5232",3,"14",7,"0001200000","0002400000","0001200000","0002400000","0","0","1200000","2400000"
1110038162,"03",1,"9314","4521",3,"7",6,"0003500000","0040000000","0003500000","0040000000","0","0","3500000","40000000"
1110038164,"01",1,"7126","4521",3,"8",6,"0006500000","0075000000","0006500000","0075000000","0","0","6500000","75000000"
1110038169,"01",1,"8322","6023",3,"7",6,"0002000000","0024000000","0002000000","0024000000","0","0","2000000","24000000"
1110074245,"01",1,"4142","7511",1,"8",6,"0003800000","0051700000","0003622667","0043472004","0","0006100000","3622667","49572004"
1110074248,"01",1,"8322","7513",1,"8",6,"0005000000","0067200000","0004666667","0056000004","0","0007200000","4666667","63200004"
1110074251,"01",1,"4190","7513",1,"8",6,"0005800000","0080600000","0005247000","0062964000",NA,"0011000000","5247000","73964000"
1110074254,"01",1,"9132","7511",1,"8",6,"0004800000","0065700000","0004576000","0054912000","0","0008100000","4576000","63012000"
1110110001,"01",1,"5220","5238",3,"10",6,"0003500000","0042000000","0003500000","0042000000","0","0","3500000","42000000"
1110110009,"01",1,"8324","6023",3,"10",6,"0005000000","0060000000","0005000000","0060000000","0","0","5000000","60000000"
1110110009,"03",1,"5111","6023",3,"8",6,"0003000000","0036000000","0003000000","0036000000","0","0","3000000","36000000"
1110110009,"05",1,"5111","6023",3,"8",6,"0002500000","0002500000","0002500000","0002500000","0","0","2500000","2500000"
1110110012,"05",1,"5111","6022",3,"10",6,"0003500000","0042000000","0003500000","0042000000","0","0","3500000","42000000"
1110110012,"06",1,"5111","6022",3,"8",6,"0002000000","0014000000","0002000000","0014000000","0","0","2000000","14000000"
1110110015,"01",1,"5111","6022",3,"10",6,"0004500000","0054000000","0004500000","0054000000","0","0","4500000","54000000"
1110042011,"01",1,"2331","8012",1,"4",6,"0006260000","0082000000","0005690000","0065280000","0","0009500000","5690000","74780000"
1110114053,"01",1,"9211","0112",3,"8",6,"0003000000","0036000000","0003000000","0036000000","0","0","3000000","36000000"
1110114058,"02",1,"0111","7522",1,"8",6,"0005400000","0073400000","0005050000","0060600000","0","0007500000","5050000","68100000"
1110046115,"01",1,"3435","6512",1,"8",6,"0006850000","0088200000","0006650000","0079800000","0","0006000000","6650000","85800000"
1110046117,"01",1,"9141","8021",1,"9",7,"0005358619","0069500000","0004958619","0059503428","0","0005000000","4958619","64503428"
1110046122,"01",1,"5220","5233",3,"10",6,"0004000000","0052000000","0004000000","0048000000",NA,"0004000000","4000000","52000000"
1110046123,"01",1,"3416","8031",1,"7",6,"0004800000","0067600000","0004576000","0054912000",NA,"0010000000","4576000","64912000"
1110046123,"02",1,"4190","8031",1,"7",6,"0003800000","0057600000","0003622667","0043472004","0","0010000000","3622667","53472004"
1110034303,"01",1,"7431","1711",3,"8",6,"0003000000","0003000000","0003000000","0003000000","0","0","3000000","3000000"
1110034304,"01",1,"2331","8012",1,"4",6,"0006437354","0080248248","0005927171","0071126052","0","0003000000","5927171","74126052"
1110034309,"01",1,"8322","6022",3,"7",7,"0003300000","0038500000","0003300000","0038500000","0","0","3300000","38500000"
1110034314,"01",2,"9142","5020",3,NA,NA,"0","0022500000","0","0022000000","0","0000500000","0","22500000"
1110034314,"01",1,"5220","5522",3,"9",6,"0002000000","0002000000","0002000000","0002000000","0","0","2000000","2000000"
1110034314,"02",1,"2331","8012",1,"5",6,"0001500000","0018000000","0001500000","0015000000","0","0003000000","1500000","18000000"
1110022252,"01",1,"0112","7523",1,"8",6,"0006700000","0090400000","0005385000","0064620000","0000800000","0019600000","6185000","84220000"
1110114058,"03",1,"4222","8514",3,"8",6,"0001500000","0020500000","0001500000","0018500000","0","0002000000","1500000","20500000"
1110114058,"05",1,"0111","7522",1,"8",6,"0000450000","0005400000","0000450000","0005400000","0","0","0450000","5400000"
1110114062,"01",1,"9333","5110",3,"8",6,"0001800000","0021600000","0001800000","0021600000","0","0","1800000","21600000"
1110114065,"01",1,"9333","5110",3,"8",6,"0001800000","0021600000","0001800000","0021600000","0","0","1800000","21600000"
1110102101,"01",1,"9314","4521",3,"8",4,"0002200000","0026400000","0002200000","0026400000","0","0","2200000","26400000"
1110102105,"01",1,"9314","4521",3,"8",5,"0002450000","0029400000","0002450000","0029400000","0","0","2450000","29400000"
1110138061,"01",1,"2490","6512",1,"8",7,"0007500000","0090000000","0006750000","0081000000","0","0003000000","6750000","84000000"
1110090151,"01",1,"1429","8012",1,"5",6,"0007600000","0103700000","0007083714","0085000000","0","0012000000","7083714","97000000"
1110090154,"01",1,"3443","7511",1,"8",6,"0004800000","0068180000","0004600000","0055680000","0","0012500000","4600000","68180000"
1110090159,"01",1,"7231","5020",3,"12",6,"0003800000","0045600000","0003800000","0045600000","0","0","3800000","45600000"
1110090161,"01",1,"2331","8012",1,"4",6,"0007530000","0097560000","0006940000","0083280000","0","0006500000","6940000","89780000"
1110090161,"02",1,"1429","8012",1,"4",6,"0008700000","0115700000","0007990000","0095880000","0","0010200000","7990000","106080000"
1110090164,"01",1,"1427","8031",1,"8",6,"0009500000","0139000000","0008685000","0104220000","0","0023500000","8685000","127720000"
1110090164,"01",1,"1100","7511",3,"4",5,"0007000000","0084000000","0006300000","0075600000","0","0","6300000","75600000"
1110010008,"01",1,"7438","1711",3,"8",7,"0004100000","0049220000","0003710000","0044520000","0","0004700000","3710000","49220000"
1110010008,"03",1,"0112","7522",3,"8",7,"0003000000","0001200000","0000300000","0001200000","0","0","300000","1200000"
1110094002,"01",1,"5162","7523",1,"8",6,"0007500000","0102000000","0007003000","0084036000","0","0011500000","7003000","95536000"
1110094010,"01",1,"3431","4521",1,"8",6,"0015100000","0123000000","0005950000","0071400000","0007660000","0038500000","13610000","109900000"
1110058105,"06",1,"4212","6512",1,"8",6,"0005800000","0089600000","0005327500","0063930000","0","0018000000","5327500","81930000"
1110058109,"01",1,"9333","6023",3,"8",4,"0001700000","0022000000","0001700000","0022000000","0","0","1700000","22000000"
1110058114,"01",1,"9314","4521",3,"8",4,"0001800000","0020000000","0001800000","0020000000","0","0","1800000","20000000"
1110058119,"01",1,"9131","9500",3,"3",3,"0001200000","0018000000","0001200000","0018000000","0","0","1200000","18000000"
1110022255,"01",1,"0112","7523",1,"8",6,"0006500000","0088000000","0005320000","0063840000","0000700000","0018400000","6020000","82240000"
1110022258,"01",1,"0112","7523",1,"8",6,"0005900000","0080800000","0005450000","0065400000","0","0010000000","5450000","75400000"
1110022260,"01",1,"0112","7523",1,"8",6,"0005900000","0080800000","0005450000","0065400000","0","0010000000","5450000","75400000"
1110022263,"01",1,"5162","7523",1,"8",6,"0006900000","0092800000","0004900000","0058800000","0001500000","0028000000","6400000","86800000"
1110130301,"01",1,"5220","5238",3,"7",6,"0001900000","0020800000","0001900000","0020800000","0","0","1900000","20800000"
1110130307,"01",2,"8322","6022",3,NA,NA,"0","0016000000","0","0016000000","0","0","0","16000000"
1110130311,"01",1,"5220","5234",3,"8",6,"0002300000","0025800000","0002300000","0025800000","0","0","2300000","25800000"
1110130313,"01",1,"2331","8012",1,"4",6,"0006400000","0073200000","0005580000","0066582720","0","0003000000","5580000","69582720"
1110010003,"01",1,"3231","8513",1,"8",7,"0006900000","0078600000","0006249000","0071166000","0","0003000000","6249000","74166000"
1110010003,"03",1,"2331","8012",1,"6",4,"0004900000","0055200000","0004459000","0050232000","0","0003000000","4459000","53232000"
1110134001,"01",1,"3213","7513",1,"8",6,"0006400000","0086800000","0004900000","0058800000","0001000000","0022000000","5900000","80800000"
1110134001,"08",1,"0112","7523",1,"9",6,"0000040000","0005400000","0000040000","0005400000","0","0","40000","5400000"
1110134005,"01",1,"9211","0111",3,"8",6,"0002500000","0030000000","0002500000","0030000000","0","0","2500000","30000000"
1110134009,"02",1,"2320","8021",1,"6",6,"0005900000","0080800000","0005400000","0064800000","0","0010000000","5400000","74800000"
1110134010,"01",1,"9211","0111",3,"8",6,"0003000000","0036000000","0003000000","0036000000","0","0","3000000","36000000"
1110046113,"01",1,"2490","6512",1,"8",6,"0009900000","0131800000","0009190000","0110280000","0","0013000000","9190000","123280000"
1110046113,"02",1,"2331","8012",1,"4",6,"0005700000","0075400000","0005160000","0061920000","0","0007000000","5160000","68920000"
1110050063,"03",1,"9314","4521",3,"8",6,"0002500000","0030000000","0002500000","0030000000","0","0","2500000","30000000"
1110043003,"03",2,"7218","5020",3,NA,NA,"0","0005000000","0","0005000000","0","0","0","5000000"
1110043006,"01",1,"9131","9500",3,"6",4,"0001000000","0012000000","0001000000","0012000000","0","0","1000000","12000000"
1110043006,"02",1,"9314","4521",3,"8",3,"0001000000","0012000000","0001000000","0012000000","0","0","1000000","12000000"
1110003194,"01",1,"7221","2892",3,"8",6,"0002400000","0028800000","0002400000","0028800000","0","0","2400000","28800000"
1110003198,"01",1,"5162","7523",1,"8",7,"0007000000","0084000000","0006370000","0076440000","0","0007500000","6370000","83940000"
1110003189,"01",1,"7126","4521",3,"8",5,"0006000000","0070000000","0006000000","0070000000","0","0","6000000","70000000"
1110039049,"08",1,"5162","7523",1,"8",6,"0002100000","0006300000","0002100000","0006300000","0","0","2100000","6300000"
1110039049,"08",2,"9314","4521",3,NA,NA,"0","0015000000","0","0015000000","0","0","0","15000000"
1110039051,"01",1,"4121","1724",1,"7",6,"0005200000","0071400000","0004969000","0059628000",NA,"0008500000","4969000","68128000"
1110115064,"04",1,"9131","9500",3,"4",2,"0000250000","0003000000","0000250000","0003000000","0","0","250000","3000000"
1110115070,"02",1,"7436","1729",3,"3",4,"0000500000","0006000000","0000500000","0006000000","0","0","500000","6000000"
1110115070,"03",1,"4222","8514",3,"8",6,"0001000000","0012000000","0001000000","0012000000","0","0","1000000","12000000"
1110115061,"03",1,"7231","5020",3,"8",6,"0000900000","0010800000","0000900000","0010800000","0","0","900000","10800000"
1110019199,"03",1,"2331","8012",1,"5",6,"0005300000","0073600000","0004980000","0059760000","0","0010000000","4980000","69760000"
1110019201,"04",1,"5220","5040",3,"10",6,"0003000000","0036000000","0003000000","0036000000","0","0","3000000","36000000"
1110019190,"01",1,"4134","1110",3,"8",6,"0004200000","0058400000","0003500000","0042000000","0000500000","0014000000","4000000","56000000"
1110019190,"02",1,"3231","8513",1,"8",6,"0004600000","0065200000","0003900000","0046800000","0000400000","0014800000","4300000","61600000"
1110019194,"01",1,"7126","4521",3,"8",6,"0005500000","0066000000","0005500000","0066000000","0","0","5500000","66000000"
1110019196,"01",1,"8324","6023",1,"10",6,"0004800000","0065600000","0003800000","0045600000","0000700000","0016400000","4500000","62000000"
1110039056,"01",1,"9314","4521",3,"8",5,"0002500000","0030000000","0002500000","0030000000","0","0","2500000","30000000"
1110039056,"08",1,"9314","4521",3,"8",3,"0001500000","0015000000","0001500000","0015000000","0","0","1500000","15000000"
1110039057,"03",1,"7231","5020",3,"8",6,"0003000000","0036000000","0003000000","0036000000","0","0","3000000","36000000"
1110079054,"01",1,"8324","6023",3,"10",5,"0005000000","0060000000","0005000000","0060000000","0","0","5000000","60000000"
1110079057,"02",1,"9131","9500",3,"4",6,"0002500000","0030000000","0002500000","0030000000","0","0","2500000","30000000"
1110079063,"01",1,"8322","4522",3,"8",6,"0003800000","0062600000","0003641333","0043695996",NA,"0015500000","3641333","59195996"
1110099189,"01",1,"2320","8021",1,"4",6,"0007053343","0092500000","0006266273","0075195276","0","0007500000","6266273","82695276"
1110099193,"01",1,"2320","8022",1,"4",6,"0006500000","0085000000","0005894793","0070737516","0","0006500000","5894793","77237516"
1110099193,"02",1,"2351","7513",1,"8",6,"0004519200","0064230400","0004326375","0051916500","0","0010000000","4326375","61916500"
1110099195,"01",1,"8322","7523",1,"8",6,"0004600000","0060000000","0004400000","0052800000","0","0005000000","4400000","57800000"
1110127151,"01",1,"8322","6023",3,"7",5,"0002000000","0027000000","0002000000","0027000000","0","0","2000000","27000000"
1110099187,"01",1,"2320","8021",1,"6",4,"0006400000","0079800000","0005715000","0068580000","0","0003000000","5715000","71580000"
1110099187,"02",1,"2331","8012",1,"6",6,"0005500000","0069000000","0004968000","0059616000","0","0003000000","4968000","62616000"
1110087267,"04",1,"7418","1546",3,"12",6,"0002400000","0028800000","0002400000","0028800000","0","0","2400000","28800000"
1110091343,"01",1,"1427","7530",1,"8",6,"0023200000","0292500000","0016637500","0199560000","0002880000","0034560000","19517500","234120000"
1110091343,"02",1,"2320","8021",1,"6",4,"0006500000","0083000000","0005890000","0070680000","0","0004800000","5890000","75480000"
1110091346,"01",1,"0112","7522",1,"8",6,"0007500000","0102500000","0007030000","0084360000","0","0011500000","7030000","95860000"
1110127163,"01",1,"9314","4521",3,"8",4,"0001600000","0014800000","0001600000","0014800000","0","0","1600000","14800000"
1110043013,"01",1,"9314","4521",3,"8",4,"0001500000","0020000000","0001500000","0020000000","0","0","1500000","20000000"
1110091339,"01",1,"2429","7523",1,"8",6,"0005800000","0085600000","0005380000","0064560000",NA,"0015200000","5380000","79760000"
1110091339,"02",1,"2351","7512",1,"10",6,"0006400000","0088800000","0005880000","0070560000","0","0011000000","5880000","81560000"
1110075064,"03",1,"3240","9305",3,"8",6,"0002500000","0030000000","0002500000","0030000000","0","0","2500000","30000000"
1110075064,"04",1,"3240","9305",3,"8",6,"0002500000","0030000000","0002500000","0030000000","0","0","2500000","30000000"
1110043011,"04",1,"9314","4521",3,"8",3,"0001500000","0022000000","0001500000","0022000000","0","0","1500000","22000000"
1110043011,"06",1,"2320","8021",1,"4",6,"0004900000","0061800000","0004480000","0053820000","0","0003000000","4480000","56820000"
1110071274,"01",1,"8322","4010",1,"8",6,"0009748298","0131829576","0008422469","0101069628",NA,"0014850000","8422469","115919628"
1110095058,"01",1,"2320","8021",1,"4",6,"0007129082","0091548984","0006291082","0075492984","0","0006000000","6291082","81492984"
1110095064,"01",1,"4115","2694",3,"12",6,"0004920000","0064040000","0004707334","0056488008","0","0006400000","4707334","62888008"
1110119200,"01",1,"5161","7511",1,"7",7,"0003996000","0060252000","0003851800","0046221600","0","0012300000","3851800","58521600"
1110119203,"01",1,"9141","7511",1,"12",7,"0004116150","0064393800","0003966903","0047602836","0","0015000000","3966903","62602836"
1110119203,"04",1,"4121","7522",1,"4",5,"0000500000","0001000000","0","0","0","0","0","0"
1110119203,"04",2,"5220","5222",3,NA,NA,"0","0002000000","0","0002000000","0","0","0","2000000"
1110119206,"01",2,"9314","4521",3,NA,NA,"0","0005000000","0","0005000000","0","00","0","5000000"
1110119199,"01",1,"1429","8022",1,"8",6,"0007251278","0108015336","0006844691","0081136296","0","0019500000","6844691","100636296"
1110011165,"01",1,"3439","4010",1,"8",7,"0004300000","0054480000","0003890000","0046680000","0000200000","0007800000","4090000","54480000"
1110011167,"01",1,"7126","4521",3,"8",2,"0002000000","0018000000","0002000000","0018000000","0","0","2000000","18000000"
1110011167,"03",1,"7231","5020",3,"8",6,"0001500000","0019800000","0001500000","0019800000","0","0","1500000","19800000"
1110035288,"01",1,"7126","4521",3,"8",7,"0001750000","0030000000","0001750000","0030000000","0","0","1750000","30000000"
1110035290,"02",1,"2320","8012",1,"4",6,"0006040984","0080925904","0005484587","0063315044","0","0010500000","5484587","73815044"
1110039060,"01",1,"5220","1545",3,"6",7,"0002000000","0024000000","0002000000","0024000000","0","0","2000000","24000000"
1110127159,"01",1,"7231","7513",1,"8",7,"0004170000","0057600000","0003802000","0045600000","0","0012000000","3802000","57600000"
1110139125,"01",1,"0112","7522",1,"8",6,"0005800000","0079600000","0005200000","0062400000","0","0010000000","5200000","72400000"
1110139114,"01",1,"0112","7522",1,"8",6,"0005800000","0079600000","0005200000","0062400000","0","0010000000","5200000","72400000"
1110139116,"01",1,"0112","7522",1,"8",6,"0005800000","0079600000","0005200000","0062400000","0","0","5200000","62400000"
1110139120,"01",1,"0112","7522",1,"8",6,"0005800000","0079600000","0005200000","0062400000","0","0010000000","5200000","72400000"
1110139122,"01",1,"0112","7522",3,"8",6,"0005800000","0079600000","0005200000","0062400000","0","0010000000","5200000","72400000"
1110107113,"01",1,"9314","4521",3,"8",6,"0002800000","0033600000","0002800000","0033600000","0","0","2800000","33600000"
1110107116,"01",1,"9333","5211",3,"8",6,"0003100000","0037200000","0003100000","0037200000","0","0","3100000","37200000"
1110035294,"02",1,"5220","5222",3,"10",6,"0002500000","0035000000","0002500000","0035000000","0","0","2500000","35000000"
1110107118,"01",1,"9314","4521",3,"8",6,"0","0","0","0","0","0","0","0"
1110107120,"01",1,"8322","6023",3,"10",6,"0005000000","0006000000","0005000000","0006000000","0","0","5000000","6000000"
1110107124,"01",1,"8324","6023",3,"10",6,"0008500000","0102000000","0008500000","0102000000","0","0","8500000","102000000"
1110063209,"03",1,"2320","8021",1,"4",6,"0004800000","0061100000","0004576000","0054912000","0","0003500000","4576000","58412000"
1110111053,"01",1,"7231","4521",3,"10",6,"0004500000","0054000000","0004500000","0054000000","0","0","4500000","54000000"
1110111058,"01",1,"8324","6023",3,"8",4,"0001500000","0018000000","0001500000","0018000000","0","0","1500000","18000000"
1110051112,"02",1,"7433","1810",3,"8",6,"0002500000","0034000000","0002383334","0028600000","0","0004000000","2383334","32600000"
1110051115,"01",1,"7433","1810",3,"8",6,"0003100000","0038200000","0002955663","0035467956","0","0001000000","2955663","36467956"
1110051125,"06",1,"7123","4540",3,"8",5,"0002500000","0030000000","0002500000","0030000000","0","0","2500000","30000000"
1110027149,"01",1,"2331","8012",1,"4",5,"0007850000","0093700000","0007200420","0084405040","0","0003500000","7200420","87905040"
1110027151,"01",1,"8322","7513",1,"7",6,"0005389977","0080679724","0005139977","0061679724","0","0015400000","5139977","77079724"
1110027155,"01",1,"2411","8513",1,"7",6,"0006700000","0083200000","0006185000","0074220000","0","0004000000","6185000","78220000"
1110027158,"01",1,"4222","8511",1,"7",6,"0006840000","0104080000","0006293550","0075522600","0","0021000000","6293550","96522600"
1110027158,"02",1,"2320","8021",1,"6",4,"0006015919","0075200000","0005680919","0068171028","0","0003000000","5680919","71171028"
1110027162,"01",1,"0111","7522",1,"7",6,"0006500000","0083500000","0006030000","0072360000","0","0005500000","6030000","77860000"
1110123053,"01",1,"5220","5234",3,"8",6,"0000850000","0010200000","0000850000","0010200000","0","0","850000","10200000"
1110123055,"01",1,"5111","6022",3,"7",6,"0001500000","0017500000","0001500000","0017500000","0","0","1500000","17500000"
1110055295,"01",1,"8324","6023",3,"8",5,"0004500000","0054000000","0004500000","0054000000","0","0","4500000","54000000"
1110055302,"01",1,"8324","6023",3,"8",6,"0006500000","0078000000","0006500000","0078000000","0","0","6500000","78000000"
1110055305,"01",1,"9314","4521",3,"8",4,"0002500000","0030000000","0002500000","0030000000","0","0","2500000","30000000"
1110067105,"01",1,"7141","4540",3,"8",4,"0003500000","0042000000","0003500000","0042000000","0","0","3500000","42000000"
1110067114,"01",1,"8323","7498",3,"8",6,"0003900000","0053300000","0003718000","0044616000",NA,"0006500000","3718000","51116000"
1110031156,"01",1,"9152","6303",3,"12",7,"0001500000","0020000000","0001500000","0018000000","0","0002000000","1500000","20000000"
1110031159,"02",1,"3443","7530",1,"7",6,"0004500000","0069000000","0004125000","0049500000","0","0014000000","4125000","63500000"
1110031161,"02",1,"2331","8012",1,"4",6,"0006316630","0080799560","0005732229","0068786748","0","0005000000","5732229","73786748"
1110031166,"01",1,"4134","1724",1,"7",6,"0005100000","0066000000","0004890000","0058680000","0","0005000000","4890000","63680000"
1110103056,"01",1,"9314","4521",3,"8",6,"0002500000","0030000000","0002500000","0030000000","0","0","2500000","30000000"
1110103057,"03",2,"9314","4521",3,NA,NA,"0","0002000000","0","0002000000","0","0","0","2000000"
1110059159,"01",1,"7233","7498",3,"8",6,"0002500000","0007500000","0002500000","0007500000","0","0","2500000","7500000"
1110059165,"01",1,"8322","7498",3,"8",6,"0004800000","0057600000","0004800000","0057600000","0","0","4800000","57600000"
1110059170,"04",1,"9314","4521",3,"8",3,"0001000000","0012000000","0001000000","0012000000","0","0","1000000","12000000"
1110083141,"01",2,"7436","1729",3,NA,NA,"0001000000","0011000000","0001000000","0011000000","0","0","1000000","11000000"
1110083142,"01",1,"3435","7512",1,"8",6,"0001500000","0018000000","0001500000","0018000000","0","0","1500000","18000000"
1110083145,"01",1,"8324","6023",3,"10",6,"0012000000","0144000000","0012000000","0144000000","0","0","12000000","144000000"
1110083153,"01",1,"5220","5240",3,"8",6,"0005500000","0066000000","0005500000","0066000000","0","0","5500000","66000000"
1110135053,"01",1,"9314","4521",3,"8",6,"0003000000","0036000000","0003000000","0036000000","0","0","3000000","36000000"
1110135064,"01",1,"9152","7492",3,"8",7,"0003500000","0042000000","0003500000","0042000000","0","0","3500000","42000000"
1110047051,"01",1,"3435","7513",1,"7",6,"0005651659","0078819908","0005430072","0065160864","0","0010000000","5430072","75160864"
1110047056,"01",1,"8322","6022",3,"8",7,"0002500000","0030000000","0002500000","0030000000","0","0","2500000","30000000"
1110047058,"01",1,"2142","4521",3,"6",6,"0009340000","0135080000","0008263348","0099160176","0","0022000000","8263348","121160176"
1110047058,"02",2,"2221","8511",1,NA,NA,"0","0007500000","0","0","0","0","0","7500000"
1110143253,"03",1,"5220","5222",3,"8",7,"0001000000","0012000000","0001000000","0012000000","0","0","1000000","12000000"
1110143256,"01",1,"5111","4100",1,"8",6,"0007850000","0109200000","0007383000","0088596000","0","0013580000","7383000","102176000"
1110007099,"03",1,"8322","6023",3,"6",5,"0002000000","0024000000","0002000000","0024000000","0","0","2000000","24000000"
1110007099,"04",1,"5220","5232",3,"8",6,"0001800000","0021600000","0001800000","0021600000","0","0","1800000","21600000"
1110007104,"01",1,"8322","6022",3,"8",4,"0001600000","0017600000","0001600000","0017600000","0","0","1600000","17600000"
1110007106,"03",1,"7231","5030",3,"8",6,"0001500000","0017400000","0001500000","0017400000","00","0","1500000","17400000"
1110135058,"01",1,"9314","4521",3,"8",6,"0003000000","0036000000","0003000000","0036000000","0","0","3000000","36000000"
1110131395,"01",1,"1410","6512",1,"10",6,"0011000000","0152000000","0010500000","0126000000","0","0020000000","10500000","146000000"
1110131397,"01",1,"8324","6023",3,"8",6,"0010000000","0120000000","0010000000","0120000000","0","0","10000000","120000000"
1110131400,"01",1,"3439","4100",1,"8",6,"0003400000","0050800000","0003100000","0037200000","0","0010000000","3100000","47200000"
1110131400,"04",1,"9314","4521",3,"8",6,"0002100000","0025200000","0002100000","0025200000","0","0","2100000","25200000"
1110131406,"04",1,"2320","8021",1,"5",6,"0003000000","0018000000","0003000000","0018000000","0","0","3000000","18000000"
1110015199,"01",1,"9211","7511",3,"8",6,"0003200000","0038400000","0003200000","0038400000","0","0","3200000","38400000"
1110015199,"04",1,"9211","7511",3,"8",6,"0003200000","0038400000","0003200000","0038400000","0","0","3200000","38400000"
1110015207,"01",1,"9314","4521",3,"8",6,"0002300000","0027600000","0002300000","0027600000","0","0","2300000","27600000"
1110023180,"01",1,"0112","7522",1,"8",6,"0006800000","0091600000","0006300000","0075600000","0","0010000000","6300000","85600000"
1110023175,"01",1,"0112","7522",1,"8",6,"0006500000","0088000000","0006100000","0073200000","0","0010000000","6100000","83200000"
1110023174,"01",1,"0112","7522",1,"8",6,"0006800000","0091600000","0006300000","0075600000","0","0010000000","6300000","85600000"
1110023169,"01",1,"0112","7522",1,"8",6,"0006700000","0090400000","0006300000","0075600000","0","0010000000","6300000","85600000"
1110015201,"03",1,"8340","0501",3,"14",7,"0002700000","0032400000","0002500000","0030000000","0000200000","0002400000","2700000","32400000"
1110015201,"04",1,"8340","0501",3,"14",7,"0002700000","0032400000","0002500000","0030000000","0000200000","0002400000","2700000","32400000"
1110015201,"05",1,"9314","4521",3,"8",6,"0002800000","0033600000","0002800000","0033600000","0","0","2800000","33600000"
1110015201,"06",1,"9211","7511",3,"8",6,"0003200000","0038400000","0003200000","0038400000","0","0","3200000","38400000"
1110015201,"08",1,"9211","7511",3,"8",6,"0003200000","0038400000","0003200000","0038400000","0","0","3200000","38400000"
1110023168,"01",1,"0112","7522",1,"8",6,"0006700000","0090400000","0006300000","0075600000","0","0010000000","6300000","85600000"
1110143251,"01",2,"8324","7513",3,NA,NA,"0","0015000000",NA,"0015000000","0","0","0","15000000"
1110103063,"01",1,"2331","8012",1,"4",6,"0007230000","0032460000","0006440000","0027880000","0","0003000000","6440000","30880000"
1110092301,"01",1,"3431","0201",1,"8",6,"0010450000","0118920000","0006519111","0078229332","0003180000","0029760000","9699111","107989332"
1110028330,"01",1,"7126","4521",3,"8",6,"0005000000","0060000000","0005000000","0060000000","0","0","5000000","60000000"
1110028334,"01",1,"3460","7513",1,"7",6,"0006998210","0120378520","0006495210","0076942520","0","0003240000","6495210","80182520"
1110028338,"01",1,"7417","1545",3,"6",7,"0001900000","0022800000","0001900000","0022800000","0","0","1900000","22800000"
1110028343,"02",1,"2332","8011",3,"6",6,"0000700000","0004200000","0000700000","0004200000","0","0","700000","4200000"
1110092295,"02",1,"2331","8021",1,"4",6,"0009148435","0080621220","0005361438","0064337256","0003180000","0008500000","8541438","72837256"
1110056109,"01",1,"0112","7522",1,"7",6,"0007800000","0108600000","0007310000","0087720000","0","0013800000","7310000","101520000"
1110120214,"01",1,"8322","6023",3,"7",4,"0001700000","0021600000","0001700000","0021600000","0","0","1700000","21600000"
1110024149,"01",1,"9211","0111",3,"5",5,"0003500000","0040000000","0003500000","0040000000","0","0","3500000","40000000"
1110024149,"03",1,"7231","5020",3,"12",7,"0002200000","0027400000","0002200000","0026400000","0","0001000000","2200000","27400000"
1110024153,"01",1,"1429","8012",1,"6",6,"0008356429","0107457148","0007580895","0090970740","0","0007180000","7580895","98150740"
1110024156,"01",1,"8332","7513",1,"8",6,"0007838090","0062037080","0004508090","0054097080","0003120000","0005420000","7628090","59517080"
1110024157,"01",1,"9314","7513",1,"8",6,"0007518100","0055777200","0004211434","0050537208","0003120000","0003120000","7331434","53657208"
1110024157,"06",1,"7231","5020",3,"8",6,"0000800000","0004000000","0000800000","0004000000","0","0","800000","4000000"
1110024157,"07",1,"9314","4521",3,"8",2,"0000800000","0010000000","0000800000","0010000000","0","0","800000","10000000"
1110088002,"03",1,"4134","7514",1,"8",6,"0000800000","0009600000","0000800000","0009600000","0","0","800000","9600000"
1110088006,"01",1,"7126","4521",3,"8",6,"0006000000","0072000000","0006000000","0072000000","0","0","6000000","72000000"
1110088009,"01",1,"9314","4521",3,"8",6,"0003000000","0036000000","0003000000","0036000000","0","0","3000000","36000000"
1110088010,"03",1,"4141","7523",1,"8",6,"0003900000","0061800000","0003718000","0044616000","0","0013300000","3718000","57916000"
1110028340,"03",1,"8333","6023",3,"7",3,"0001000000","0012000000","0001000000","0012000000","0","0","1000000","12000000"
1110064283,"01",2,"8324","6023",3,NA,NA,"0","0058500000","0","0058500000","0","0","0","58500000"
1110064286,"01",1,"4121","6010",1,"8",6,"0007100000","0100200000","0006400000","0076800000","0","0013500000","6400000","90300000"
1110128209,"02",1,"2320","8021",1,"4",6,"0006046020","0079200000","0006046020","0072552240","0","0002500000","6046020","75052240"
1110004099,"02",2,"9314","4521",3,NA,NA,"0","0008000000","0","0008000000","0","0","0","8000000"
1110056112,"05",1,"9314","4521",3,"8",4,"0001600000","0019200000","0001600000","0019200000","0","0","1600000","19200000"
1110056112,"06",1,"9314","4521",3,"8",4,"0001500000","0018000000","0001500000","0018000000","0","0","1500000","18000000"
1110056112,"08",1,"9314","4521",3,"8",4,"0001500000","0018000000","0001500000","0018000000","0","0","1500000","18000000"
1110128219,"01",1,"9314","4521",3,"8",3,"0001200000","0014800000","0001200000","0014800000","0","0","1200000","14800000"
1110092290,"01",1,"4115","7511",1,"8",6,"0008200000","0086140000","0003880000","0046560000","0004000000","0033540000","7880000","80100000"
1110008051,"01",1,"7433","1810",3,"9",6,"0002160000","0025920000","0002160000","0002592000","0","0","2160000","2592000"
1110008059,"03",2,"9314","4521",3,NA,NA,"0000800000","0011280000","0000800000","0011280000","0","0","800000","11280000"
1110008059,"04",1,"9314","4521",3,"8",3,"0001200000","0013800000","0001200000","0013800000","0","0","1200000","13800000"
1110008059,"05",1,"9314","4521",3,"8",3,"0001200000","0010800000","0001200000","0010800000","0","0","1200000","10800000"
1110008063,"01",1,"9314","4521",3,"8",5,"0002000000","0018000000","0002000000","0018000000","0","0","2000000","18000000"
1110056114,"01",1,"9314","4521",3,"8",6,"0002300000","0013800000","0002300000","0013800000","0","0","2300000","13800000"
1110092294,"01",1,"4115","8021",1,"7",6,"0010764813","0101017756","0006739390","0080872680","0003180000","0009500000","9919390","90372680"
1110092299,"01",1,"4115","9120",3,"8",6,"0005000000","0067500000","0004804000","0057648000","0","0007500000","4804000","65148000"
1110128215,"01",1,"9314","4521",3,"8",2,"0000800000","0013800000","0000800000","0013800000","0","0","800000","13800000"
1110128215,"03",1,"0112","7522",1,"8",7,"0000180000","0002160000","0000180000","0002160000","0","0","180000","2160000"
1110080155,"01",1,"7233","9193",3,"8",6,"0001800000","0021600000","0001800000","0021600000","0","0","1800000","21600000"
1110044165,"01",1,"9314","4521",3,"8",6,"0003000000","0035000000","0003000000","0035000000","0","0","3000000","35000000"
1110044167,"01",1,"6111","0111",3,"2",4,"0001000000","0012000000","0001000000","0012000000","0","0","1000000","12000000"
1110044167,"05",1,"7231","4531",3,"10",6,"0000500000","0005000000","0000500000","0005000000","0","0","500000","5000000"
1110044167,"06",1,"7231","4531",3,"10",6,"0000500000","0005000000","0000500000","0005000000","0","0","500000","5000000"
1110044171,"02",1,"9314","4521",3,"8",5,"0002200000","0025000000","0002200000","0025000000","0","0","2200000","25000000"
1110044171,"04",2,"9211","0140",3,NA,NA,"0","0006000000","0","0006000000","0","0","0","6000000"
1110044172,"06",1,"7218","5020",3,"9",7,"0001000000","0015000000","0001000000","0012000000",NA,"0003000000","1000000","15000000"
1110080150,"01",1,"2310","9193",3,"8",6,"0003000000","0036000000","0003000000","0036000000","0","0","3000000","36000000"
1110080151,"01",1,"8324","6023",3,"8",6,"0012500000","0150000000","0012500000","0150000000","0","0","12500000","150000000"
1110080157,"01",2,"7141","4540",3,NA,NA,"0001500000","0010500000","0001500000","0010500000","0","0","1500000","10500000"
1110104170,"01",1,"9314","4521",3,"8",5,"0002800000","0033600000","0002800000","0033600000","0","0","2800000","33600000"
1110104174,"01",1,"5220","5223",3,"8",6,"0002500000","0030000000","0002500000","0030000000","0","0","2500000","30000000"
1110104175,"01",1,"7221","2892",3,"8",6,"0003800000","0045600000","0003800000","0045600000","0","0","3800000","45600000"
1110104182,"03",1,"5111","6023",3,"10",6,"0002800000","0033600000","0002800000","0033600000","0","0","2800000","33600000"
1110004099,"03",2,"9142","5020",3,NA,NA,"0","0002000000","0","0002000000","0","0","0","2000000"
1110004107,"01",2,"9211","0111",3,NA,NA,"0","0030000000","0","0030000000","0","0","0","30000000"
1110004102,"01",1,"9142","5020",3,"8",6,"0002500000","0030000000","0002300000","0027600000","0","0","2300000","27600000"
1110004104,"02",1,"8322","6022",3,"9",6,"0002000000","0018000000","0002000000","0018000000","0","0","2000000","18000000"
1110120218,"01",1,"9141","7511",1,"8",7,"0154500000","0058600000","0004450000","0053400000","0011000000","0005200000","15450000","58600000"
1110120219,"01",1,"5161","7511",1,"8",7,"0014200000","0062400000","0004800000","0057600000","0009000000","0002200000","13800000","59800000"
1110012345,"01",2,"8322","6022",3,NA,NA,"0","0009000000","0","0009000000","0","0","0","9000000"
1110012348,"01",1,"9314","4521",3,"8",5,"0002000000","0028000000","0002000000","0028000000","0","0","2000000","28000000"
1110012358,"01",1,"9141","1545",3,"8",7,"0002000000","0024000000","0002000000","0024000000","0","0","2000000","24000000"
1110012355,"01",1,"1410","6302",1,"8",7,"0008840000","0071520000","0004660000","0055920000","0004180000","0015600000","8840000","71520000"
1110112114,"01",1,"8322","6022",3,"8",4,"0002200000","0026400000","0002200000","0026400000","0","0","2200000","26400000"
1110112118,"01",1,"9132","5232",3,"10",6,"0001900000","0007600000","0001900000","0007600000","0","0","1900000","7600000"
1110040199,"01",1,"5122","5521",3,"7",7,"0004500000","0054000000","0004500000","0054000000","0","0","4500000","54000000"
1110040203,"01",1,"4223","6421",1,"7",7,"0005600000","0076200000","0005050000","0060600000","0","0008500000","5050000","69100000"
1110040211,"01",1,"9314","4521",3,"8",2,"0001500000","0020000000","0001500000","0020000000","0","0","1500000","20000000"
1110040211,"03",1,"9314","4521",3,"8",4,"0002000000","0025000000","0002000000","0025000000","0","0","2000000","25000000"
1110124199,"01",1,"9314","4521",3,"8",5,"0002800000","0021300000","0002800000","0021300000","0","0","2800000","21300000"
1110124202,"01",2,"5220","5232",3,NA,NA,"0","0014800000","0","0014800000","0","0","0","14800000"
1110124202,"02",1,"2331","8012",1,"4",6,"0005800000","0069600000","0005098000","0061176000","0","0002500000","5098000","63676000"
1110124205,"01",1,"1429","8021",1,"4",6,"0074000000","0088800000","0006555000","0078660000","0","0002500000","6555000","81160000"
1110136003,"01",1,"8322","6023",3,"7",3,"0002000000","0024000000","0002000000","0024000000","0","0","2000000","24000000"
1110124211,"01",1,"1429","8012",1,"4",6,"0007200000","0086400000","0006342000","0076104000","0","0002500000","6342000","78604000"
1110136005,"01",1,"6111","0111",3,"5",4,"0","0006200000","0","0006200000","0","0","0","6200000"
1110136011,"01",1,"9314","4521",3,"8",3,"0001200000","0014600000","0001200000","0014600000","0","0","1200000","14600000"
1110136013,"01",1,"8322","6022",3,"6",6,"0001800000","0022000000","0001800000","0022000000","0","0","1800000","22000000"
1110076003,"01",1,"2320","8021",1,"6",6,"0005700000","0076900000","0005270000","0063240000","0","0007900000","5270000","71140000"
1110076003,"02",1,"2331","8012",1,"4",6,"0004800000","0065100000","0004407000","0052884000","0","0007200000","4407000","60084000"
1110076004,"01",1,"4222","7512",1,"8",6,"0006800000","0097100000","0005468000","0065616000","0000934444","0024213328","6402444","89829328"
1110052151,"01",1,"0111","7522",1,"8",6,"0005800000","0079600000","0005425000","0065100000","0","0009500000","5425000","74600000"
1110052155,"01",1,"4190","4100",1,"8",6,"0007200000","0094400000","0005830000","0069960000","0000935000","0020000000","6765000","89960000"
1110052157,"01",1,"4134","7511",1,"8",6,"0007220000","0105140000","0006786000","0081432000","0","0017000000","6786000","98432000"
1110052160,"01",1,"2142","7511",1,"8",6,"0006900000","0092200000","0005135000","0061620000","0001170000","0022800000","6305000","84420000"
1110052149,"01",1,"0111","7522",1,"8",6,"0006100000","0081200000","0005680000","0068160000","0","0008500000","5680000","76660000"
1110100142,"04",1,"0112","7511",1,"7",6,"0000950000","0011400000","0000950000","0011400000","0","0","950000","11400000"
1110068265,"01",1,"9314","4521",3,"8",4,"0002000000","0024000000","0002000000","0024000000","0","0","2000000","24000000"
1110068267,"01",1,"5220","5232",3,"8",6,"0002500000","0030000000","0002500000","0030000000","0","0","2500000","30000000"
1110068272,"01",1,"9314","4521",3,"8",5,"0003100000","0037200000","0003100000","0037200000","0","0","3100000","37200000"
1110068274,"01",1,"9131","9500",3,"10",5,"0003000000","0036000000","0003000000","0036000000","0","0","3000000","36000000"
1110032051,"03",1,"9314","4521",3,"8",3,"0001500000","0020000000","0001500000","0020000000","0","0","1500000","20000000"
1110032053,"01",1,"9314","4521",3,"8",5,"0002500000","0025000000","0002500000","0025000000","0","0","2500000","25000000"
1110032056,"01",2,"9314","4521",3,NA,NA,"0","0013000000","0","0013000000","0","0","0","13000000"
1110032058,"01",1,"8322","6022",3,"8",6,"0003000000","0036000000","0003000000","0036000000","0","0","3000000","36000000"
1110032061,"01",1,"9141","8021",1,"8",7,"0003936000","0057032000","0003780600","0045367200","0","0009570000","3780600","54937200"
1110116051,"01",1,"9131","9500",3,"5",3,"0001500000","0018000000","0001500000","0018000000","0","0","1500000","18000000"
1110116059,"03",1,"5220","5222",3,"10",1,"0001500000","0020000000","0001500000","0020000000","0","0","1500000","20000000"
1110116055,"01",1,"1142","7511",1,"7",6,"0013430000","0087130000","0004790000","0057480000","0008480000","0024980000","13270000","82460000"
1110116061,"01",1,"2331","8012",1,"4",6,"0010030000","0092880000","0006142000","0073704000","0003180000","0010180000","9322000","83884000"
1110116061,"02",1,"2331","8012",1,"4",6,"0009880000","0090080000","0006025000","0072300000","0003180000","0009180000","9205000","81480000"
1110116063,"01",1,"1429","7512",1,"8",6,"0007200000","0089580000","0006580000","0078960000","0","0003180000","6580000","82140000"
1110016006,"01",1,"5220","5234",3,"10",7,"0004200000","0050400000","0004200000","0050400000",NA,NA,"4200000","50400000"
1110016008,"01",1,"8324","6023",3,"8",6,"0006500000","0078000000","0006100000","0073200000",NA,NA,"6100000","73200000"
1110016012,"01",1,"1429","7513",1,"8",6,"0013000000","0160000000","0009765000","0117180000","0002500000","0034000000","12265000","151180000"
1110016013,"01",1,"2411","7414",1,"8",6,"0008500000","0105000000","0006500000","0078000000","0001500000","0021000000","8000000","99000000"
1110140003,"01",1,"8271","1512",3,"8",6,"0003000000","0036000000","0003000000","0036000000",NA,NA,"3000000","36000000"
1110140003,"03",1,"8271","1512",3,"8",6,"0002500000","0030000000","0002500000","0030000000",NA,NA,"2500000","30000000"
1110140003,"04",1,"8271","1512",3,"8",6,"0002500000","0030000000","0002500000","0030000000",NA,NA,"2500000","30000000"
1110140007,"01",1,"9314","4521",3,"8",6,"0002500000","0030000000","0002500000","0030000000",NA,NA,"2500000","30000000"
1110140007,"03",1,"9314","4521",3,"8",6,"0002500000","0030000000","0002500000","0030000000",NA,NA,"2500000","30000000"
1110140007,"04",1,"8271","1512",3,"8",6,"0002500000","0030000000","0002500000","0030000000",NA,NA,"2500000","30000000"
1110140007,"06",1,"8271","1512",3,"8",6,"0002500000","0030000000","0002500000","0030000000",NA,NA,"2500000","30000000"
1110140007,"07",1,"8271","1512",3,"8",6,"0002500000","0030000000","0002500000","0030000000",NA,NA,"2500000","30000000"
1110140012,"01",1,"7124","3512",3,"8",6,"0002500000","0030000000","0002500000","0030000000",NA,NA,"2500000","30000000"
1110140013,"01",1,"9314","4521",3,"8",6,"0002500000","0030000000","0002500000","0030000000",NA,NA,"2500000","30000000"
1110140013,"03",1,"8340","0501",3,"14",7,"0002700000","0032400000","0002500000","0030000000","0000200000","0002400000","2700000","32400000"
1110140013,"04",1,"8340","0501",3,"14",7,"0002700000","0032400000","0002500000","0030000000","0000200000","0002400000","2700000","32400000"
1110140004,"01",1,"8271","1512",3,"8",6,"0003500000","0042000000","0003200000","0038400000",NA,NA,"3200000","38400000"
1110020008,"01",1,"5220","5234",3,"8",6,"0002500000","0030000000","0002500000","0030000000",NA,NA,"2500000","30000000"
1110108170,"01",1,"5220","5129",3,"12",6,"0005000000","0077000000","0004814000","0055368000",NA,"0005000000","4814000","60368000"
1110108173,"01",1,"9314","4521",3,"8",4,"0002400000","0028800000","0002400000","0028800000",NA,NA,"2400000","28800000"
1110108175,"01",1,"9160","7511",1,"8",6,"0005500000","0082500000","0005290000","0063480000",NA,"0015000000","5290000","78480000"
1110108180,"01",1,"8322","6022",3,"10",6,"0003600000","0043200000","0003600000","0043200000",NA,NA,"3600000","43200000"
1110100145,"02",1,"2320","8021",1,"6",4,"0004500000","0022500000","0004185000","0020925000",NA,NA,"4185000","20925000"
1110096208,"01",1,"9152","7492",3,"12",7,"0002700000","0034900000","0002700000","0032400000",NA,"0002500000","2700000","34900000"
1110096210,"01",1,"1427","7513",1,"8",6,"0005850000","0096700000","0005430000","0065160000",NA,"0023500000","5430000","88660000"
1110096210,"02",1,"4190","7530",1,"8",6,"0008450000","0126400000","0007760000","0093120000",NA,"0023200000","7760000","116320000"
1110096214,"01",1,"1428","7422",1,"8",6,"0017000000","0122680000","0005480000","0065760000","0010000000","0043580000","15480000","109340000"
1110072005,"01",1,"9131","9500",3,"5",5,"0001500000","0020000000","0001500000","0020000000",NA,NA,"1500000","20000000"
1110100151,"01",1,"2310","8031",1,"8",4,"0011776000","0141312000","0008944790","0107337480",NA,"0003000000","8944790","110337480"
1110072007,"01",1,"5220","5523",3,"10",7,"0003000000","0036000000","0003000000","0036000000",NA,NA,"3000000","36000000"
1110072012,"01",1,"7417","1545",3,"7",6,"0003400000","0040800000","0003400000","0040800000",NA,NA,"3400000","40800000"
1110084006,"01",1,"5161","2320",1,"8",6,"0003900000","0061800000","0003718000","0044616000",NA,"0013900000","3718000","58516000"
1110084006,"02",1,"2490","7512",3,"8",4,"0000600000","0008700000","0000600000","0007200000",NA,"0001500000","600000","8700000"
1110084001,"03",1,"8322","5129",3,"8",6,"0001500000","0018000000","0001500000","0018000000",NA,NA,"1500000","18000000"
1110084001,"04",1,"5220","5222",3,"8",6,"0001500000","0018000000","0001500000","0018000000",NA,NA,"1500000","18000000"
1110132162,"03",1,"5220","6429",3,"8",6,"0002000000","0024000000","0002000000","0024000000",NA,NA,"2000000","24000000"
1110060005,"01",1,"5122","5521",1,"12",3,"0003000000","0036000000","0003000000","0036000000",NA,NA,"3000000","36000000"
1110060012,"01",1,"9131","7498",3,"8",6,"0004800000","0069000000","0004576000","0054912000",NA,"0011400000","4576000","66312000"
1110144260,"06",1,"8322","6022",3,"8",6,"0003000000","0036000000","0003000000","0036000000",NA,NA,"3000000","36000000"
1110144251,"01",1,"7417","1545",3,"6",7,"0001500000","0018000000","0001500000","0018000000",NA,NA,"1500000","18000000"
1110144251,"03",1,"5220","5232",3,"4",6,"0000500000","0006300000","0000500000","0006000000",NA,"0000300000","500000","6300000"
1110084012,"01",1,"8323","6022",3,"5",6,"0007500000","0105000000","0007500000","0009000000","0","0015000000","7500000","24000000"
1110084012,"03",1,"5111","6022",3,"7",6,"0003500000","0050000000","0003500000","0042000000","0","0008000000","3500000","50000000"
1110144264,"01",1,"5220","5219",1,"8",6,"0008880000","0084280000","0004780867","0057370404","0004080000","0025180000","8860867","82550404"
1110048295,"01",1,"9314","4521",3,"8",2,"0001500000","0020000000","0001500000","0020000000",NA,NA,"1500000","20000000"
1110048299,"01",1,"9131","9500",3,"4",3,"0001500000","0014000000","0001500000","0014000000",NA,NA,"1500000","14000000"
1110048302,"01",1,"8332","4521",3,"9",6,"0006500000","0083000000","0004804000","0057648000","0001500000","0021000000","6304000","78648000"
1110048305,"01",1,"8333","4550",3,"8",6,"0004000000","0042500000","0003500000","0042000000","0000500000","0000500000","4000000","42500000"
1110036059,"01",1,"2320","8021",1,"6",4,"0005440000","0073000000","0005174867","0062098404",NA,"0007500000","5174867","69598404"
1120013348,"01",2,"9314","4521",3,NA,NA,"0","0008000000","0","0008000000","0","0","0","8000000"
1120013350,"02",1,"9211","0124",3,"8",7,"0004000000","0020000000","0004000000","0020000000","0","0","4000000","20000000"
1120013350,"03",1,"3421","5238",3,"5",6,"0001300000","0009100000","0001300000","0009100000","0","0","1300000","9100000"
1120013350,"04",1,"3421","5238",3,"5",6,"0001300000","0009100000","0001300000","0009100000","0","0","1300000","9100000"
1120013355,"01",1,"9314","4521",3,"8",3,"0003000000","0027000000","0003000000","0027000000","0","0","3000000","27000000"
1120013346,"01",1,"9314","4521",3,"8",4,"0001900000","0023000000","0001900000","0023000000","0","0","1900000","23000000"
1120001201,"01",1,"2331","8012",1,"4",6,"0007000000","0081500000","0006170000","0069585000","0","0003000000","6170000","72585000"
1120001204,"01",2,"9333","6023",3,NA,NA,"0","0009000000","0","0009000000","0","0","0","9000000"
1120001204,"01",1,"9314","4521",3,"8",7,"0001800000","0022000000","0001800000","0022000000","0","0","1800000","22000000"
1120025199,"01",1,"8322","6021",3,"9",7,"0003500000","0042000000","0003500000","0042000000","0","0","3500000","42000000"
1120025201,"01",1,"3231","8513",1,"8",6,"0006000000","0070300000","0005360000","0059865000","0","0003800000","5360000","63665000"
1120025207,"01",2,"3112","4522",3,NA,NA,"0","0038500000","0","0038500000","0","0","0","38500000"
1120073209,"01",2,"9314","4522",3,NA,NA,"0","0049000000","0","0049000000","0","0","0","49000000"
1120073209,"01",1,"8322","6023",3,"8",7,"0003000000","0012000000","0003000000","0012000000","0","0","3000000","12000000"
1120073209,"02",2,"7438","1920",3,NA,NA,"0","0002000000","0","0002000000","0","0","0","2000000"
1120073201,"01",1,"9314","4521",3,"8",7,"0003600000","0036000000","0003600000","0036000000","0","0","3600000","36000000"
1120073212,"02",2,"7438","1920",3,NA,NA,"0","0004000000","0","0004000000","0","0","0","4000000"
1120073212,"03",2,"7438","1920",3,NA,NA,"0","0004000000","0","0004000000","0","0","0","4000000"
1120037173,"01",1,"7417","1545",3,"8",6,"0003240000","0038880000","0003088800","0037065600","0","0","3088800","37065600"
1120037175,"01",1,"9314","4521",3,"8",5,"0002700000","0024000000","0002700000","0024000000","0","0","2700000","24000000"
1120037175,"03",1,"9314","4521",3,"8",4,"0002000000","0018000000","0002000000","0018000000","0","0","2000000","18000000"
1120037175,"04",1,"9314","4521",3,"8",4,"0002200000","0018000000","0002200000","0018000000","0","0","2200000","18000000"
1120037178,"01",1,"9314","4521",3,"8",4,"0002600000","0031000000","0002600000","0031000000","0","0","2600000","31000000"
1120085064,"01",1,"2411","6512",1,"8",6,"0007000000","0087000000","0005360000","0064320000","0001000000","0015000000","6360000","79320000"
1120041015,"01",1,"2122","4010",1,"8",6,"0007100000","0092200000","0005876000","0070512000","0000800000","0016600000","6676000","87112000"
1120041015,"02",1,"2320","8022",1,"6",5,"0004200000","0053400000","0003822000","0045864000","0","0003000000","3822000","48864000"
1120041003,"01",1,"7233","7498",3,"8",6,"0003600000","0050400000","0003432000","0041184000","0","0007200000","3432000","48384000"
1120041009,"03",1,"8322","6023",3,"8",6,"0002500000","0030000000","0002500000","0030000000","0","0","2500000","30000000"
1120041009,"04",1,"5220","5050",3,"10",7,"0003000000","0036000000","0003000000","0036000000","0","0","3000000","36000000"
1120049053,"01",1,"9314","4521",3,"8",7,"0003000000","0030000000","0003000000","0030000000","0","0","3000000","30000000"
1120085067,"01",2,"9314","4521",3,NA,NA,"0","0005000000","0","0005000000","0","0","0","5000000"
1120049057,"01",1,"9160","7511",1,"8",7,"0006600000","0082200000","0005620000","0067440000","0000600000","0010200000","6220000","77640000"
1120049057,"04",1,"5141","9302",3,"8",6,"0000300000","0002100000","0000300000","0002100000","0","0","300000","2100000"
1120049057,"05",1,"5141","9302",3,"8",6,"0000200000","0001400000","0000200000","0001400000","0","0","200000","1400000"
1120049061,"01",1,"9333","9305",3,"10",6,"0003600000","0043200000","0003600000","0043200000","0","0","3600000","43200000"
1120061010,"01",2,"7233","4533",3,NA,NA,"0003900000","0031200000","0003900000","0031200000","0","0","3900000","31200000"
1120061004,"01",1,"4190","8532",1,"10",6,"0004100000","0056200000","0003758000","0048096000","0000300000","0006600000","4058000","54696000"
1120061009,"01",1,"4212","6512",1,"8",6,"0007000000","0087000000","0006170000","0074040000","0","0003000000","6170000","77040000"
1120065010,"01",1,"5220","6010",3,"8",7,"0003000000","0036000000","0003000000","0036000000","0","0","3000000","36000000"
1120089055,"01",1,"5220","5050",3,"8",7,"0002500000","0035000000","0002275000","0027300000",NA,"0005000000","2275000","32300000"
1120089061,"01",1,"8322","7511",1,"8",6,"0004700000","0055400000","0003822000","0042224000","0000500000","0009000000","4322000","51224000"
1120089066,"04",1,"9314","4521",3,"8",5,"0002500000","0020000000","0002500000","0020000000","0","0","2500000","20000000"
1120089066,"05",1,"7422","2022",3,"8",6,"0001500000","0018000000","0001500000","0018000000","0","0","1500000","18000000"
1120005199,"01",1,"9314","4521",3,"6",6,"0002900000","0020300000","0002900000","0020300000","0","0","2900000","20300000"
1120005199,"02",2,"9211","0203",3,NA,NA,"0002700000","0013500000","0002700000","0013500000","0","0","2700000","13500000"
1120005199,"03",1,"9314","4521",3,"6",6,"0002900000","0005800000","0002900000","0005800000","0","0","2900000","5800000"
1120005199,"04",2,"9211","0203",3,NA,NA,"0002800000","0016800000","0002800000","0016800000","0","0","2800000","16800000"
1120005202,"01",2,"9112","5131",3,NA,NA,"0","0010000000","0","0010000000","0","0","0","10000000"
1120005202,"01",1,"9333","9305",3,"8",7,"0003000000","0030000000","0003000000","0030000000","0","0","3000000","30000000"
1120005202,"03",1,"7218","5020",3,"8",7,"0001000000","0012000000","0001000000","0012000000","0","0","1000000","12000000"
1120005207,"02",1,"2331","7512",1,"3",6,"0001350000","0017860000","0001287000","0015444000","0","0001660000","1287000","17104000"
1120005207,"03",1,"9314","4521",3,"8",6,"0003000000","0030000000","0003000000","0030000000","0","0","3000000","30000000"
1120005209,"01",1,"9314","4521",3,"6",6,"0003800000","0034200000","0003800000","0034200000","0","0","3800000","34200000"
1120077162,"01",2,"8322","6023",3,NA,NA,"0","0015000000","0","0015000000","0","0","0","15000000"
1120077171,"03",1,"2310","8031",1,"6",6,"0000800000","0009600000","0000800000","0009600000","0","0","800000","9600000"
1120077174,"01",1,"3435","6513",1,"8",6,"0006920000","0086040000","0005978400","0071740800","0000500000","0009000000","6478400","80740800"
1120045158,"01",1,"8332","4522",3,"10",6,"0004500000","0054000000","0004500000","0054000000","0","0","4500000","54000000"
1120045163,"01",1,"9314","4521",3,"8",6,"0003600000","0043200000","0003432000","0041184000","0","0","3432000","41184000"
1120045163,"03",2,"9314","4521",3,NA,NA,"0","0008000000","0","0008000000","0","0","0","8000000"
1120045167,"01",1,"3421","5010",3,"8",6,"0004000000","0048000000","0004000000","0048000000","0","0","4000000","48000000"
1120017264,"01",1,"7433","1810",3,"9",6,"0004100000","0049200000","0003432000","0041184000","0000500000","0006000000","3932000","47184000"
1120009065,"01",2,"9314","4521",3,NA,NA,"0","0022500000","0","0022500000","0","0","0","22500000"
1120009061,"01",1,"7417","1545",3,"8",6,"0003000000","0040000000","0003000000","0040000000","0","0","3000000","40000000"
1120009062,"01",1,"7122","4540",3,"10",4,"0006000000","0040000000","0006000000","0040000000","0","0","6000000","40000000"
1120053005,"01",1,"7123","4521",3,"9",6,"0005500000","0077000000","0005243333","0062920000","0","0011000000","5243333","73920000"
1120053014,"04",2,"2411","5129",2,NA,NA,"0000900000","0001800000","0000900000","0001800000","0","0","900000","1800000"
1120053011,"01",1,"9141","8012",1,"10",6,"0005210000","0073620000","0004655000","0056688000",NA,"0011500000","4655000","68188000"
1120081002,"01",1,"9211","0203",3,"8",7,"0005100000","0051300000","0004825750","0048797250","0","0","4825750","48797250"
1120081014,"01",1,"3227","8520",3,"8",6,"0003600000","0047200000","0003432000","0041184000","0","0004000000","3432000","45184000"
1120081014,"02",1,"2331","7512",1,"4",6,"0001350000","0018950000","0001287000","0015444000","0","0002750000","1287000","18194000"
1120057106,"01",1,"3416","4522",3,"8",6,"0004800000","0066400000","0004576000","0052338000","0","0011500000","4576000","63838000"
1120057106,"02",1,"4141","4100",1,"8",6,"0005000000","0061500000","0003913000","0044499000","0000700000","0012600000","4613000","57099000"
1120057111,"01",1,"8224","7523",1,"12",6,"0006500000","0078900000","0004957333","0056056000","0001300000","0020100000","6257333","76156000"
1120069049,"01",2,"8322","6023",3,NA,NA,"0","0019000000","0","0019000000","0","0","0","19000000"
1120009056,"01",1,"7111","1410",1,"7",6,"0003300000","0043600000","0003146000","0037752000","0","0005200000","3146000","42952000"
1120069049,"05",2,"9314","4521",3,NA,NA,"0","0013500000","0","0013500000","0","0","0","13500000"
1120069054,"01",1,"6113","0112",3,"8",7,"0002500000","0020000000","0002500000","0020000000","0","0","2500000","20000000"
1120069050,"01",1,"5220","5128",3,"8",7,"0003000000","0036000000","0003000000","0036000000","0","0","3000000","36000000"
1120029104,"01",1,"1429","8021",1,"6",6,"0007500000","0089000000","0006510000","0073100000","0","0006000000","6510000","79100000"
1120029114,"01",1,"2331","8012",1,"6",6,"0006000000","0079500000","0005385000","0064620000","0","0007500000","5385000","72120000"
1120021009,"01",2,"7141","4540",3,NA,NA,"0","0011000000","0","0011000000","0","0","0","11000000"
1120033004,"01",1,"9314","4521",3,"6",6,"0005100000","0030600000","0005100000","0030600000","0","0","5100000","30600000"
1120033013,"01",1,"9141","8021",1,"6",6,"0004650000","0057384000","0003927000","0046800000","0000450000","0008400000","4377000","55200000"
1120033010,"01",1,"9141","7513",1,"6",6,"0004935000","0063020000","0004310550","0050588280","0000300000","0007400000","4610550","57988280"
1120021001,"01",1,"3113","4522",3,"12",4,"0008000000","0099000000","0005501250","0066015000","0002000000","0027000000","7501250","93015000"
1120070004,"02",1,"9333","9305",3,"8",6,"0004000000","0035000000","0004000000","0035000000","0","0","4000000","35000000"
1120070003,"01",1,"9333","9305",3,"8",6,"0004000000","0038000000","0004000000","0038000000","0","0","4000000","38000000"
1120070015,"01",2,"9211","0126",3,NA,NA,"0","0018000000","0","0018000000","0","0","0","18000000"
1120070015,"03",1,"9333","9305",3,"8",6,"0002500000","0020000000","0002500000","0020000000","0","0","2500000","20000000"
1120002216,"01",1,"9314","4521",3,"8",7,"0002800000","0029400000","0002800000","0029400000","0","0","2800000","29400000"
1120002211,"01",1,"4133","8513",1,"8",6,"0005900000","0065800000","0004550000","0046080000","0000900000","0013800000","5450000","59880000"
1120014203,"01",1,"1410","8513",1,"8",6,"0004850000","0059600000","0004231500","0047722000","0000200000","0005400000","4431500","53122000"
1120014200,"01",2,"9314","4521",3,NA,NA,"0","0013500000","0","0013500000","0","0","0","13500000"
1120086116,"01",1,"9314","4521",3,"8",4,"0001600000","0017000000","0001600000","0017000000","0","0","1600000","17000000"
1120086114,"01",1,"7417","1545",3,"10",6,"0005200000","0062400000","0004957333","0059488000","0","0","4957333","59488000"
1120086110,"05",1,"7231","5020",3,"8",6,"0001000000","0012000000","0001000000","0012000000","0","0","1000000","12000000"
1120086109,"01",1,"3231","8517",1,"8",6,"0006650000","0079100000","0005856500","0063066000","0","0008500000","5856500","71566000"
1120050155,"02",2,"7414","1519",3,NA,NA,"0","0003150000","0","0003150000","0","0","0","3150000"
1120014199,"01",1,"9152","0123",3,"12",7,"0002500000","0040000000","0002383000","0028600000","0","0010000000","2383000","38600000"
1120050155,"03",2,"7218","5020",3,NA,NA,"0","0007000000","0","0007000000","0","0","0","7000000"
1120050148,"01",1,"9160","7498",3,"8",7,"0004700000","0060800000","0004004000","0044616000","0000500000","0014000000","4504000","58616000"
1120050153,"01",1,"9314","4521",3,"8",7,"0003600000","0043000000","0003600000","0043000000","0","0","3600000","43000000"
1120074101,"01",1,"2351","7512",1,"8",6,"0005500000","0066900000","0003986750","0046152000","0001200000","0017700000","5186750","63852000"
1120074097,"01",1,"2131","7511",1,"7",6,"0005000000","0061800000","0003044500","0035494000","0001800000","0024600000","4844500","60094000"
1120062108,"01",1,"9160","7511",3,"8",7,"0003800000","0047000000","0003289000","0037943000","0000350000","0007200000","3639000","45143000"
1120054145,"01",1,"3429","6720",3,"9",6,"0002000000","0025000000","0002000000","0025000000","0","0","2000000","25000000"
1120038064,"03",1,"4190","7411",1,"6",6,"0003500000","0045000000","0003255000","0039060000","0","0003000000","3255000","42060000"
1120038057,"04",1,"4223","7498",3,"8",6,"0000800000","0011100000","0000781340","0009600000","0","0","781340","9600000"
1120066009,"01",1,"7418","1546",3,"8",6,"0003600000","0030000000","0003600000","0030000000","0","0","3600000","30000000"
1120066013,"01",1,"7126","4521",3,"8",4,"0006000000","0030000000","0006000000","0030000000","0","0","6000000","30000000"
1120066004,"01",1,"0111","7522",1,"8",6,"0005800000","0078900000","0004973500","0066027500","0000200000","0005400000","5173500","71427500"
1120066004,"04",1,"0111","7522",2,"8",6,"0004700000","0044700000","0004186000","0036855000","0000100000","0004200000","4286000","41055000"
1120066013,"03",1,"9314","4521",3,"8",6,"0003600000","0028800000","0003600000","0028800000","0","0","3600000","28800000"
1120066013,"05",1,"9314","4521",3,"8",6,"0003600000","0028800000","0003600000","0028800000","0","0","3600000","28800000"
1120058117,"02",1,"7433","1810",3,"9",7,"0001400000","0019800000","0001400000","0019800000","0","0","1400000","19800000"
1120006055,"01",1,"8323","6021",3,"8",7,"0003500000","0042000000","0003500000","0042000000","0","0","3500000","42000000"
1120026015,"02",1,"7123","4540",3,"9",6,"0001500000","0007500000","0001500000","0007500000","0","0","1500000","7500000"
1120090215,"01",1,"9314","4521",3,"8",6,"0003750000","0030000000","0003750000","0030000000","0","0","3750000","30000000"
1120090215,"03",1,"7437","1721",3,"8",6,"0001000000","0012000000","0001000000","0012000000","0","0","1000000","12000000"
1120090210,"03",1,"9314","4521",3,"8",7,"0004500000","0013500000","0004500000","0013500000","0","0","4500000","13500000"
1120042107,"03",1,"9314","4521",3,"8",5,"0003000000","0027000000","0003000000","0027000000","0","0","3000000","27000000"
1120042107,"04",1,"3429","5145",3,"7",6,"0003400000","0042000000","0003400000","0042000000","0","0","3400000","42000000"
1120030252,"01",1,"3439","4020",1,"6",6,"0005000000","0063000000","0004770000","0058000000","0","0003000000","4770000","61000000"
1120030260,"01",1,"5220","5223",3,"6",6,"0003500000","0042000000","0003500000","0042000000","0","0","3500000","42000000"
1120030255,"02",1,"9314","4521",3,"6",6,"0002880000","0017280000","0002880000","0017280000","0","0","2880000","17280000"
1120006065,"03",1,"5220","5232",3,"9",7,"0003000000","0036000000","0003000000","0036000000","0","0","3000000","36000000"
1120006065,"05",1,"5220","5233",3,"8",7,"0002500000","0030000000","0002500000","0030000000","0","0","2500000","30000000"
1120026004,"01",1,"9211","0124",3,"10",7,"0001500000","0028000000","0001500000","0028000000","0","0","1500000","28000000"
1120010011,"01",1,"7126","4521",3,"8",6,"0007500000","0060000000","0007500000","0060000000","0","0","7500000","60000000"
1120078015,"01",2,"7133","4540",3,NA,NA,"0","0040000000",NA,"0040000000",NA,NA,"0","40000000"
1120078015,"01",1,"9314","4521",3,"9",6,"0002500000","0020000000","0002500000","0020000000",NA,NA,"2500000","20000000"
1120078012,"01",1,"9314","4521",3,"8",6,"0003200000","0030000000","0003200000","0030000000",NA,NA,"3200000","30000000"
1120078012,"03",1,"9314","4521",3,"8",6,"0003640000","0025850000","0003640000","0025850000",NA,NA,"3640000","25850000"
1120078012,"04",1,"9314","4521",3,"8",6,"0003510000","0024180000","0003510000","0024180000",NA,NA,"3510000","24180000"
1120078005,"01",1,"9333","6023",3,"9",6,"0004500000","0035000000","0004500000","0035000000","0","0","4500000","35000000"
1120078001,"01",1,"7133","4540",3,"9",6,"0006000000","0050000000","0006000000","0050000000","0","0","6000000","50000000"
1120078008,"03",1,"4113","6512",3,"7",6,"0001000000","0005000000","0001000000","0005000000","0","0","1000000","5000000"
1120078008,"04",1,"9333","6023",3,"8",5,"0001000000","0016000000","0001000000","0016000000","0","0","1000000","16000000"
1120022064,"01",1,"9314","4521",3,"8",7,"0003080000","0033600000","0003080000","0033600000","0","0","3080000","33600000"
1120090201,"01",2,"9314","4521",3,NA,NA,"0","0014400000","0","0014400000","0","0","0","14400000"
1120090201,"03",2,"9314","4521",3,NA,NA,"0","0009000000","0","0009000000","0","0","0","9000000"
1120090201,"03",1,"7418","1546",3,"8",6,"0001400000","0004200000","0001400000","0004200000","0","0","1400000","4200000"
1120026007,"01",1,"8322","6022",3,"10",7,"0003700000","0040790000","0003700000","0040790000","0","0","3700000","40790000"
1120022062,"02",1,"5220","5234",3,"8",6,"0002500000","0030000000","0002500000","0030000000","0","0","2500000","30000000"
1120022052,"01",1,"5220","5233",3,"9",7,"0003000000","0036000000","0003000000","0036000000","0","0","3000000","36000000"
1120058111,"02",1,"2331","8012",1,"4",6,"0005200000","0064600000","0004734000","0054066000","0","0005200000","4734000","59266000"
1120034101,"01",1,"9314","4521",3,"8",7,"0003400000","0027200000","0003400000","0027200000","0","0","3400000","27200000"
1120034101,"03",2,"7501","1724",3,NA,NA,"0","0001500000","0","0001500000","0","0","0","1500000"
1120034101,"04",1,"2351","7511",1,"8",6,"0006280000","0074880000","0004943100","0055145400","0001000000","0015000000","5943100","70145400"
1120034109,"01",1,"9314","4521",3,"8",7,"0003000000","0030000000","0003000000","0030000000","0","0","3000000","30000000"
1120034109,"04",1,"9314","4521",3,"8",7,"0003000000","0030000000","0003000000","0030000000","0","0","3000000","30000000"
1120082015,"03",1,"2320","8022",1,"6",4,"0003450000","0031050000","0003450000","0031050000","0","0","3450000","31050000"
1120066012,"03",1,"0111","7522",1,"8",6,"0003000000","0036000000","0003000000","0036000000","0","0","3000000","36000000"
1120082007,"03",1,"2310","8031",1,"2",2,"0001548000","0013932000","0001548000","0013932000","0","0","1548000","13932000"
1120082004,"01",1,"9314","4521",3,"8",3,"0001500000","0017200000","0001500000","0017200000","0","0","1500000","17200000"
1120030259,"01",1,"8324","6023",3,"7",6,"0004500000","0048000000","0004500000","0004800000","0","0006000000","4500000","10800000"
1120030264,"01",1,"4190","7514",1,"6",6,"0006800000","0084600000","0004576000","0054828000","0002000000","0027000000","6576000","81828000"
1120082004,"03",1,"5141","9302",3,"6",6,"0000550000","0007000000","0000550000","0007000000","0","0","550000","7000000"
1120046065,"03",1,"8322","6021",3,"6",6,"0002900000","0026100000","0002900000","0026100000","0","0","2900000","26100000"
1120046060,"01",1,"9314","4521",3,"6",6,"0003000000","0034000000","0003000000","0034000000","0","0","3000000","34000000"
1120046055,"01",1,"9314","4521",3,"6",6,"0003000000","0041000000","0003000000","0041000000","0","0","3000000","41000000"
1120018309,"01",1,"0111","7522",1,"8",6,"0004600000","0058200000","0004558334","0053232000","0","0003000000","4558334","56232000"
1120018312,"01",1,"0111","7522",1,"8",6,"0005800000","0072700000","0005189200","0065771200","0","0003000000","5189200","68771200"
1120018314,"01",1,"0111","7522",1,"8",6,"0006200000","0077500000","0005189200","0065771200","0000400000","0007800000","5589200","73571200"
1120018306,"01",1,"0111","7522",1,"8",6,"0005800000","0072700000","0005189200","0065771200","0","0003000000","5189200","68771200"
1120018301,"01",1,"0111","7522",1,"8",6,"0006000000","0074400000","0005189200","0001771200","0000200000","0007400000","5389200","9171200"
1120035166,"01",1,"0111","7522",1,"8",6,"0003650000","0054670000","0003479667","0041155400","0","0011500000","3479667","52655400"
1120035171,"01",1,"0111","7522",1,"8",6,"0005690000","0073710000","0005038900","0057944100","0","0008100000","5038900","66044100"
1120087001,"01",1,"9314","4521",3,"9",4,"0001500000","0024000000","0001500000","0024000000","0","0","1500000","24000000"
1120087007,"02",1,"9314","4521",3,"9",6,"0003000000","0035000000","0003000000","0035000000","0","0","3000000","35000000"
1120035161,"01",1,"0111","7522",1,"8",6,"0005900000","0074000000","0005209000","0059712000","0","0006800000","5209000","66512000"
1120047005,"01",1,"5220","5523",3,"8",6,"0003000000","0036000000","0003000000","0036000000","0","0","3000000","36000000"
1120071102,"01",1,"5220","5222",3,"10",7,"0001800000","0015000000","0001800000","0015000000","0","0","1800000","15000000"
1120071102,"02",1,"2331","8012",1,"4",6,"0006600000","0079200000","0005846000","0066957000","0","0003000000","5846000","69957000"
1120071107,"02",1,"2331","8012",1,"4",5,"0007059355","0085134195","0006218077","0071763693","0","0003000000","6218077","74763693"
1120071099,"03",1,"5122","7020",3,"10",6,"0002500000","0030000000","0002500000","0030000000","0","0","2500000","30000000"
1120083060,"01",1,"9211","2424",3,"12",3,"0005400000","0073450000","0004290000","0050765000",NA,"0020200000","4290000","70965000"
1120035158,"01",1,"0111","7522",1,"8",6,"0005730000","0073470000","0005071300","0058745700","0","0007500000","5071300","66245700"
1120035165,"01",1,"0111","7522",1,"8",6,"0006000000","0074400000","0005290000","0060987000","0","0005700000","5290000","66687000"
1120007014,"01",1,"2320","8021",1,"6",6,"0006500000","0079000000","0005765000","0067560000","0","0003000000","5765000","70560000"
1120007014,"02",1,"2320","8021",1,"6",6,"0006000000","0073000000","0005360000","0062700000","0","0003000000","5360000","65700000"
1120055001,"03",1,"2331","8012",1,"4",6,"0004200000","0053600000","0003822000","0043680000","0","0005600000","3822000","49280000"
1120055014,"01",1,"6113","7498",3,"6",5,"0001700000","0022000000","0001700000","0022000000","0","0","1700000","22000000"
1120007005,"01",1,"5162","7523",1,"8",6,"0005600000","0068600000","0005036000","0059136000","0","0003000000","5036000","62136000"
1120059115,"01",1,"5162","7523",1,"8",6,"0005500000","0067500000","0004487500","0052672500","0000500000","0009000000","4987500","61672500"
1120059111,"01",1,"0111","7522",1,"8",6,"0006400000","0078300000","0005054500","0059626500","0000700000","0011400000","5754500","71026500"
1120059113,"01",1,"0111","7522",1,"8",6,"0006100000","0074700000","0004892500","0057682500","0000600000","0010200000","5492500","67882500"
1120019163,"01",1,"5162","7523",1,"8",6,"0006500000","0079000000","0005765000","0067560000","0","0003000000","5765000","70560000"
1120019163,"02",1,"2320","8021",1,"6",6,"0003260000","0027580000","0003107870","0002486293","0","0001500000","3107870","3986293"
1120019157,"01",1,"3480","9193",3,"4",7,"0000700000","0008400000","0000700000","0008400000","0","0","700000","8400000"
1120047007,"03",1,"7233","4531",3,"6",6,"0002200000","0038400000","0002145000","0034552000","0","0002000000","2145000","36552000"
1120059103,"01",1,"5141","9302",3,"8",6,"0001500000","0019000000","0001500000","0018500000","0","0000500000","1500000","19000000"
1120079002,"01",1,"5169","7512",1,"8",6,"0008700000","0105000000","0005864500","0068680000","0002000000","0027000000","7864500","95680000"
1120015113,"02",2,"9160","7511",3,NA,NA,"0","0027000000","0","0027000000","0","0","0","27000000"
1120007009,"01",1,"8163","7498",3,"8",6,"0004300000","0054600000","0004099330","0047286000","0","0005000000","4099330","52286000"
1120007002,"01",1,"8324","6023",3,"8",7,"0006000000","0064000000","0006000000","0064000000","0","0","6000000","64000000"
1120007011,"02",1,"4113","7522",1,"8",6,"0001000000","0012000000","0001000000","0012000000","0","0","1000000","12000000"
1120027174,"01",1,"4223","4010",1,"8",6,"0006000000","0080600000","0005360000","0061020000","0","0011100000","5360000","72120000"
1120027160,"01",1,"9314","4521",3,"8",7,"0003200000","0048000000","0003200000","0048000000","0","0","3200000","48000000"
1120027164,"01",1,"1429","8021",1,"6",6,"0007600000","0091200000","0006656000","0076167000","0","0003000000","6656000","79167000"
1120003109,"01",1,"5220","5232",3,"9",7,"0003500000","0042000000","0003500000","0042000000","0","0","3500000","42000000"
1120015118,"01",1,"9314","4521",3,"8",7,"0002520000","0036000000","0002520000","0036000000","0","0","2520000","36000000"
1120079010,"01",1,"1410","7512",1,"8",6,"0011100000","0133800000","0006998500","0082288000","0003000000","0039000000","9998500","121288000"
1120079010,"02",1,"2320","8021",1,"6",4,"0006100000","0073800000","0005378500","0062848000","0","0003000000","5378500","65848000"
1120027166,"01",1,"5220","7513",1,"8",6,"0004200000","0054600000","0004004000","0045466000","0","0006200000","4004000","51666000"
1120027166,"03",1,"8324","6023",3,"10",4,"0002000000","0024000000","0002000000","0024000000","0","0","2000000","24000000"
1120039056,"01",1,"7423","2029",3,"10",7,"0003600000","0040200000","0003432000","0038324000","0","0","3432000","38324000"
1120039067,"01",1,"9314","4521",3,"8",7,"0004500000","0049500000","0004500000","0049500000","0","0","4500000","49500000"
1120063206,"01",1,"0111","7522",1,"8",6,"0004500000","0049000000","0004082500","0044502500","0","0003000000","4082500","47502500"
1120043012,"02",1,"3413","7020",3,"8",7,"0004500000","0054000000","0004500000","0054000000","0","0","4500000","54000000"
1120031191,"01",1,"2351","7512",1,"6",6,"0007000000","0087000000","0005170833","0062300000","0000900000","0013800000","6070833","76100000"
1120031191,"02",1,"2230","8511",1,"6",6,"0004500000","0057000000","0003210000","0038520000","0000850000","0013200000","4060000","51720000"
1120031194,"01",1,"2429","7512",1,"6",6,"0004300000","0063400000","0002999000","0034872000","0","0015000000","2999000","49872000"
1120051159,"01",1,"9152","1726",3,"7",6,"0003500000","0045000000","0002860000","0034320000","0000500000","0009000000","3360000","43320000"
1120031198,"01",1,"2411","7512",1,"6",6,"0003800000","0047800000","0003188250","0037464000","0000350000","0007200000","3538250","44664000"
1120043014,"01",1,"5220","1546",3,"10",6,"0004500000","0054600000","0004290000","0049192000","0","0003000000","4290000","52192000"
1120031197,"01",1,"2121","7512",1,"6",6,"0006300000","0078600000","0004185500","0050476000","0001300000","0018600000","5485500","69076000"
1120031197,"02",1,"2320","8021",1,"6",6,"0005700000","0071400000","0003936167","0047484000","0001100000","0016200000","5036167","63684000"
1120063203,"01",1,"4212","6512",1,"8",6,"0007450000","0087400000","0006034500","0071934000","0","0006000000","6034500","77934000"
1120015125,"01",1,"8322","6021",3,"9",7,"0003500000","0042000000","0003500000","0042000000","0","0","3500000","42000000"
1120003108,"03",1,"2320","8022",1,"6",4,"0005230000","0063610000","0003750600","0043219200","0001000000","0014000000","4750600","57219200"
1120003102,"01",1,"9211","0113",3,"12",7,"0001500000","0004500000","0001500000","0004500000","0","0","1500000","4500000"
1120003102,"03",1,"9314","4521",3,"8",7,"0003000000","0018000000","0003000000","0018000000","0","0","3000000","18000000"
1120067054,"03",1,"3134","7494",3,"8",6,"0000400000","0004800000","0000400000","0004800000","0","0","400000","4800000"
1120067064,"01",1,"9141","8021",1,"8",6,"0005000000","0065000000","0004487500","0055720000","0","0003000000","4487500","58720000"
1120067064,"03",1,"0111","7522",1,"8",6,"0003800000","0046200000","0003458000","0039312000","0","0003000000","3458000","42312000"
1120075006,"01",2,"9314","4521",3,NA,NA,"0","0003550000","0","0003550000","0","0","0","3550000"
1120079005,"01",1,"2351","7512",1,"8",6,"0008000000","0096600000","0005640500","0064792000","0001700000","0023400000","7340500","88192000"
1120083053,"03",1,"9314","4521",3,"9",4,"0003000000","0031000000","0003000000","0031000000","0","0","3000000","31000000"
1120083061,"01",1,"2411","6512",1,"10",6,"0010250000","0157700000","0006991000","0082401000","0002150000","0062600000","9141000","145001000"
1120015120,"03",1,"7133","4540",3,"8",7,"0004500000","0063000000","0004500000","0063000000","0","0","4500000","63000000"
1120067058,"01",1,"4215","6512",1,"8",6,"0004500000","0052200000","0004082500","0044672000","0","0003000000","4082500","47672000"
1120023104,"05",2,"9314","4521",3,NA,NA,"0","0013500000","0","0013500000","0","0","0","13500000"
1120023093,"01",2,"9314","4521",3,NA,NA,"0","0006750000",NA,"0006750000","0","0","0","6750000"
1120023102,"01",1,"9132","8511",1,"8",6,"0003800000","0047700000","0003458000","0040047000","0","0003000000","3458000","43047000"
1120023099,"04",1,"4222","8514",3,"5",6,"0000700000","0008400000","0000700000","0008400000","0","0","700000","8400000"
1120023099,"05",1,"3231","8511",1,"8",6,"0003500000","0048100000","0003337000","0039182000","0","0007000000","3337000","46182000"
1120023094,"01",1,"2331","8012",1,"4",6,"0007500000","0091500000","0006575000","0077685000","0","0003000000","6575000","80685000"
1120075002,"01",1,"0111","7522",1,"8",6,"0005000000","0059730000","0004550000","0049356300","0","0004000000","4550000","53356300"
1120079008,"01",1,"2351","7512",1,"8",6,"0007600000","0091800000","0005378500","0062848000","0001500000","0021000000","6878500","83848000"
1120064121,"01",2,"9314","4521",3,NA,NA,"0","0031000000",NA,"0031000000","0","0","0","31000000"
1120064115,"03",2,"9314","4521",3,NA,NA,"0","0009000000","0","0009000000","0","0","0","9000000"
1120052013,"01",1,"2121","6603",3,"6",6,"0004800000","0071600000","0004461125","0060533500","0","0007000000","4461125","67533500"
1120052002,"01",1,"2490","6512",3,"6",6,"0010500000","0129000000","0005500000","0066000000","0004000000","0051000000","9500000","117000000"
1120088013,"01",1,"9314","4521",3,"8",7,"0002800000","0030000000","0002800000","0030000000","0","0","2800000","30000000"
1120088002,"03",2,"5141","9302",3,NA,NA,"0","0003000000",NA,"0003000000",NA,NA,"0","3000000"
1120088004,"01",1,"7123","4540",3,"4",6,"0003000000","0050000000","0003000000","0050000000","0","0","3000000","50000000"
1120088009,"01",1,"2320","8021",1,"8",6,"0011000000","0133300000","0008388750","0096432200","0001500000","0021180000","9888750","117612200"
1120032064,"01",1,"3449","1600",1,"8",6,"0008300000","0102180000","0005813500","0069312500","0002000000","0027180000","7813500","96492500"
1120032054,"01",1,"2412","7511",1,"8",6,"0008000000","0098880000","0005301500","0063424500","0002300000","0030780000","7601500","94204500"
1120032060,"03",1,"2142","4522",3,"8",6,"0006000000","0076400000","0004789500","0056974500","0000900000","0015800000","5689500","72774500"
1120040068,"01",1,"2320","8090",1,"6",6,"0004700000","0058800000","0003589500","0042123000","0000600000","0010200000","4189500","52323000"
1120040057,"01",1,"9132","7498",3,"8",6,"0005200000","0065400000","0003836000","0046032000","0001000000","0015000000","4836000","61032000"
1120040066,"01",1,"3435","8532",1,"7",6,"0005400000","0066800000","0004645500","0054997668","0000400000","0007800000","5045500","62797668"
1120040061,"01",1,"3115","4533",3,"6",6,"0003180000","0041600000","0002957400","0035928800","0","0003000000","2957400","38928800"
1120040061,"02",1,"4223","7498",3,"6",6,"0003800000","0048600000","0003534000","0042408000","0","0003000000","3534000","45408000"
1120040063,"03",1,"8252","5260",3,"6",6,"0001700000","0022100000","0001581000","0018972000","0","0001700000","1581000","20672000"
1120032068,"01",1,"9211","7498",3,"12",4,"0004100000","0055600000","0003432000","0040612000","0000500000","0013000000","3932000","53612000"
1120040063,"05",1,"3429","5129",3,"7",6,"0001700000","0023800000","0001700000","0022100000","0","0001700000","1700000","23800000"
1120028117,"03",2,"2142","7421",3,NA,NA,"0","0010000000","0","0010000000","0","0","0","10000000"
1120068175,"01",1,"9314","4521",3,"5",4,"0001000000","0028000000","0001000000","0028000000","0","0","1000000","28000000"
1120016051,"04",1,"7221","2811",3,"8",6,"0003000000","0036000000","0003000000","0036000000","0","0","3000000","36000000"
1120016061,"01",2,"9314","4521",3,NA,NA,"0","0007500000","0","0007500000","0","0","0","7500000"
1120016057,"03",2,"9314","4521",3,NA,NA,"0","0022500000",NA,"0022500000","0","0","0","22500000"
1120008162,"01",1,"8324","6023",3,"10",6,"0005000000","0060000000","0005000000","0060000000","0","0","5000000","60000000"
1120008166,"01",1,"4212","6512",1,"8",6,"0006500000","0079500000","0006287500","0074162500","0","0003000000","6287500","77162500"
1120076191,"02",2,"3112","4522",3,NA,NA,"0","0040000000","0","0040000000","0","0","0","40000000"
1120076198,"01",1,"1429","8012",1,"5",6,"0007812234","0092587981","0006678000","0078056269","0000150000","0003000000","6828000","81056269"
1120076202,"01",2,"9314","4521",3,NA,NA,"0","0042000000","0","0042000000",NA,NA,"0","42000000"
1120084154,"01",2,"9314","4521",3,NA,NA,"0","0030280000","0","0030280000","0","0","0","30280000"
1120084159,"01",2,"9314","4521",3,NA,NA,"0","0023400000","0","0023400000","0","0","0","23400000"
1120084159,"04",1,"7418","1546",3,"6",6,"0001200000","0004800000","0001200000","0004800000","0","0","1200000","4800000"
1120056198,"01",1,"2331","8012",1,"4",6,"0005300000","0071000000","0004723000","0056412000","0","0007800000","4723000","64212000"
1120056208,"01",1,"2331","8012",1,"4",6,"0005350000","0068650000","0004763500","0056493500","0","0005300000","4763500","61793500"
1120056208,"01",1,"2142","4521",3,"10",6,"0006000000","0086700000","0003813333","0045474000","0002000000","0039000000","5813333","84474000"
1120044365,"01",1,"9333","5126",3,"6",6,"0003500000","0042000000","0003500000","0042000000","0","0","3500000","42000000"
1120044373,"01",1,"7417","1545",3,"7",6,"0004160000","0049920000","0004160000","0049920000","0","0","4160000","49920000"
1120044369,"01",1,"9333","5126",3,"8",6,"0003500000","0038000000","0003287900","0032879000","0","0003000000","3287900","35879000"
1120080059,"01",1,"9211","0126",3,"8",7,"0005100000","0060600000","0004789500","0056974500","0","0","4789500","56974500"
1120080063,"01",1,"5162","7523",1,"8",6,"0005500000","0068680000","0004487500","0053457500","0000500000","0009180000","4987500","62637500"
1120060224,"03",1,"8322","6021",3,"8",5,"0004500000","0054000000","0004500000","0054000000","0","0","4500000","54000000"
1120060219,"01",1,"4190","7512",1,"6",6,"0011680000","0105180000","0007322500","0087870000","0003180000","0003180000","10502500","91050000"
1120012005,"03",1,"7433","2699",3,"8",6,"0003500000","0042000000","0003500000","0042000000","0","0","3500000","42000000"
1120020115,"03",1,"2331","8012",1,"4",6,"0006200000","0076900000","0005522000","0065739000","0","0003000000","5522000","68739000"
1120024013,"01",1,"5220","5233",3,"8",7,"0003000000","0036000000","0003000000","0036000000","0","0","3000000","36000000"
1120024009,"02",1,"9332","1545",3,"8",6,"0002550000","0035700000","0002431000","0029172000","0","0005100000","2431000","34272000"
1120072354,"04",1,"2320","8021",1,"6",3,"0004700000","0059400000","0004277000","0051324000","0","0003000000","4277000","54324000"
1120036108,"01",1,"5112","6021",1,"8",6,"0011000000","0088780000","0005123333","0061480000","0005500000","0022780000","10623333","84260000"
1120036107,"01",1,"2320","8022",1,"6",4,"0009080000","0076680000","0005464667","0065576000","0003180000","0005880000","8644667","71456000"
1120036111,"01",1,"9314","4521",3,"8",5,"0003000000","0038500000","0003000000","0038500000","0","0","3000000","38500000"
1120036118,"01",1,"7137","4532",3,"8",5,"0004000000","0036000000","0004000000","0036000000","0","0","4000000","36000000"
1120036118,"05",1,"2230","8511",1,"8",6,"0009180000","0080700000","0005290000","0063480000","0003180000","0008700000","8470000","72180000"
1120048151,"01",1,"0111","7522",1,"8",5,"0011000000","0097100000","0006343000","0076116000","0004000000","0013100000","10343000","89216000"
1120048151,"02",1,"2320","8021",1,"6",4,"0009200000","0077400000","0005047000","0060564000","0003500000","0009000000","8547000","69564000"
1120048146,"03",1,"5123","7498",3,"9",5,"0005500000","0053600000","0003336667","0040040000","0002000000","0011600000","5336667","51640000"
1120060225,"05",1,"9314","4521",3,"8",6,"0002500000","0030000000","0002500000","0030000000",NA,NA,"2500000","30000000"
1130109263,"03",1,"7433","1810",1,"2",3,"0000200000","0000600000","0000200000","0000600000","0","0","200000","600000"
1130109265,"04",1,"7433","1810",3,"8",6,"0002340000","0028080000","0002340000","0028080000","0","0","2340000","28080000"
1130109270,"03",2,"7141","4521",3,NA,NA,"0","0022000000","0","0022000000","0","0","0","22000000"
1130109270,"04",1,"5220","5233",3,"6",6,"0000300000","0000900000","0000300000","0000900000","0","0","300000","900000"
1130109274,"03",1,"7231","5020",3,"9",6,"0002830150","0034561800","0002706717","0032480604","0","0000600000","2706717","33080604"
1130109274,"04",1,"9314","4521",3,"8",6,"0002250000","0024000000","0002250000","0024000000","0","0","2250000","24000000"
1130133208,"01",1,"2320","8021",1,"6",6,"0007950000","0103350000","0006825000","0081900000","0000450000","0013350000","7275000","95250000"
1130133208,"02",1,"2320","8021",1,"4",6,"0004500000","0057000000","0004095000","0049140000","0","0003000000","4095000","52140000"
1130001009,"01",1,"3416","8090",1,"7",6,"0005230000","0067410000","0004076800","0048921600","0000750000","0010650000","4826800","59571600"
1130001009,"02",1,"2320","8021",1,"4",6,"0004700000","0059400000","0004277000","0051324000","0","0003000000","4277000","54324000"
1130001006,"02",1,"1429","8012",1,"5",6,"0005700000","0071400000","0005187000","0062244000","0","0003000000","5187000","65244000"
1130001013,"01",1,"4121","6023",3,"9",4,"0002000000","0026000000","0002000000","0024000000","0","0002000000","2000000","26000000"
1130121053,"01",1,"8324","6023",3,"12",7,"0005000000","0060000000","0005000000","0060000000","0","0","5000000","60000000"
1130121059,"01",1,"0111","7522",1,"7",6,"0005200000","0065400000","0004732000","0056784000","0","0003000000","4732000","59784000"
1130121062,"01",1,"8324","6023",3,"12",7,"0006000000","0074000000","0006000000","0072000000","0","0002000000","6000000","74000000"
1130121063,"01",1,"2331","8012",1,"6",6,"0006150000","0076800000","0005221500","0062658000","0","0003000000","5221500","65658000"
1130121063,"01",2,"7137","4532",3,NA,NA,"0","0004000000","0","0004000000","0","0","0","4000000"
1130133201,"02",1,"2320","8021",1,"4",6,"0004600000","0058200000","0004186000","0050232000","0","0003000000","4186000","53232000"
1130133210,"02",1,"2331","8090",3,"3",3,"0000550000","0004400000","0000550000","0004400000","0","0","550000","4400000"
1130025058,"01",1,"7141","4521",3,"8",6,"0000640000","0007680000","0000640000","0007680000","0","0","640000","7680000"
1130037164,"03",1,"3231","8511",1,"10",6,"0004833333","0060999999","0003502400","0042028800","0001000000","0015000000","4502400","57028800"
1130025054,"01",1,"1427","7511",1,"7",6,"0002860000","0035320000","0002860000","0034320000","0","0001000000","2860000","35320000"
1130025054,"01",2,"2442","7512",1,NA,NA,"0","0004000000","0","0004000000","0","0","0","4000000"
1130025059,"01",1,"7141","4521",3,"8",6,"0000700000","0003000000","0000700000","0003000000","0","0","700000","3000000"
1130013001,"01",1,"0111","7522",1,"10",6,"0010200000","0125400000","0009100000","0109200000","0000200000","0005200000","9300000","114400000"
1130061190,"01",1,"1422","2921",3,"8",6,"0005000000","0060000000","0004856665","0058279980","0","0","4856665","58279980"
1130061193,"01",1,"2320","8021",1,"4",6,"0008000000","0122000000","0004928000","0077620000","0002400000","0035000000","7328000","112620000"
1130085195,"03",1,"7243","5260",3,"8",6,"0000400000","0001200000","0000400000","0001200000","0","0","400000","1200000"
1130085195,"03",2,"9211","0130",3,NA,NA,"0","0015000000","0","0015000000","0","0","00","15000000"
1130013004,"01",1,"5162","7523",1,"12",6,"0006280000","0078960000","0005714800","0068577600","0","0003600000","5714800","72177600"
1130077175,"01",1,"3221","8511",1,"10",6,"0005370000","0067440000","0003535000","0042420000","0001500000","0021000000","5035000","63420000"
1130013007,"01",1,"5162","7523",1,"7",6,"0005546920","0070163040","0005047697","0060572366","0","0003600000","5047697","64172366"
1130013012,"01",1,"4212","6512",1,"9",6,"0008800000","0112600000","0007280000","0087360000","0000800000","0016600000","8080000","103960000"
1130053013,"03",2,"7141","4521",3,NA,NA,"0","0006000000","0","0006000000","0","0","0","6000000"
1130065002,"01",1,"5162","7523",1,"7",6,"0005900000","0073800000","0005315000","0060780000","0","0003000000","5315000","63780000"
1130065006,"01",2,"2213","0123",3,NA,NA,"0","0035000000","0","0031460000","0","0002000000","0","33460000"
1130065007,"04",1,"4223","6421",3,"5",6,"0001000000","0012500000","0001000000","0012000000","0","0000500000","1000000","12500000"
1130065007,"05",2,"9314","4521",3,NA,NA,"0","0002000000","0","0002000000","0","0","0","2000000"
1130077178,"01",1,"5130","8517",3,"7",6,"0001300000","0015600000","0001300000","0015600000","0","00","1300000","15600000"
1130077181,"01",1,"7141","4521",3,"8",3,"0002900000","0048000000","0002900000","0048000000","0","0","2900000","48000000"
1130089173,"01",1,"7141","4521",3,"10",3,"0003000000","0032000000","0003000000","0032000000","0","0","3000000","32000000"
1130101162,"01",1,"7126","4521",3,"4",7,"0004500000","0038000000","0004500000","0038000000","00","0","4500000","38000000"
1130017166,"03",1,"2320","8090",3,"5",6,"0001400000","0016800000","0001400000","0016800000","00","0","1400000","16800000"
1130077174,"02",1,"2320","8022",1,"4",6,"0003943330","0050319960","0003628330","0043539960","0","0003000000","3628330","46539960"
1130041108,"01",1,"7126","4521",3,"9",4,"0001400000","0031500000","0001400000","0031500000","0","0","1400000","31500000"
1130005197,"01",1,"9314","4521",3,"8",7,"0001200000","0021600000","0001200000","0021600000","0","0","1200000","21600000"
1130125098,"01",1,"9314","4521",3,"10",4,"0002100000","0023500000","0002100000","0023500000","0","0","2100000","23500000"
1130125100,"01",1,"9314","4521",3,"9",5,"0003000000","0024000000","0003000000","0024000000","0","0","3000000","24000000"
1130125102,"03",1,"0111","7522",1,"7",6,"0004000000","0025500000","0002685000","0016110000","0001000000","0007500000","3685000","23610000"
1130029186,"04",1,"9211","0111",3,"7",6,"0001000000","0007000000","0001000000","0007000000","0","0","1000000","7000000"
1130029186,"06",1,"9211","0111",3,"7",6,"0001000000","0007000000","0001000000","0007000000","0","0","1000000","7000000"
1130029188,"01",1,"7126","4521",3,"8",6,"0008100000","0032400000","0008100000","0032400000","0","0","8100000","32400000"
1130029188,"01",2,"9314","4521",3,NA,NA,"0","0007200000","0","0007200000","0","0","0","7200000"
1130085203,"03",1,"7417","1545",3,"8",6,"0002711467","0032937604","0002503790","0030045480","0","0000400000","2503790","30445480"
1130089166,"01",1,"9314","4521",3,"9",5,"0002800000","0021000000","0002800000","0021000000","0","0","2800000","21000000"
1130125093,"01",1,"7122","4521",3,"9",4,"0005000000","0052500000","0005000000","0052500000","0","0","5000000","52500000"
1130089166,"04",1,"6113","7512",3,"7",6,"0003050000","0041660000","0002905000","0032800000","0","0005000000","2905000","37800000"
1130089171,"02",1,"9314","4521",3,"9",4,"0001900000","0014000000","0001900000","0014000000","0","0","1900000","14000000"
1130101163,"03",1,"4143","6411",3,"7",6,"0002500000","0032500000","0002367467","0028409604","0","0002500000","2367467","30909604"
1130101163,"04",1,"2142","4522",3,"12",6,"0006000000","0018000000","0006000000","0018000000","0","0","6000000","18000000"
1130113006,"01",2,"7221","2892",3,NA,NA,"0","0022500000","00","0022500000","0","0","0","22500000"
1130097195,"01",1,"5123","7511",1,"8",6,"0008278179","0100922778","0007668377","0087805154","0","0005800000","7668377","93605154"
1130097199,"01",1,"9132","8021",3,"7",6,"0002384450","0037613400","0002261484","0035138808","0","0001000000","2261484","36138808"
1130097199,"01",2,"9131","7493",3,NA,NA,"0","0004000000","0","0004000000","0","0","00","4000000"
1130097202,"01",1,"9314","4521",3,"8",6,"0","0018000000","0","0018000000","0","0","0","18000000"
1130097207,"02",1,"7231","5020",3,"8",6,"0","0002400000","0","0002400000","0","0","0","2400000"
1130009168,"03",1,"2331","8021",1,"4",6,"0006300000","0078600000","0005805000","0069660000","0","0003000000","5805000","72660000"
1130049060,"02",1,"2351","8031",1,"8",5,"0004300000","0056600000","0004050000","0050000000","0","0004000000","4050000","54000000"
1130073051,"01",1,"2320","9241",1,"8",6,"0004700000","0061000000","0004450000","0054000000","0","0004500000","4450000","58500000"
1130073051,"02",1,"1429","8021",1,"6",6,"0006850000","0087220000","0006435000","0078440000","0","0004000000","6435000","82440000"
1130033244,"01",1,"8324","6023",3,"10",3,"0003000000","0036000000","0003000000","0036000000","0","0","3000000","36000000"
1130081158,"01",1,"8324","6023",3,"8",5,"0005200000","0066000000","0004900000","0059872000","0","0003500000","4900000","63372000"
1130081147,"01",1,"9314","4521",3,"8",6,"0002700000","0021600000","0002700000","0021600000","0",NA,"2700000","21600000"
1130081147,"03",1,"5220","5233",3,"8",6,"0000900000","0010800000","0000900000","0010800000","0","0","900000","10800000"
1130081151,"03",1,"5111","6023",3,"9",5,"0002500000","0030000000","0002500000","0030000000",NA,"0","2500000","30000000"
1130081147,"04",1,"9160","7493",3,"8",3,"0002500000","0015000000","0002500000","0015000000","0","0","2500000","15000000"
1130129014,"01",1,"9152","6023",3,"12",7,"0001200000","0015000000","0001200000","0015000000","0","0","1200000","15000000"
1130033245,"01",2,"1426","4523",3,NA,NA,"0","0058000000","0","0049764000","0","0005800000","0","55564000"
1130081155,"01",1,"5220","5129",3,"8",6,"0003800000","0051000000","0003560000","0043420000","0","0005000000","3560000","48420000"
1130021004,"02",1,"2320","8021",1,"4",6,"0006000000","0075120000","0005265000","0063180000","0000300000","0006600000","5565000","69780000"
1130021008,"01",1,"2320","8021",1,"6",6,"0007800000","0096600000","0005100000","0061200000","0002170000","0029040000","7270000","90240000"
1130021015,"01",1,"2320","8021",1,"5",6,"0007240000","0089880000","0005000000","0060000000","0001678000","0023136000","6678000","83136000"
1130021015,"02",1,"1429","8021",1,"5",6,"0007000000","0087000000","0004700000","0051400000","0001787000","0024444000","6487000","75844000"
1130093058,"01",2,"9314","4521",3,NA,NA,"0","0014400000","0","0014400000","0","0","0","14400000"
1130093058,"02",1,"3475","9241",3,"08",6,"0000600000","0007200000","0000600000","0007200000","0","0","600000","7200000"
1130093058,"03",1,"7326","2698",3,"08",6,"0001920000","0023040000","0001920000","0023040000","0","0","1920000","23040000"
1130117006,"01",1,"0111","7512",1,"7",6,"0005800000","0072600000","0005340000","0064080000","0","0003000000","5340000","67080000"
1130057242,"01",1,"2310","8031",1,"4",5,"0019000000","0242000000","0018270000","0213140000","0","0006000000","18270000","219140000"
1130057242,"02",1,"2230","8511",1,"8",6,"0008000000","0106000000","0007760000","0085950000","0","0007000000","7760000","92950000"
1130057246,"01",1,"3118","7512",3,"5",4,"0004000000","0048000000","0004000000","0048000000",NA,"0","4000000","48000000"
1130093062,"01",1,"9314","4521",3,"08",2,"0000750000","0011250000","0000750000","0011250000","0","0","750000","11250000"
1130093063,"01",1,"5220","5234",3,"08",6,"0003693130","0039036000","0003131000","0033180000","0000435877","0004412964","3566877","37592964"
1130093063,"03",1,"9333","6023",3,"08",6,"0003193130","0038317560","0003066877","0036802524","0","0","3066877","36802524"
1130093066,"01",1,"9314","4521",3,"08",3,"0001050000","0018000000","0001050000","0018000000","0","0","1050000","18000000"
1130117003,"01",1,"9152","6303",3,"12",6,"0001500000","0004500000","0001500000","0004500000","0","0","1500000","4500000"
1130117003,"01",2,"7221","2892",3,NA,NA,"0","0028000000","0","0028000000","0","0","0","28000000"
1130117010,"01",1,"9333","6023",3,"10",6,"0003500000","0047000000","0003300000","0039600000","0","0005000000","3300000","44600000"
1130069181,"01",1,"8163","8090",1,"8",6,"0004500000","0062000000","0004210000","0049800000","0","0004500000","4210000","54300000"
1130069181,"02",1,"2320","8090",1,"8",6,"0004000000","0054000000","0003650000","0044000000","0","0003500000","3650000","47500000"
1130005202,"01",1,"2213","7310",1,"8",6,"0005000000","0063000000","0004371000","0052452000","0000300000","0006600000","4671000","59052000"
1130017174,"01",1,"8113","4523",3,"18",4,"0002550000","0030000000","0002550000","0030000000","0","0","2550000","30000000"
1130041113,"01",2,"7126","4521",3,NA,NA,"0","0050000000","0","0050000000",NA,"0","00","50000000"
1130041119,"01",1,"9211","0126",3,"9",7,"0003300000","0039600000","0003100000","0037200000","0","0","3100000","37200000"
1130057251,"01",1,"1427","6512",1,"12",6,"0009807770","0121193240","0009657770","0111019811","0","0008000000","9657770","119019811"
1130057251,"02",1,"1429","8021",1,"4",2,"0010985562","0141826000","0008457000","0119370000","0","0010000000","8457000","129370000"
1130045067,"01",1,"8324","6023",3,"12",7,"0006000000","0072000000","0006000000","0072000000","0",NA,"6000000","72000000"
1130069192,"01",1,"7218","3610",3,"08",6,"0002000000","0024000000","0002000000","0024000000","0","0","2000000","24000000"
1130073056,"02",1,"2320","8021",3,"4",3,"0004000000","0028000000","0004000000","0028000000","0","0","4000000","28000000"
1130089180,"01",1,"7133","4521",3,"9",4,"0003800000","0045000000","0003800000","0045000000","0","0","3800000","45000000"
1130089180,"03",2,"9314","4521",3,NA,NA,"0","0007000000","0","0007000000","0","0","0","7000000"
1130101168,"03",1,"4190","7511",3,"10",7,"0003000000","0025000000","0003000000","0025000000","0","0","3000000","25000000"
1130101168,"04",2,"7221","2892",3,NA,NA,"0","0003200000","0","0003200000","0","0","0","3200000"
1130105165,"01",1,"9211","0111",3,"08",4,"0001440000","0015400000","0001440000","0015400000","0","0","1440000","15400000"
1130113003,"01",1,"8324","6023",3,"10",4,"0005500000","0066000000","0005500000","0066000000","0","0","5500000","66000000"
1130113008,"01",1,"7422","2022",3,"9",6,"0002200000","0032400000","0001800000","0021600000","0000400000","0010800000","2200000","32400000"
1130113011,"01",1,"4190","7498",3,"8",5,"0004200000","0054400000","0004004000","0048048000","0","0004000000","4004000","52048000"
1130113014,"01",1,"8332","4521",3,"4",3,"0003000000","0036000000","0003000000","0036000000","0","0","3000000","36000000"
1130054176,"02",1,"4113","1600",1,"8",6,"0006500000","0079000000","0005490000","0065880000","0000420000","0007500000","5910000","73380000"
1130054165,"01",1,"4113","8031",3,"8",7,"0005900000","0075800000","0004800000","0057600000","0000500000","0012000000","5300000","69600000"
1130054170,"01",1,"5169","7511",1,"11",7,"0008000000","0102000000","0007400000","0088900000","0","0005000000","7400000","93900000"
1130054173,"01",1,"2441","6512",1,"9",6,"0008000000","0097000000","0006080000","0069600000","0001220000","0017800000","7300000","87400000"
1130086114,"03",1,"8223","3130",3,"9",6,"0003500000","0043500000","0003030000","0035200000","0000230000","0006000000","3260000","41200000"
1130134268,"01",1,"7136","4531",3,"6",4,"0003000000","0036000000","0003000000","0036000000",NA,NA,"3000000","36000000"
1130134279,"01",2,"9314","4521",3,NA,NA,"0","0017500000","0","0017500000","0",NA,"0","17500000"
1130094159,"01",1,"8322","6023",3,"7",6,"0003490110","0041881320","0003163370","0037960440",NA,NA,"3163370","37960440"
1130094166,"01",1,"9314","4521",3,"8",4,"0000600000","0024400000","0000600000","0024400000",NA,NA,"600000","24400000"
1130094166,"03",1,"9314","4521",3,"8",3,"0000900000","0023400000","0000900000","0023400000",NA,NA,"900000","23400000"
1130094166,"04",1,"9314","4521",3,"8",3,"0001500000","0019500000","0001500000","0019500000",NA,NA,"1500000","19500000"
1130094166,"05",1,"9314","4521",3,"8",3,"0000900000","0015500000","0000900000","0015500000",NA,NA,"900000","15500000"
1130086110,"01",1,"9314","4521",3,"8",6,"0003600000","0035800000","0003600000","0035800000",NA,NA,"3600000","35800000"
1130086121,"01",1,"7221","2892",3,"10",6,"0003250000","0039110000","0003250000","0039110000","0","0","3250000","39110000"
1130094162,"03",1,"4141","6512",3,"7",6,"0003401810","0040017200","0003267270","0035402720",NA,"0003000000","3267270","38402720"
1130094162,"04",2,"9314","4521",3,NA,NA,"0001200000","0003000000","0001200000","0003000000",NA,NA,"1200000","3000000"
1130094164,"01",1,"7417","1545",3,"8",6,"0004202367","0050628404","0004000788","0048009456",NA,"0000200000","4000788","48209456"
1130134270,"03",1,"8323","6022",3,"11",6,"0007800000","0093600000","0007800000","0093600000",NA,NA,"7800000","93600000"
1130134270,"05",1,"7417","1545",3,"10",6,"0004300000","0050400000","0003900000","0046800000",NA,NA,"3900000","46800000"
1130134273,"03",1,"9314","4521",3,"8",4,"0003600000","0019950000","0003600000","0019950000",NA,NA,"3600000","19950000"
1130134273,"04",1,"9314","4521",3,"8",4,"0003000000","0023550000","0003000000","0023550000",NA,NA,"3000000","23550000"
1130058003,"01",1,"2320","8022",1,"5",4,"0006750000","0084500000","0006350000","0076200000",NA,"0003000000","6350000","79200000"
1130058003,"02",1,"2331","8012",1,"5",4,"0005000000","0076000000","0004500000","0060000000",NA,"0009700000","4500000","69700000"
1130058010,"03",1,"3152","2697",3,"8",6,"0007500000","0100000000","0007000000","0078000000",NA,"0015000000","7000000","93000000"
1130058014,"01",2,"1425","5513",1,NA,NA,"0","0018000000","0","0018000000","0","0","0","18000000"
1130082101,"01",1,"7122","4521",3,"9",6,"0008750000","0052500000","0008750000","0052500000",NA,NA,"8750000","52500000"
1130082111,"01",1,"5122","5521",3,"12",7,"0005000000","0066000000","0004700000","0057400000",NA,"0006000000","4700000","63400000"
1130058010,"04",1,"1427","2697",3,"10",6,"0011000000","0140000000","0010000000","0110000000",NA,"0020000000","10000000","130000000"
1130102056,"01",1,"8324","6023",3,"12",6,"0006372625","0076471500","0003800000","0045600000","0002439999","0029279988","6239999","74879988"
1130102059,"01",1,"3439","4010",1,"8",6,"0004536667","0057440004","0004156667","0049880004","0","0003000000","4156667","52880004"
1130102059,"03",2,"0112","7522",1,NA,NA,"0","0001500000","0","0001500000","0","0","0","1500000"
1130102059,"03",2,"8261","1711",3,NA,NA,"0","0015360000","0","0013919740","0","0","0","13919740"
1130102063,"02",1,"2331","8012",1,"6",4,"0004200000","0053400000","0004065600","0048787200",NA,"0003000000","4065600","51787200"
1130074147,"01",1,"4113","8511",1,"6",6,"0009000000","0114500000","0008472000","0102964000","0","0007000000","8472000","109964000"
1130074147,"02",1,"3435","8513",1,"6",6,"0003500000","0047500000","0003112000","0038394000","0","0005500000","3112000","43894000"
1130074148,"01",1,"2211","8511",1,"7",6,"0010000000","0127000000","0009260000","0104120000","0","0007000000","9260000","111120000"
1130082115,"01",1,"2149","2612",3,"9",5,"0006700000","0086500000","0005000000","0054500000","0001000000","0025000000","6000000","79500000"
1130082115,"02",1,"2320","8021",1,"4",3,"0004850000","0059800000","0004300000","0049000000",NA,"0004500000","4300000","53500000"
1130106157,"01",1,"9152","6303",3,"12",6,"0003332808","0040017696","0003198696","0035403240","0","0003000000","3198696","38403240"
1130106157,"03",2,"9314","4521",3,NA,NA,"0","0004650000","0","0004650000","0","0","0","4650000"
1130106157,"04",2,"9314","4521",3,NA,NA,"0","0003000000","0","0","0","0","0","3000000"
1130106161,"01",1,"9314","4521",3,"8",6,"0002800000","0025200000","0002800000","0025200000","0","0","2800000","25200000"
1130106164,"01",1,"9314","4521",3,"8",2,"0002250000","0025500000","0002250000","0025500000","0","0","2250000","25500000"
1130106170,"01",1,"9314","4521",3,"8",3,"0002250000","0027000000","0002250000","0027000000","0","0","2250000","27000000"
1130034056,"03",1,"2320","8021",1,"4",6,"0004790000","0060480000","0004358900","0052306800","0","0003000000","4358900","55306800"
1130034059,"03",1,"7231","5040",3,"9",6,"0004000000","0042000000","0004000000","0042000000","0","0","4000000","42000000"
1130034065,"01",1,"7135","5234",3,"8",6,"0001450000","0011600000","0001450000","0011600000","0","0","1450000","11600000"
1130034065,"03",1,"9314","4521",3,"9",7,"0004050000","0042525000","0004050000","0042525000","0","0","4050000","42525000"
1130130050,"01",1,"2320","8021",1,"4",5,"0006000000","0080000000","0005540000","0067480000","0","0007000000","5540000","74480000"
1130038173,"01",1,"1429","8021",1,"2",6,"0008500000","0099000000","0007050000","0079200000","0001000000","0015000000","8050000","94200000"
1130038173,"02",1,"2320","8021",1,"4",6,"0004500000","0053400000","0004140000","0046080000","0","0003000000","4140000","49080000"
1130026095,"01",1,"9314","4521",3,"10",6,"0002600000","0013000000","0002600000","0013000000","0","0","2600000","13000000"
1130026100,"01",1,"7122","4521",3,"10",7,"0006250000","0037500000","0006250000","0037500000","0","0","6250000","37500000"
1130038168,"02",1,"2331","8012",1,"6",6,"0005400000","0065400000","0004992500","0057540000","0","0003000000","4992500","60540000"
1130062013,"01",1,"7125","4522",3,"10",6,"0003500000","0048500000","0003100000","0036000000","0","0007000000","3100000","43000000"
1130110001,"01",1,"7132","4521",3,"10",5,"0004000000","0038500000","0004000000","0038500000","0","0","4000000","38500000"
1130110014,"03",1,"7224","2611",3,"11",6,"0005050000","0067050000","0004400000","0050800000","0000300000","0012000000","4700000","62800000"
1130130054,"01",1,"9211","0111",3,"9",6,"0004000000","0028000000","0004000000","0028000000","0","0","4000000","28000000"
1130130059,"01",2,"9211","0130",3,NA,NA,"0","0005400000","0","0005400000","0","0","0","5400000"
1130014053,"03",1,"7233","2899",1,"10",6,"0003600000","0047200000","0003348000","0040176000","0","0004000000","3348000","44176000"
1130014047,"01",1,"7233","2699",3,"11",6,"0003800000","0022800000","0003069000","0018414000","0000500000","0003000000","3569000","21414000"
1130014047,"01",2,"9314","4521",3,NA,NA,"0","0010800000","0","0010800000","0","0","0","10800000"
1130014058,"01",1,"8322","6022",3,"9",6,"0002240000","0026880000","0002240000","0026880000","0","0","2240000","26880000"
1130014061,"01",1,"2320","8021",1,"6",4,"0007030000","0087360000","0006397300","0076767600","0","0003000000","6397300","79767600"
1130014061,"02",1,"1429","8021",1,"6",6,"0007300000","0090600000","0006643000","0079716000","0","0003000000","6643000","82716000"
1130050062,"01",1,"5220","5233",3,"9",6,"0002500000","0016000000","0002500000","0016000000","0","0","2500000","16000000"
1130122003,"01",1,"8322","6022",3,"11",7,"0001800000","0021600000","0001800000","0021600000","0","0","1800000","21600000"
1130122005,"01",1,"7126","4521",3,"9",3,"0001500000","0011250000","0001500000","0011250000","0","0","1500000","11250000"
1130122012,"01",1,"2331","8012",1,"4",6,"0005900000","0073800000","0005369000","0064428000","0","0003000000","5369000","67428000"
1130122012,"02",1,"2331","8012",1,"4",6,"0004500000","0057000000","0004095000","0049140000","0","0003000000","4095000","52140000"
1130122014,"03",1,"9314","4521",3,"8",1,"0000390000","0007800000","0000390000","0007800000","0","0","390000","7800000"
1130018010,"03",2,"9314","4521",3,NA,NA,"0000900000","0009000000","0000900000","0009000000","0","0","900000","9000000"
1130098146,"01",1,"9314","4521",3,"8",6,"0004200000","0029400000","0004200000","0029400000","0","0","4200000","29400000"
1130098150,"01",1,"8163","4100",3,"8",6,"0002900000","0026100000","0002900000","0026100000","0","0","2900000","26100000"
1130098151,"01",2,"7126","4521",3,NA,NA,"0001500000","0023400000","0001500000","0023400000","0","0","1500000","23400000"
1130022215,"01",1,"8333","3410",3,"8",7,"0003201810","0041421720","0003067270","0036807240","0","0003000000","3067270","39807240"
1130090068,"01",1,"9152","7498",3,"12",7,"0003350000","0043200000","0003350000","0040200000","0","0003000000","3350000","43200000"
1130090064,"01",1,"7133","4521",3,"8",6,"0006000000","0045000000","0006000000","0045000000","0","0","6000000","45000000"
1130030308,"01",1,"9333","6023",3,"7",6,"0001784200","0021410400","0001566338","0018796056","0","0","1566338","18796056"
1130090056,"01",1,"7501","1724",3,"10",6,"0001000000","0012000000","0001000000","0012000000","0","0","1000000","12000000"
1130090056,"03",1,"7501","1724",3,"7",6,"0001000000","0002000000","0001000000","0002000000","0","0","1000000","2000000"
1130090056,"03",2,"7327","2611",3,NA,NA,"0002750000","0031500000","0002750000","0027500000","0","0004000000","2750000","31500000"
1130090056,"05",1,"9320","1548",3,"9",7,"0001950000","0001950000","0001950000","0001950000","0","0","1950000","1950000"
1130018004,"03",1,"9314","4521",3,"8",6,"0003900000","0007800000","0003900000","0007800000","0","0","3900000","7800000"
1130018009,"01",1,"9314","4521",3,"8",3,"0001500000","0027000000","0001500000","0027000000","0","0","1500000","27000000"
1130030306,"01",1,"7221","2921",3,"8",6,"0002500000","0032000000","0002500000","0030000000","0","0002000000","2500000","32000000"
1130042159,"03",1,"3432","7514",1,"8",6,"0004500000","0058000000","0004000000","0048000000","0000200000","0005000000","4200000","53000000"
1130042159,"06",1,"2142","7511",3,"8",6,"0003200000","0041000000","0002800000","0036000000","0000300000","0003000000","3100000","39000000"
1130042165,"04",1,"7218","5020",3,"10",6,"0000800000","0000800000","0000800000","0000800000","0","0","800000","800000"
1130042165,"04",2,"9314","4521",3,NA,NA,"0","0018000000","0","0018000000","0","0","0","18000000"
1130042168,"01",2,"9314","4521",3,NA,NA,"0","0022500000","0","0022500000","0","0","0","22500000"
1130078057,"03",1,"7241","7250",3,"10",6,"0002000000","0024000000","0002000000","0024000000","0","0","2000000","24000000"
1130078069,"01",1,"2211","8031",1,"11",6,"0010000000","0123000000","0006200000","0074400000","0003590000","0046080000","9790000","120480000"
1130090059,"01",1,"9314","4521",3,"8",1,"0000300000","0001800000","0000300000","0001800000","0","0","300000","1800000"
1130114050,"01",1,"9152","4100",1,"18",4,"0006000000","0072900000","0005500000","0064200000","0","0004000000","5500000","68200000"
1130006171,"01",1,"1429","8021",1,"8",6,"0008700000","0100740000","0007917000","0095004000","0","0003000000","7917000","98004000"
1130006160,"01",1,"4190","8021",1,"6",6,"0006660000","0085440000","0006006000","0072072000","0","0006240000","6006000","78312000"
1130006167,"01",1,"9314","4521",3,"8",6,"0003000000","0027000000","0003000000","0027000000","0","0","3000000","27000000"
1130006174,"02",1,"5111","6022",3,"15",3,"0002400000","0028800000","0002400000","0028800000","0","0","2400000","28800000"
1130066141,"01",1,"3114","6421",1,"18",4,"0006200000","0076300000","0005800000","0067200000","0","0005000000","5800000","72200000"
1130066149,"01",2,"3416","7498",3,NA,NA,"0","0010000000","0","0009300000","0","0","0","9300000"
1130090060,"01",1,"9314","4521",3,"9",3,"0001040000","0011000000","0001040000","0011000000","0","0","1040000","11000000"
1130126112,"02",1,"7221","2892",3,"8",6,"0003000000","0006000000","0003000000","0006000000","0","0","3000000","6000000"
1130126112,"02",2,"9211","0111",3,NA,NA,"0","0013500000","0","0013500000","0","0","0","13500000"
1130126112,"03",1,"9314","4521",3,"8",6,"0004800000","0057600000","0004800000","0057600000","0","0","4800000","57600000"
1130002102,"01",2,"7422","2022",3,NA,NA,"0","0012000000","0","0012000000","0","0","0","12000000"
1130002105,"01",1,"7122","4521",3,"8",2,"0003300000","0025800000","0003300000","0025800000","0","0","3300000","25800000"
1130126109,"03",1,"7224","2892",3,"6",6,"0001800000","0021600000","0001800000","0021600000","0","0","1800000","21600000"
1130126117,"03",1,"8124","2691",3,"8",6,"0003000000","0015000000","0003000000","0015000000","0","0","3000000","15000000"
1130046195,"01",1,"9314","4521",3,"8",2,"0001350000","0014500000","0001350000","0014500000","0","0","1350000","14500000"
1130046196,"01",1,"2351","8021",1,"4",6,"0006841677","0085100124","0006390000","0076680000","0","0003000000","6390000","79680000"
1130046206,"01",1,"2331","8012",1,"4",6,"0006678334","0083140000","0006233334","0074800000","0","0003000000","6233334","77800000"
1130046206,"02",1,"2331","8012",1,"4",6,"0004500000","0057000000","0004205000","0050460000","0","0003000000","4205000","53460000"
1130118112,"01",1,"9314","4521",3,"8",4,"0002800000","0033600000","0002800000","0033600000","0","0","2800000","33600000"
1130010146,"03",1,"7433","1810",3,"6",6,"0001000000","0012000000","0001000000","0012000000","0","0","1000000","12000000"
1130010146,"05",1,"5220","5223",3,"9",6,"0001200000","0004000000","0001200000","0004000000","0","0","1200000","4000000"
1130010146,"05",2,"9314","4521",3,NA,NA,"0","0012000000","0","0012000000","0","0","0","12000000"
1130070007,"02",1,"5220","5522",3,"6",3,"0001300000","0014000000","0001300000","0014000000","0","0","1300000","14000000"
1130070010,"02",1,"2320","8021",1,"4",5,"0004200000","0053900000","0003600000","0041200000","0","0004500000","3600000","45700000"
1130118103,"01",1,"9211","0111",3,"8",3,"0004500000","0020000000","0004500000","0020000000","0","0","4500000","20000000"
1130010156,"02",1,"9211","0130",3,"9",6,"0003000000","0019500000","0003000000","0019500000","0","0","3000000","19500000"
1130010158,"01",1,"8324","6023",3,"8",6,"0005000000","0059500000","0004300000","0048000000","0","0003000000","4300000","51000000"
1130051049,"02",1,"2142","7523",1,"8",6,"0006300000","0080000000","0004500000","0055000000","0001100000","0015300000","5600000","70300000"
1130051055,"01",1,"7142","2731",3,"11",6,"0005300000","0066600000","0003250000","0037500000","0001550000","0021500000","4800000","59000000"
1130063053,"01",1,"9314","4521",3,"8",7,"0003900000","0051000000","0003300000","0039750000","0000350000","0006500000","3650000","46250000"
1130063054,"01",1,"5220","5221",3,"6",6,"0000500000","0006200000","0000500000","0006200000","0","0","500000","6200000"
1130063057,"01",1,"3231","8513",1,"8",6,"0006300000","0075000000","0005570000","0064500000","0","0003000000","5570000","67500000"
1130063061,"01",1,"7141","4521",3,"9",5,"0005000000","0041000000","0005000000","0041000000","0","0","5000000","41000000"
1130099097,"01",1,"2320","8022",1,"7",6,"0007650000","0089600000","0005733000","0067749500","0001350000","0015150000","7083000","82899500"
1130099099,"03",1,"9314","4521",3,"9",4,"0003750000","0030000000","0003750000","0030000000","0","0","3750000","30000000"
1130099099,"04",1,"9314","4521",3,"9",6,"0003240000","0024000000","0003240000","0024000000","0","0","3240000","24000000"
1130099108,"01",1,"7221","4521",3,"9",6,"0004750000","0021375000","0004750000","0021375000","0","0","4750000","21375000"
1130135116,"01",1,"2320","8021",1,"5",6,"0005300000","0035500000","0004823000","0032023000","0","0003000000","4823000","35023000"
1130135116,"02",1,"2331","8012",1,"4",6,"0005840970","0073091640","0005315282","0063783384","0","0003000000","5315282","66783384"
1130027051,"01",1,"7325","2697",3,"9",5,"0002600000","0010400000","0002600000","0010400000","0","0","2600000","10400000"
1130027051,"01",2,"9314","4521",3,NA,NA,"0","0012000000","0","0012000000","0","0","0","12000000"
1130027059,"01",1,"9314","4521",3,"9",6,"0003000000","0021600000","0003000000","0021600000","0","0","3000000","21600000"
1130027062,"01",1,"7417","1545",3,"10",7,"0003000000","0037000000","0003000000","0036000000","0","0001000000","3000000","37000000"
1130015110,"01",1,"3416","8511",1,"9",6,"0005220000","0063640000","0004650000","0051150000","0000220000","0008640000","4870000","59790000"
1130003009,"01",1,"3416","8513",3,"10",6,"0007000000","0089200000","0004850000","0058700000","0001150000","0019500000","6000000","78200000"
1130003013,"01",1,"7218","3430",3,"9",6,"0005200000","0068400000","0004700000","0054200000","0","0008200000","4700000","62400000"
1130015114,"01",1,"7241","5260",3,"8",6,"0004900000","0058800000","0004900000","0058800000","0","0","4900000","58800000"
1130015122,"01",1,"8324","6023",3,"10",3,"0006500000","0078000000","0005820000","0069840000","0","0","5820000","69840000"
1130135114,"01",1,"2320","8021",1,"6",4,"0006910000","0085920000","0006288100","0075457200","0","0003000000","6288100","78457200"
1130075015,"01",1,"8159","2429",3,"8",6,"0003219170","0041130000","0003073057","0036876684","0","0002500000","3073057","39376684"
1130075002,"01",1,"5122","5521",3,"12",6,"0005719720","0073906640","0005003607","0060043284","0000500000","0011270000","5503607","71313284"
1130075008,"01",1,"5123","7514",3,"7",6,"0003469170","0046900000","0003323057","0039876684","0","0005270000","3323057","45146684"
1130075008,"03",1,"9320","3420",3,"8",6,"0002869170","0034738340","0002723057","0030349984","0","0002635000","2723057","32984984"
1130087002,"01",1,"9314","4521",3,"9",4,"0002700000","0033000000","0002700000","0033000000","0","0","2700000","33000000"
1130087006,"01",1,"8223","2899",3,"6",7,"0003850000","0050500000","0003300000","0039500000","0000200000","0006500000","3500000","46000000"
1130087010,"01",1,"7221","2892",3,"8",6,"0003750000","0051000000","0003400000","0040000000","0","0007000000","3400000","47000000"
1130087015,"01",1,"5220","5240",3,"8",6,"0001500000","0009750000","0001500000","0009750000","0","0","1500000","9750000"
1130111160,"01",1,"7414","5521",3,"8",3,"0000800000","0008000000","0000800000","0008000000","0","0","800000","8000000"
1130111168,"01",1,"9314","4521",3,"9",3,"0002200000","0029000000","0002200000","0029000000","0","0","2200000","29000000"
1130123054,"01",1,"4115","7523",1,"8",6,"0007000000","0087000000","0006150000","0070000000","0","0007500000","6150000","77500000"
1130039060,"01",1,"2331","8012",1,"5",6,"0007950000","0098400000","0006282500","0075390000","0001000000","0015000000","7282500","90390000"
1130123053,"01",1,"9152","7513",1,"18",4,"0007300000","0101300000","0005000000","0061000000","0001300000","0029500000","6300000","90500000"
1130123061,"02",1,"2320","8090",3,"2",1,"0000400000","0004000000","0000400000","0004000000","0","0","400000","4000000"
1130095066,"03",1,"9314","4521",3,"8",2,"0001500000","0009500000","0001500000","0009500000","0","0","1500000","9500000"
1130019011,"01",1,"2331","8012",1,"4",6,"0005367165","0067405980","0004819121","0057829452","0","0003000000","4819121","60829452"
1130019015,"01",2,"8322","4522",3,NA,NA,"0","0040079144","0","0038966377","0","0","0","38966377"
1130043252,"01",1,"9211","0126",3,"10",6,"0002280883","0027370596","0002145627","0025747524","0","0","2145627","25747524"
1130043256,"01",2,"9211","0130",3,NA,NA,"0","0023662000","0","0022887333","0","0","0","22887333"
1130043256,"04",2,"9211","0130",3,NA,NA,"0","0003000000","0","0003000000","0","0","0","3000000"
1130043258,"01",1,"9152","6303",3,"12",7,"0003500000","0010500000","0003500000","0010500000","0","0","3500000","10500000"
1130095060,"03",1,"7231","5020",3,"8",6,"0002000000","0024000000","0002000000","0024000000","0","0","2000000","24000000"
1130095060,"04",1,"7231","5020",3,"8",6,"0002000000","0024000000","0002000000","0024000000","0","0","2000000","24000000"
1130115158,"01",2,"7221","7511",1,NA,NA,"0","0038603642","0","0032111209","0","0005270000","0","37381209"
1130115162,"01",1,"9132","8511",3,"8",6,"0002902883","0034834596","0002567627","0030811524","0000200000","0002400000","2767627","33211524"
1130115164,"02",1,"4134","8031",1,"7",6,"0004702883","0059434596","0004527628","0054331536","0","0003000000","4527628","57331536"
1130115164,"03",1,"3221","8511",3,"7",6,"0004000000","0004000000","0004000000","0004000000","0","0","4000000","4000000"
1130115164,"04",2,"0112","7522",1,NA,NA,"0","0002400000","0","0002400000","0","0","0","2400000"
1130103006,"01",1,"7133","4521",3,"8",6,"0006000000","0054000000","0006000000","0054000000","0","0","6000000","54000000"
1130103012,"01",1,"2131","6421",3,"8",6,"0009980000","0129760000","0009806667","0117680004","0","0010000000","9806667","127680004"
1130103014,"04",1,"7241","3150",3,"8",6,"0003000000","0003000000","0003000000","0003000000","0","0","3000000","3000000"
1130103014,"04",2,"0112","7522",1,NA,NA,"0","0001200000","0","0001200000","0","0","0","1200000"
1130119174,"01",2,"7123","4521",3,NA,NA,"0","0021000000","0","0021000000","0","0","0","21000000"
1130119174,"01",2,"7212","4521",3,NA,NA,"0","0007848400","0","0007282800","0","0","0","7282800"
1130119178,"01",1,"4142","7411",3,"7",6,"0002837041","0034044492","0002679755","0032157060","0","0","2679755","32157060"
1130091004,"01",1,"7221","4521",3,"10",5,"0003000000","0030000000","0003000000","0030000000","0","0","3000000","30000000"
1130091007,"03",1,"7137","4532",3,"10",3,"0002160000","0031000000","0002160000","0031000000","0","0","2160000","31000000"
1130091007,"04",1,"7142","5020",3,"12",7,"0004000000","0048000000","0004000000","0048000000","0","0","4000000","48000000"
1130091007,"06",1,"9314","4521",3,"11",2,"0001200000","0027900000","0001200000","0027900000","0","0","1200000","27900000"
1130091014,"03",1,"7221","4521",3,"10",6,"0002400000","0003000000","0002400000","0003000000","0","0","2400000","3000000"
1130023003,"01",1,"9314","4521",3,"9",5,"0003360000","0027200000","0003360000","0027200000","0","0","3360000","27200000"
1130023009,"04",1,"4190","8031",3,"11",6,"0006700000","0083400000","0005000000","0060000000","0000700000","0011000000","5700000","71000000"
1130023009,"05",2,"9314","4521",3,NA,NA,"0","0038400000","0","0038400000","0","0","0","38400000"
1130023009,"06",1,"2142","7511",1,"8",6,"0002900000","0005700000","0002700000","0005400000","0","0","2700000","5400000"
1130023009,"06",2,"3416","7511",1,NA,NA,"0","0022000000","0","0022000000","0","0","0","22000000"
1130023009,"07",2,"9314","4521",3,NA,NA,"0","0017000000","0","0017000000","0","0","0","17000000"
1130023014,"03",2,"5220","5222",1,NA,NA,"0","0011000000","0","0011000000","0","0","0","11000000"
1130003011,"01",1,"2131","7512",1,"8",6,"0009000000","0111500000","0007500000","0090750000","0000500000","0009500000","8000000","100250000"
1130003011,"03",1,"2320","8022",1,"8",6,"0003500000","0003500000","0003500000","0003500000","0","0","3500000","3500000"
1130107003,"01",1,"9314","4521",3,"9",2,"0001200000","0009000000","0001200000","0009000000","0","0","1200000","9000000"
1130031049,"01",1,"2461","7523",1,"7",6,"0006900000","0086000000","0006300000","0076000000","0","0003000000","6300000","79000000"
1130031056,"01",1,"2331","8012",1,"5",6,"0007900000","0093500000","0006250000","0073000000","0","0003000000","6250000","76000000"
1130031056,"02",1,"2331","8012",1,"6",4,"0005750000","0070000000","0004750000","0057200000","0","0003000000","4750000","60200000"
1130003002,"01",1,"5220","5232",3,"8",7,"0003750000","0048000000","0003200000","0038400000","0","0003000000","3200000","41400000"
1130003002,"02",1,"3231","8513",1,"8",6,"0004300000","0052600000","0003900000","0044800000","0","0003000000","3900000","47800000"
1130071106,"03",1,"5220","5232",3,"8",6,"0000900000","0008100000","0000900000","0008100000","0","0","900000","8100000"
1130071106,"05",2,"5220","5232",3,NA,NA,"0","0001500000","0","0001500000","0","0","0","1500000"
1130071114,"01",1,"3435","7512",3,"7",6,"0006619833","0082437996","0006100083","0073200996","0","0003000000","6100083","76200996"
1130071116,"02",1,"2320","8021",1,"4",6,"0005333333","0066999996","0005018333","0060219996","0","0003000000","5018333","63219996"
1130047146,"04",1,"4115","7512",3,"8",6,"0002500000","0005000000","0002500000","0005000000","0","0","2500000","5000000"
1130047150,"01",1,"2411","7511",1,"8",6,"0006500000","0081000000","0006000000","0072000000","0","0003000000","6000000","75000000"
1130047156,"05",1,"9320","2611",3,"9",6,"0005300000","0064500000","0004800000","0054600000","0","0003000000","4800000","57600000"
1130047157,"01",1,"7221","4521",3,"8",5,"0004400000","0034000000","0004400000","0034000000","0","0","4400000","34000000"
1130055197,"01",1,"8324","6023",3,"12",7,"0007986837","0096842044","0007662279","0091947348","0","0001000000","7662279","92947348"
1130083053,"01",1,"9152","0112",3,"12",4,"0003300000","0042400000","0003000000","0036000000","0","0003000000","3000000","39000000"
1130083053,"03",1,"4113","6022",3,"12",7,"0001500000","0018000000","0001500000","0018000000","0","0","1500000","18000000"
1130083056,"01",1,"9314","4521",3,"9",5,"0003500000","0031500000","0003500000","0031500000","0","0","3500000","31500000"
1130011191,"02",1,"4113","7522",1,"8",6,"0001200000","0010000000","0001200000","0010000000","0","0","1200000","10000000"
1130011191,"03",1,"0111","7522",1,"8",6,"0004700000","0058000000","0004200000","0050400000","0","0003000000","4200000","53400000"
1130127098,"03",1,"7326","2691",3,"9",6,"0003600000","0046200000","0003400000","0040800000","0","0003000000","3400000","43800000"
1130127098,"06",1,"7326","2691",3,"9",6,"0003150000","0040800000","0003050000","0037000000","0","0003000000","3050000","40000000"
1130127098,"08",1,"7326","2691",3,"9",6,"0003100000","0040200000","0003000000","0036000000","0","0003000000","3000000","39000000"
1130127101,"03",2,"7326","2691",3,NA,NA,"0","0006000000","0","0006000000","0","0","0","6000000"
1130035271,"01",2,"9211","0130",3,NA,NA,"0002000000","0019000000","0002000000","0019000000","0","0","2000000","19000000"
1130035272,"01",2,"9211","0130",3,NA,NA,"0000270000","0009000000","0000270000","0009000000","0","0","270000","9000000"
1130035275,"01",2,"9211","0130",3,NA,NA,"0","0014130000","0","0014130000","0","0","0","14130000"
1130035278,"01",2,"9211","0130",3,NA,NA,"0","0010000000","0","0010000000","0","0","0","10000000"
1130059116,"03",2,"5220","5222",3,NA,NA,"0","0030000000","0","0030000000","0","0","0","30000000"
1130059122,"03",1,"3118","4521",3,"8",6,"0003000000","0036000000","0003000000","0036000000","0","0","3000000","36000000"
1130067007,"01",1,"8322","8090",3,"10",7,"0004500000","0054000000","0003700000","0044400000","0","0","3700000","44400000"
1130079112,"01",2,"3435","3110",3,NA,NA,"0","0075000000","0","0064000000","0","0004700000","0","68700000"
1130079125,"03",1,"3429","1548",3,"9",6,"0004900000","0060800000","0004400000","0051800000","0","0003200000","4400000","55000000"
1130079125,"04",1,"4113","1548",3,"9",6,"0004400000","0057000000","0004000000","0048000000","0","0003500000","4000000","51500000"
1130083064,"01",1,"9314","4521",3,"9",2,"0001200000","0022000000","0001200000","0022000000","0","0","1200000","22000000"
1130091002,"03",2,"7422","2022",3,NA,NA,"0","0019200000","0","0019200000","0","0","0","19200000"
1130091002,"04",2,"7136","4531",3,NA,NA,"0","0007200000","0","0007200000","0","0","0","7200000"
1130107012,"02",1,"9131","7493",3,"5",5,"0001400000","0016000000","0001400000","0016000000","0","0","1400000","16000000"
1130127098,"10",1,"7326","2691",3,"9",6,"0003100000","0040200000","0003000000","0036000000","0","0003000000","3000000","39000000"
1130112004,"03",1,"2310","8032",3,"8",5,"0006612100","0033060500","0006470700","0032353500","0","0","6470700","32353500"
1130040048,"04",2,"9314","4521",3,NA,NA,"0","0009000000","0","0009000000","0","0","0","9000000"
1130040055,"03",2,"0112","7522",1,NA,NA,"0","0005500000","0","0005500000","0","0","0","5500000"
1130040055,"05",2,"9314","4521",3,NA,NA,"0","0003000000","0","0003000000","0","0","0","3000000"
1130040057,"01",1,"9314","4521",3,"8",6,"0000105000","0015000000","0000105000","0015000000","0","0","105000","15000000"
1130068162,"03",1,"0112","7523",1,"10",6,"0000150000","0000150000","0000150000","0000150000","0","0","150000","150000"
1130068163,"01",1,"9211","0130",3,"5",4,"0003000000","0036000000","0003000000","0036000000","0","0","3000000","36000000"
1130068163,"03",2,"2411","5238",3,NA,NA,"0000400000","0000400000","0000400000","0000400000","0","0","400000","400000"
1130068163,"04",2,"7241","5260",3,NA,NA,"0","0022500000","0","0022500000","0","0","0","22500000"
1130088091,"03",2,"9314","4521",2,NA,NA,"0","0000250000","0","0000250000","0","0","0","250000"
1130088091,"04",2,"9314","4521",2,NA,NA,"0","0000250000","0","0000250000","0","0","0","250000"
1130088097,"01",1,"7133","4521",3,"8",1,"0000350000","0046000000","0000350000","0046000000","0","0","350000","46000000"
1130112008,"05",1,"7417","1545",3,"8",6,"0003755267","0045563204","0003518423","0042221076","0","0000500000","3518423","42721076"
1130104002,"03",2,"9314","4521",3,NA,NA,"0","0009000000","0","0009000000","0","0","0","9000000"
1130104005,"01",1,"8324","6023",3,"12",6,"0005500000","0060500000","0005500000","0060500000","0","0","5500000","60500000"
1130104008,"01",1,"9333","6023",3,"8",7,"0002000000","0024000000","0002000000","0024000000","0","0","2000000","24000000"
1130104014,"01",1,"9314","4521",1,"7",6,"0004052000","0051884000","0003500000","0042000000","0000200000","0005580000","3700000","47580000"
1130004169,"01",1,"9112","5229",3,"6",6,"0001500000","0010500000","0001500000","0010500000","0","0","1500000","10500000"
1130044002,"01",2,"9211","0130",3,NA,NA,"0","0019000000","0","0019000000","0","0","0","19000000"
1130044011,"01",2,"9314","4521",3,NA,NA,"0","0027500000","0","0027500000","0","0","0","27500000"
1130028052,"01",1,"5220","5223",3,"10",7,"0002500000","0031000000","0002000000","0024000000","0","0001000000","2000000","25000000"
1130028060,"01",1,"8163","1520",3,"8",7,"0003800000","0048600000","0003000000","0036000000","0000500000","0009000000","3500000","45000000"
1130028063,"01",1,"9314","4521",3,"10",7,"0005100000","0051000000","0004000000","0040000000","0","0","4000000","40000000"
1130028064,"01",1,"5123","4020",3,"8",6,"0004000000","0050500000","0003000000","0036000000","0000700000","0010900000","3700000","46900000"
1130124066,"01",1,"4142","6421",3,"8",6,"0007207917","0089495004","0007069589","0084835068","0","0003000000","7069589","87835068"
1130128165,"03",1,"7326","2691",1,"8",6,"0001500000","0006000000","0001500000","0006000000","0","0","1500000","6000000"
1130128167,"01",1,"7326","2691",3,"8",7,"0003800000","0045600000","0003800000","0045600000","0","0","3800000","45600000"
1130012005,"02",1,"7331","2029",3,"8",6,"0004000000","0048000000","0004000000","0048000000","0","0","4000000","48000000"
1130012005,"03",2,"9314","4521",3,NA,NA,"0","0016500000","0","0016500000","0","0","0","16500000"
1130012002,"01",1,"9314","4521",3,"9",3,"0001800000","0030225000","0001800000","0030225000","0","0","1800000","30225000"
1130092001,"01",1,"9132","7493",3,"8",6,"0003692100","0047305200","0003250700","0039008400","0000300000","0006600000","3550700","45608400"
1130092014,"01",1,"7417","1545",3,"8",6,"0003845000","0046940000","0003621445","0043457340","0","0000800000","3621445","44257340"
1130092014,"02",1,"9131","7493",3,"6",1,"0000500000","0002000000","0000500000","0002000000","0","0","500000","2000000"
1130048166,"01",2,"9314","4521",3,NA,NA,"0","0027000000","0","0027000000","0","0","0","27000000"
1130048169,"01",1,"9132","8012",1,"8",6,"0004000000","0051100000","0003720000","0044640000","0","0003100000","3720000","47740000"
1130072154,"01",1,"3116","1520",3,"8",6,"0004500000","0057000000","0003700000","0044400000","0","0003000000","3700000","47400000"
1130072157,"01",1,"2320","8021",1,"6",6,"0007700000","0095400000","0007000000","0084000000","0","0003000000","7000000","87000000"
1130072157,"02",1,"2320","8021",1,"6",4,"0005800000","0072600000","0005200000","0062400000","0","0003000000","5200000","65400000"
1130072165,"01",1,"3211","8511",1,"8",6,"0006500000","0081500000","0005700000","0068400000","0","0003500000","5700000","71900000"
1130096152,"01",1,"7501","1724",3,"6",3,"0001200000","0018500000","0001200000","0018500000","0","0","1200000","18500000"
1130096152,"05",2,"9314","4521",3,NA,NA,"0","0006240000","0","0006240000","0","0","0","6240000"
1130096155,"01",1,"9152","1515",3,"12",4,"0003712100","0047545200","0003570700","0042848400","0","0003000000","3570700","45848400"
1130096155,"03",2,"0112","7522",3,NA,NA,"0","0002800000","0","0002800000","0","0","0","2800000"
1130008055,"01",1,"3231","8513",1,"7",6,"0006050000","0075780000","0005145000","0061740000","0000500000","0009180000","5645000","70920000"
1130008055,"02",1,"3231","8513",1,"7",6,"0005065000","0063960000","0004705000","0056460000","0","0003180000","4705000","59640000"
1130076174,"01",1,"9314","4521",3,"9",2,"0001200000","0031000000","0001200000","0031000000","0","0","1200000","31000000"
1130076175,"01",1,"2142","4521",3,"8",2,"0002000000","0024000000","0002000000","0024000000","0","0","2000000","24000000"
1130076175,"03",1,"2142","7512",3,"8",6,"0005000000","0063500000","0005000000","0060000000","0","0003500000","5000000","63500000"
1130076175,"04",1,"4223","6421",3,"8",7,"0003400000","0043800000","0003000000","0036000000","0","0003000000","3000000","39000000"
1130076180,"04",1,"0112","7522",1,"9",6,"0000350000","0004200000","0000300000","0003600000","0","0","300000","3600000"
1130088094,"01",1,"9314","4521",3,"8",2,"0000300000","0030000000","0000300000","0030000000","0","0","300000","30000000"
1130088101,"01",1,"4212","6512",1,"10",6,"0010000000","0128000000","0006558500","0078703200","0003300000","0047600000","9858500","126303200"
1130092004,"01",1,"8324","6023",3,"10",6,"0003500000","0042000000","0003500000","0042000000","0","0","3500000","42000000"
1130092010,"01",1,"9160","9241",3,"10",7,"0003712100","0044848400","0003570700","0042282800","0","0002000000","3570700","44282800"
1130096150,"01",2,"9314","4521",3,NA,NA,"0000110000","0027000000","0000110000","0027000000","0","0","110000","27000000"
1130016112,"02",1,"2331","8012",1,"8",3,"0004900000","0061550000","0004500000","0054000000","0","0002750000","4500000","56750000"
1130016117,"02",1,"7438","1810",3,"8",7,"0003700000","0018500000","0003700000","0018500000","0","0","3700000","18500000"
1130056111,"01",1,"5169","4020",1,"8",6,"0009000000","0111180000","0007500000","0090000000","0","0003180000","7500000","93180000"
1130056111,"02",1,"2331","8012",1,"4",5,"0005000000","0063180000","0004500000","0054000000","0","0003180000","4500000","57180000"
1130116151,"01",1,"2320","8021",1,"6",5,"0007000000","0087000000","0006500000","0078000000","0","0003000000","6500000","81000000"
1130116158,"01",2,"9314","4521",3,NA,NA,"0","0028000000","0","0028000000","0","0","0","28000000"
1130052093,"01",2,"8324","6023",3,NA,NA,"0","0036000000","0","0036000000","0","0","0","36000000"
1130020152,"01",2,"7126","4521",3,NA,NA,"0","0067500000","0","0066368800","0","0","0","66368800"
1130020156,"01",1,"4190","7511",1,"8",6,"0007200000","0089580000","0005558600","0066703200","0001500000","0021180000","7058600","87883200"
1130020156,"02",1,"4141","7511",1,"8",6,"0006800000","0084780000","0005458600","0065503200","0001200000","0017580000","6658600","83083200"
1130020157,"01",1,"8211","2811",3,"8",6,"0003712100","0052825200","0003570700","0042848400","0","0008300000","3570700","51148400"
1130020160,"01",1,"2490","6512",3,"8",6,"0006500000","0090000000","0005858600","0070303200","0000500000","0018000000","6358600","88303200"
1130100002,"01",1,"4223","8511",1,"3",7,"0005100000","0064200000","0004100000","0049300000","0000400000","0005000000","4500000","54300000"
1130024005,"01",2,"9314","4521",3,NA,NA,"0","0013500000","0","0013500000","0","0","0","13500000"
1130024005,"03",1,"7418","1546",3,"8",6,"0002000000","0024000000","0002000000","0024000000","0","0","2000000","24000000"
1130024007,"03",1,"7422","2022",3,"8",6,"0001500000","0018000000","0001500000","0018000000","0","0","1500000","18000000"
1130024014,"01",1,"1410","5129",2,"8",5,"0003200000","0041400000","0003000000","0036000000","0","0003000000","3000000","39000000"
1130036117,"01",2,"9314","4521",3,NA,NA,"0","0009000000","0","0009000000","0","0","0","9000000"
1130056105,"01",1,"2411","4020",1,"7",6,"0011000000","0155000000","0009000000","0108000000","0","0023000000","9000000","131000000"
1130056105,"02",1,"2320","8021",1,"6",4,"0005000000","0063000000","0004500000","0054000000","0","0003000000","4500000","57000000"
1130060148,"03",1,"9152","8532",3,"18",4,"0003000000","0006000000","0003000000","0006000000","0","0","3000000","6000000"
1130060151,"03",1,"0112","7522",1,"8",7,"0000400000","0004800000","0000400000","0004800000","0","0","400000","4800000"
1130060156,"03",1,"5220","5010",3,"9",6,"0004200000","0052400000","0003700000","0044400000","0","0003000000","3700000","47400000"
1130036126,"05",1,"2230","8511",1,"10",6,"0006100000","0064000000","0004200000","0042000000","0001706417","0020064170","5906417","62064170"
1130120167,"03",1,"3118","4522",3,"4",2,"0000800000","0003000000","0000800000","0003000000","0","0","800000","3000000"
1130120167,"03",2,"7137","4532",3,NA,NA,"0","0005000000","0","0005000000","0","0","0","5000000"
1130132153,"01",2,"9211","0130",3,NA,NA,"0","0014500000","0","0014500000","0","0","0","14500000"
1130132155,"03",1,"2340","8531",3,"4",6,"0001712000","0022544000","0001570600","0018847200","0","0002000000","1570600","20847200"
1130132155,"04",1,"8324","6023",3,"12",7,"0005015000","0060181200","0004671600","0056059200","0","0","4671600","56059200"
1130132155,"06",1,"8324","6023",3,"12",7,"0004200000","0050400000","0004200000","0050400000","0","0","4200000","50400000"
1130008051,"01",1,"2320","8021",1,"4",6,"0007000000","0087180000","0006550000","0078600000","0","0003180000","6550000","81780000"
1130008061,"01",1,"4133","7513",1,"7",6,"0006500000","0081180000","0005495000","0065940000","0000600000","0010380000","6095000","76320000"
1130008061,"03",1,"7422","2022",3,"8",6,"0000800000","0002400000","0000800000","0002400000","0","0","800000","2400000"
1130004167,"01",1,"4222","8021",1,"12",4,"0007541667","0093500000","0006000000","0072000000","0001091667","0016100000","7091667","88100000"
1130032060,NA,NA,NA,NA,NA,NA,NA,"0",NA,NA,NA,NA,NA,NA,NA
1130044004,"01",1,"4222","8513",1,"18",3,"0006800000","0084600000","0005200000","0062400000","0000820000","0012840000","6020000","75240000"
1130044008,"01",2,"9211","0130",3,NA,NA,"0","0017500000","0","0017500000","0","0","0","17500000"
1130044008,"03",2,"9211","0130",3,NA,NA,"0","0018000000","0","0018000000","0","0","0","18000000"
1130044011,"04",2,"9211","0130",3,NA,NA,"0","0002900000","0","0002900000","0","0","0","2900000"
1130064159,"01",2,"7126","4521",3,NA,NA,"0","0025000000","0","0025000000","0","0","0","25000000"
1130064161,"01",2,"9314","4521",3,NA,NA,"0","0022500000","0","0022500000","0","0","0","22500000"
1130064165,"01",2,"7126","4521",3,NA,NA,"0","0062000000","0","0062000000","0","0","0","62000000"
1130064168,"01",2,"7123","4521",3,NA,NA,"0","0013000000","0","0013000000","0","0","0","13000000"
1130064168,"03",2,"7123","4521",3,NA,NA,"0","0010000000","0","0010000000","0","0","0","10000000"
1130064168,"04",2,"9314","4521",3,NA,NA,"0004000000","0004000000","0004000000","0004000000","0","0","4000000","4000000"
1130064168,"04",2,"7123","4521",3,NA,NA,"0","0010000000","0","0010000000","0","0","0","10000000"
1130080012,"01",1,"3431","8511",1,"10",6,"0007980000","0091000000","0004750000","0054000000","0002300000","0027120000","7050000","81120000"
1130084053,"03",2,"7132","4540",3,NA,NA,"0","0030000000","0","0030000000","0","0","0","30000000"
1130084053,"04",2,"7132","4540",3,NA,NA,"0","0030000000","0","0030000000","0","0","0","30000000"
1130100010,"01",1,"7221","2892",3,"9",6,"0004500000","0054000000","0004000000","0048000000","0","0","4000000","48000000"
1130108246,"03",1,"7221","2892",3,"9",6,"0003500000","0045000000","0003200000","0038400000","0","0003000000","3200000","41400000"
1130108255,"01",1,"5220","5232",3,"8",7,"0001200000","0004800000","0001200000","0004800000","0","0","1200000","4800000"
1130108255,"03",2,"9211","0130",3,NA,NA,"0","0006750000","0","0006750000","0","0","0","6750000"
1130112015,"03",2,"0112","7522",1,NA,NA,"0","0002400000","0","0002400000","0","0","0","2400000"
1130116160,"01",1,"5123","4521",1,"6",6,"0002400000","0028800000","0002100000","0025200000","0","0","2100000","25200000"
1130124056,"01",1,"8322","6022",3,"10",7,"0002000000","0024000000","0002000000","0024000000","0","0","2000000","24000000"
1130124063,"02",2,"7141","4521",3,NA,NA,"0","0008000000","0","0008000000","0","0","0","8000000"
1140025064,"01",1,"5123","8012",1,"6",6,"0005010000","0063120000","0004726200","0056714400","0","0003000000","4726200","59714400"
1140097003,"01",1,"7141","4540",3,"10",4,"0002400000","0026000000","0002400000","0026000000","0","0","2400000","26000000"
1140097010,"01",1,"8324","6023",3,"10",6,"0005000000","0035000000","0005000000","0035000000","0","0","5000000","35000000"
1140061005,"01",2,"8211","4522",3,NA,NA,"0","0046700000",NA,"0040608000",NA,"0003500000","0","44108000"
1140025058,"01",2,"9314","4521",3,NA,NA,"0","0005400000","0","0005400000","0","0","0","5400000"
1140025061,"03",1,"4141","7512",1,"9",6,"0004250000","0054000000","0003244000","0038928000","0000762667","0012152004","4006667","51080004"
1140025061,"04",1,"7212","4522",3,"9",6,"0003700000","0048900000","0003467333","0041607996","0","0004500000","3467333","46107996"
1140097013,"01",1,"8275","1519",3,"9",6,"0003800000","0049800000","0003001667","0036020004","0000572000","0011064000","3573667","47084004"
1140061008,"01",1,"7212","4522",3,"9",6,"0004500000","0058800000","0004233000","0050796000",NA,"0004800000","4233000","55596000"
1140061015,"03",1,"9314","4521",3,"9",5,"0002300000","0016000000","0002300000","0016000000","0","0","2300000","16000000"
1140061001,"01",1,"9314","4521",3,"9",5,"0002500000","0024000000","0002500000","0024000000","0","0","2500000","24000000"
1140017003,"01",1,"9314","4522",3,"9",6,"0003750000","0050200000","0003051333","0036615996","0000476667","0010920004","3528000","47536000"
1140017003,"03",1,"2340","7512",1,"6",6,"0001125000","0013500000","0001068750","0012825000","0","0","1068750","12825000"
1140017003,"04",1,"9314","4521",3,"9",5,"0002430000","0020412000","0002430000","0020412000","0","0","2430000","20412000"
1140017014,"01",1,"6111","0111",3,"9",4,"0002400000","0019500000","0002400000","0019500000",NA,NA,"2400000","19500000"
1140017005,"01",1,"5123","8012",1,"6",6,"0005040000","0063480000","0004534400","0054412800","0","0003000000","4534400","57412800"
1140049151,"03",1,"8324","6023",3,"10",5,"0003500000","0032500000","0003500000","0032500000","0","0","3500000","32500000"
1140049151,"04",1,"4222","8532",1,"9",7,"0003200000","0019200000","0003040000","0018240000","0","0","3040000","18240000"
1140049148,"01",1,"2230","8511",1,"9",6,"0005800000","0072600000","0004680800","0056169600","0000540000","0009480000","5220800","65649600"
1140049145,"01",1,"8322","7514",1,"9",6,"0005150000","0061800000","0004099800","0049197600","0000720000","0011640000","4819800","60837600"
1140049145,"02",1,"2331","8012",1,"5",6,"0005480000","0068760000","0004936300","0059235600",NA,"0003000000","4936300","62235600"
1140033172,"01",1,"2490","6512",1,"10",6,"0006900000","0085800000","0005767000","0069204000","0000450000","0008400000","6217000","77604000"
1140005157,"01",1,"9314","4521",3,"9",4,"0002400000","0021000000","0002400000","0021000000",NA,NA,"2400000","21000000"
1140005157,"03",1,"9314","4521",3,"9",4,"0002250000","0019500000","0002250000","0019500000",NA,NA,"2250000","19500000"
1140005154,"01",1,"4190","8021",1,"6",6,"0004650000","0058800000","0004178500","0050142000","0","0003000000","4178500","53142000"
1140081202,"01",1,"9314","4521",3,"9",6,"0003800000","0026500000","0003800000","0026500000",NA,NA,"3800000","26500000"
1140033177,"01",1,"9314","4521",3,"9",4,"0002000000","0021000000","0002000000","0021000000","0","0","2000000","21000000"
1140081199,"01",1,"1410","9214",1,"6",6,"0004680000","0059160000","0004209800","0050517600",NA,"0003000000","4209800","53517600"
1140065008,"01",1,"8324","6023",3,"10",5,"0003500000","0036000000","0003500000","0036000000",NA,NA,"3500000","36000000"
1140065006,"01",1,"9311","7511",1,"9",6,"0004050000","0051600000","0003239500","0038874000","0000572000","0009864000","3811500","48738000"
1140037108,"04",1,"0112","7523",1,"10",7,"0000280000","0003360000","0000280000","0003360000",NA,NA,"280000","3360000"
1140085015,"01",1,"9314","4521",3,"9",4,"0002100000","0025600000","0002100000","0025600000",NA,NA,"2100000","25600000"
1140085006,"01",1,"9314","4521",3,"9",5,"0002700000","0025400000","0002700000","0025400000",NA,NA,"2700000","25400000"
1140085012,"01",1,"9314","4521",3,"9",5,"0005000000","0044500000","0005000000","0044500000",NA,NA,"5000000","44500000"
1140073249,"01",1,"9314","4521",3,"9",3,"0001800000","0019500000","0001800000","0019500000",NA,NA,"1800000","19500000"
1140073249,"03",1,"9314","4521",3,"9",3,"0001750000","0016500000","0001750000","0016500000",NA,NA,"1750000","16500000"
1140073250,"01",1,"9314","4521",3,"9",6,"0005600000","0049000000","0005600000","0049000000",NA,NA,"5600000","49000000"
1140073243,"01",1,"6111","7511",1,"9",6,"0004040000","0051480000","0003425133","0041101596","0000381333","0007575996","3806466","48677592"
1140077003,"01",1,"8324","4522",3,"10",6,"0005300000","0068400000","0003103000","0037236000","0001906667","0027680004","5009667","64916004"
1140077006,"01",1,"9314","4521",3,"9",3,"0001800000","0026000000","0001800000","0026000000","0","0","1800000","26000000"
1140001069,"01",1,"9314","4521",3,"9",5,"0003000000","0019500000","0003000000","0019500000","0","0","3000000","19500000"
1140085001,"01",1,"9314","4521",3,"9",4,"0002400000","0023500000","0002400000","0023500000",NA,NA,"2400000","23500000"
1140037115,"01",1,"2490","6512",1,"10",6,"0008500000","0105000000","0007660000","0091920000",NA,"0003000000","7660000","94920000"
1140037115,"02",1,"2490","6512",1,"8",6,"0006800000","0084600000","0006124000","0073488000",NA,"0003000000","6124000","76488000"
1140013124,"01",1,"5122","5521",3,"10",7,"0005000000","0064200000","0004709667","0056516004","0","0004200000","4709667","60716004"
1140053057,"01",1,"3435","8031",1,"8",6,"0004800000","0060600000","0004050333","0048603996","0000476667","0008720004","4527000","57324000"
1140053057,"02",1,"2331","8012",1,"5",6,"0005400000","0068200000","0004862000","0058344000","0","0003400000","4862000","61744000"
1140053053,"01",1,"2490","6512",1,"9",6,"0009000000","0112200000","0008126000","0097512000","0","0004200000","8126000","101712000"
1140053053,"02",1,"2331","8012",1,"5",6,"0004300000","0054600000","0003865000","0046380000","0","0003000000","3865000","49380000"
1140053062,"01",1,"9152","7512",1,"6",6,"0004019000","0051528000","0003569947","0042839364","0000214500","0005874000","3784447","48713364"
1140029058,"03",1,"4222","8514",3,"10",6,"0001800000","0023600000","0001682000","0020184000","0","0002000000","1682000","22184000"
1140077012,"01",1,"7417","1545",3,"9",6,"0003200000","0043200000","0003002167","0036026004","0","0004800000","3002167","40826004"
1140029058,"04",1,"4222","8514",3,"8",6,"0001200000","0016400000","0001160000","0013392000","0","0002000000","1160000","15392000"
1140029058,"05",1,"4222","8514",3,"6",6,"0000800000","0011600000","0000741167","0008894004","0","0002000000","741167","10894004"
1140029053,"01",1,"7326","2930",3,"9",6,"0003930000","0052360000","0002934133","0035209596","0000762667","0014352004","3696800","49561600"
1140029055,"03",1,"2320","8021",1,"6",4,"0003000000","0036000000","0002850000","0034200000","0","0","2850000","34200000"
1140089166,"03",2,"9314","4521",3,NA,NA,"0","0016500000","0","0016500000",NA,NA,"0","16500000"
1140041113,"01",1,"2142","4521",3,"10",6,"0005000000","0064200000","0004712067","0056544804","0","0004200000","4712067","60744804"
1140041113,"02",1,"2320","8021",1,"6",6,"0005600000","0070200000","0005035000","0060420000","0","0003000000","5035000","63420000"
1140089159,"01",1,"9314","4521",3,"8",7,"0003500000","0040000000","0003500000","0040000000","0","0","3500000","40000000"
1140041107,"01",1,"9314","4521",3,"9",6,"0003500000","0046000000","0003289667","0039476004",NA,"0004000000","3289667","43476004"
1140041107,"03",1,"2411","4521",3,"8",6,"0003100000","0041200000","0002912333","0034947996","0","0004000000","2912333","38947996"
1140093008,"01",1,"5122","4522",3,"9",6,"0002450000","0034200000","0002294176","0027530004","0","0004800000","2294176","32330004"
1140093005,"01",1,"5123","7513",2,"9",6,"0003550000","0045600000","0002772833","0033273996","0000572000","0009864000","3344833","43137996"
1140093001,"01",1,"4134","7513",1,"10",6,"0004550000","0057600000","0003615333","0043383996","0000667333","0011007996","4282666","54391992"
1140093010,"01",1,"9314","4521",3,"9",4,"0002000000","0016500000","0002000000","0016500000","0","0","2000000","16500000"
1140093010,"03",1,"5123","8511",3,"10",6,"0003320000","0044640000","0003117567","0037410804","0","0004800000","3117567","42210804"
1140093015,"03",1,"9314","4521",3,"9",5,"0002140000","0018000000","0002140000","0018000000","0","0","2140000","18000000"
1140093015,"04",1,"9314","4521",3,"9",4,"0001950000","0016200000","0001950000","0016200000","0","0","1950000","16200000"
1140069099,"01",1,"2411","4010",1,"9",6,"0005200000","0065400000","0004239000","0050868000","0000667333","0011007996","4906333","61875996"
1140021195,"01",1,"5162","7523",1,"9",6,"0004490000","0056880000","0004029900","0048358800","0","0003000000","4029900","51358800"
1140021195,"03",1,"4141","7523",1,"9",6,"0004300000","0054600000","0003860600","0046327200","0","0003000000","3860600","49327200"
1140021197,"01",1,"5162","7523",1,"10",6,"0005800000","0072600000","0004528000","0054336000","0000953333","0014439996","5481333","68775996"
1140021197,"02",1,"3231","8511",1,"9",6,"0005500000","0069000000","0004243500","0050922000","0000953333","0014439996","5196833","65361996"
1140021193,"01",1,"9314","4521",3,"9",5,"0003600000","0028000000","0003600000","0028000000","0","0","3600000","28000000"
1140009213,"01",1,"9314","4521",3,"9",5,"0002560000","0015360000","0002560000","0015360000","0","0","2560000","15360000"
1140069109,"01",2,"8324","6023",3,NA,NA,"0","0014000000","0","0014000000","0","0","0","14000000"
1140009208,"01",1,"5123","8012",1,"9",6,"0005200000","0065400000","0004905333","0058863996","0","0003000000","4905333","61863996"
1140069102,"01",1,"8322","5129",2,"9",6,"0003940000","0050280000","0003700133","0044401596","0","0003000000","3700133","47401596"
1140069111,"01",1,"3417","7530",1,"10",6,"0007100000","0088200000","0006706667","0080480004","0","0003000000","6706667","83480004"
1140009216,"01",1,"8324","6023",3,"10",5,"0005000000","0060000000","0005000000","0060000000","0","0","5000000","60000000"
1140009218,"01",1,"5130","8511",1,"10",6,"0005200000","0065400000","0004043500","0048522000","0000630000","0010560000","4673500","59082000"
1140057015,"01",1,"5220","5222",3,"10",7,"0003000000","0040500000","0002817500","0033810000","0","0004500000","2817500","38310000"
1140057009,"01",1,"9211","7511",1,"10",6,"0003160000","0040920000","0002969533","0035634396","0","0003000000","2969533","38634396"
1140057006,"01",1,"8152","2694",3,"10",6,"0004950000","0062400000","0004188333","0050259996","0000476667","0008720004","4665000","58980000"
1140045217,"01",1,"7123","2695",3,"10",5,"0004000000","0034000000","0004000000","0034000000","0","0","4000000","34000000"
1140045217,"04",1,"9314","4521",3,"9",4,"0002600000","0016000000","0002600000","0016000000","0","0","2600000","16000000"
1140045222,"01",1,"2351","7511",1,"9",6,"0007600000","0094200000","0005669000","0068028000","0001170000","0017040000","6839000","85068000"
1140045212,"01",1,"7422","2022",3,"10",6,"0003550000","0045600000","0002865167","0034382004","0000476667","0008720004","3341834","43102008"
1140057012,"02",1,"9152","4521",3,"10",7,"0002700000","0008100000","0002532000","0007596000","0","0","2532000","7596000"
1140057003,"01",1,"5220","1520",3,"10",6,"0003500000","0045000000","0003500000","0045000000","0","0","3500000","45000000"
1140057003,"02",1,"2331","8012",1,"5",6,"0006000000","0075000000","0005402000","0064824000","0","0003000000","5402000","67824000"
1140045209,"01",1,"4223","6421",1,"9",5,"0007500000","0093000000","0005176333","0062115996","0001906667","0025880004","7083000","87996000"
1140045209,"02",1,"2331","8012",1,"5",6,"0004500000","0057000000","0004043500","0048522000","0","0003000000","4043500","51522000"
1140045219,"01",1,"4212","6512",1,"10",6,"0007880000","0099560000","0006211000","0074532000","0000882000","0015584000","7093000","90116000"
1140049158,"02",1,"2331","8012",1,"5",6,"0005250000","0066000000","0004726000","0056712000","0","0003000000","4726000","59712000"
1140054111,"01",1,"9314","4521",3,"9",7,"0004500000","0038000000","0004500000","0038000000",NA,NA,"4500000","38000000"
1140022052,"01",1,"9314","4521",3,"9",4,"0002400000","0014500000","0002400000","0014500000",NA,NA,"2400000","14500000"
1140022054,"01",1,"2331","8012",3,"6",6,"0002400000","0028800000","0002400000","0028800000",NA,NA,"2400000","28800000"
1140094224,"01",1,"9314","4521",3,"9",5,"0003000000","0028000000","0003000000","0028000000",NA,NA,"3000000","28000000"
1140094230,"01",1,"9314","4521",3,"9",5,"0002400000","0028600000","0002400000","0028600000",NA,NA,"2400000","28600000"
1140094218,"01",1,"8163","4100",1,"10",6,"0006500000","0078840000","0005857000","0068344400",NA,"0003000000","5857000","71344400"
1140022058,"01",1,"0112","7523",1,"9",6,"0006700000","0081780000","0006036000","0070975800",NA,"0003000000","6036000","73975800"
1140022049,"01",1,"9132","7020",3,"9",6,"0002500000","0034000000","0002500000","0032000000",NA,"0002000000","2500000","34000000"
1140022049,"03",1,"9314","4521",3,"9",5,"0003000000","0028000000","0003000000","0028000000",NA,NA,"3000000","28000000"
1140070142,"01",1,"8324","6023",3,"10",6,"0004500000","0052200000","0004500000","0052200000",NA,NA,"4500000","52200000"
1140054101,"01",1,"9314","4521",3,"9",2,"0001360000","0023500000","0001360000","0023500000",NA,NA,"1360000","23500000"
1140066058,"01",1,"9160","7511",1,"9",6,"0003430000","0042130000","0003226433","0036834434",NA,"0003000000","3226433","39834434"
1140054107,"01",1,"8322","4521",1,"10",6,"0005050000","0060770000","0003811000","0043838731","0000953333","0013639996","4764333","57478727"
1140054105,"01",1,"9333","9305",3,"10",6,"0003450000","0042440000","0003241000","0037093469",NA,"0002000000","3241000","39093469"
1140026055,"01",1,"9314","4521",3,"9",6,"0003500000","0027000000","0003500000","0027000000","0","0","3500000","27000000"
1140074194,"01",1,"9211","0124",3,"10",7,"0002500000","0030000000","0002500000","0030000000","0","0","2500000","30000000"
1140074200,"01",1,"9314","4521",3,"9",6,"0003000000","0024800000","0003000000","0024800000","0","0","3000000","24800000"
1140074200,"03",1,"9314","4521",3,"9",5,"0002500000","0021300000","0002500000","0021300000","0","0","2500000","21300000"
1140074200,"05",1,"9314","4521",3,"9",6,"0003000000","0026000000","0003000000","0026000000","0","0","3000000","26000000"
1140074196,"01",1,"3416","7513",1,"9",6,"0005360000","0065240000","0004097600","0047322400","0000720000","0011640000","4817600","58962400"
1140026058,"02",1,"5123","7493",3,"8",6,"0002700000","0035100000","0002533000","0028505336","0","0004700000","2533000","33205336"
1140026059,"01",1,"7126","6421",3,"9",6,"0004104000","0053616000","0003391813","0039121916","0000476667","0008720004","3868480","47841920"
1140026064,"01",1,"9141","8021",1,"9",6,"0065200000","0078680000","0058692000","0068148800","0","0003000000","58692000","71148800"
1140078003,"05",1,"9314","4521",3,"9",3,"0001450000","0009500000","0001450000","0009500000","0","0","1450000","9500000"
1140078008,"03",1,"8324","6023",3,"10",4,"0001500000","0020000000","0001500000","0018000000","0","0002000000","1500000","20000000"
1140062007,"02",1,"2230","8511",1,"6",7,"0003450000","0042160000","0003243500","0036814536","0","0003000000","3243500","39814536"
1140062003,"01",1,"4190","7511",1,"8",6,"0007500000","0090040000","0006764000","0078498400","0","0003000000","6764000","81498400"
1140038166,"02",1,"3240","8511",1,"9",6,"0005200000","0063240000","0004687000","0054243400","0","0003000000","4687000","57243400"
1140062012,"01",1,"7218","2919",3,"10",6,"0004450000","0054400000","0003242000","0037029336","0000953333","0014439996","4195333","51469332"
1140002174,"01",1,"8324","6023",3,"10",6,"0006000000","0065000000","0006000000","0065000000","0","0","6000000","65000000"
1140002171,"01",1,"8113","1110",3,"10",6,"0006200000","0075500000","0005380000","0061144000","0000476667","0010420004","5856667","71564004"
1140002166,"01",1,"9314","4521",3,"9",5,"0002700000","0026500000","0002700000","0026500000","0","0","2700000","26500000"
1140002161,"01",1,"2320","8021",1,"5",6,"0005900000","0070920000","0005312000","0061157200","0","0003000000","5312000","64157200"
1140050110,"01",1,"1410","6512",1,"10",6,"0010750000","0120800000","0008343000","0089907500","0001350000","0019200000","9693000","109107500"
1140050115,"02",1,"2331","8012",1,"5",6,"0004600000","0056200000","0004132000","0047788000","0","0003000000","4132000","50788000"
1140050103,"01",1,"5162","6720",3,"4",2,"0000500000","0005000000","0000500000","0005000000","0","0","500000","5000000"
1140014138,"01",1,"2114","4100",1,"9",6,"0007772000","0093288000","0006194307","0071558564","0001144000","0016728000","7338307","88286564"
1140098148,"03",1,"8212","4521",3,"9",5,"0002500000","0014000000","0002500000","0014000000","0","0","2500000","14000000"
1140098159,"01",1,"8163","8511",3,"10",7,"0003950000","0048160000","0003245100","0036812936","0000476667","0008720004","3721767","45532940"
1140098151,"01",1,"6111","0111",3,"9",5,"0002800000","0016800000","0002800000","0016800000","0","0","2800000","16800000"
1140098151,"05",1,"9314","4521",3,"9",6,"0002650000","0032400000","0002484333","0027515996","0","0003000000","2484333","30515996"
1140014147,"01",1,"3152","1110",3,"10",6,"0004800000","0059900000","0004522000","0052000000","0","0004700000","4522000","56700000"
1140030119,"01",1,"3431","7513",1,"9",6,"0005650000","0068350000","0004184500","0047998500","0000900000","0013800000","5084500","61798500"
1140030115,"01",1,"9314","4521",3,"9",3,"0001740000","0013000000","0001740000","0013000000",NA,NA,"1740000","13000000"
1140030108,"04",2,"5162","7523",1,NA,NA,"0","0003300000",NA,"0003300000",NA,NA,"0","3300000"
1140086118,"01",1,"2320","8021",1,"4",6,"0009170000","0108880000","0008276700","0095510800","0","0003000000","8276700","98510800"
1140086119,"01",1,"9314","4521",3,"7",6,"0003000000","0040000000","0003000000","0040000000","0","0","3000000","40000000"
1140086119,"03",1,"9314","4521",3,"7",6,"0003000000","0035000000","0003000000","0035000000","0","0","3000000","35000000"
1140086112,"03",1,"9314","4521",3,"6",6,"0003000000","0035000000","0003000000","0035000000","0","0","3000000","35000000"
1140046007,"01",1,"2142","4522",3,"10",6,"0006500000","0019500000","0006500000","0019500000",NA,NA,"6500000","19500000"
1140018313,"01",1,"9152","6302",3,"10",7,"0003300000","0040500000","0003109000","0035278000","0","0003000000","3109000","38278000"
1140010164,"01",1,"3416","3430",3,"10",6,"0004130000","0051680000","0003895267","0044289600",NA,"0004700000","3895267","48989600"
1140010164,"02",1,"2331","8012",1,"5",6,"0006500000","0078780000","0005861000","0068329800",NA,"0003000000","5861000","71329800"
1140010166,"01",1,"9131","9500",3,"8",6,"0002000000","0024000000","0002000000","0024000000",NA,NA,"2000000","24000000"
1140010173,"01",1,"2320","8021",1,"5",6,"0004200000","0050700000","0003774000","0042837000",NA,"0003000000","3774000","45837000"
1140046011,"01",1,"2142","7421",3,"3",2,"0001200000","0016000000","0001200000","0016000000",NA,NA,"1200000","16000000"
1140046011,"02",1,"2351","8031",3,"9",6,"0004850000","0059100000","0004575667","0052924002",NA,"0003000000","4575667","55924002"
1140034207,"01",1,"5162","6303",1,"10",6,"0007700000","0093000000","0005588000","0064880000","0001350000","0019200000","6938000","84080000"
1140034219,"01",1,"0112","7523",1,"10",7,"0010000000","0114000000","0008455000","0100164000",NA,"0003000000","8455000","103164000"
1140034211,"01",1,"2320","8021",1,"5",6,"0005300000","0063300000","0004775500","0054303000",NA,"0003000000","4775500","57303000"
1140018313,"03",1,"9314","4521",3,"9",4,"0001800000","0016200000","0001800000","0016200000","0","0","1800000","16200000"
1140006145,"01",1,"7418","1546",3,"9",6,"0003600000","0044450000","0003395000","0039078669","0","0003000000","3395000","42078669"
1140006145,"03",1,"9314","4521",3,"9",4,"0002560000","0019200000","0002560000","0019200000","0","0","2560000","19200000"
1140006148,"01",1,"8212","4521",3,"9",5,"0003000000","0031500000","0003000000","0031500000","0","0","3000000","31500000"
1140018303,"01",1,"7212","4522",3,"9",6,"0004500000","0055000000","0004238000","0047561331","0","0004500000","4238000","52061331"
1140006140,"01",1,"9314","4521",3,"9",5,"0003500000","0031800000","0003500000","0031800000","0","0","3500000","31800000"
1140006142,"04",1,"7137","4532",3,"9",5,"0002250000","0023625000","0002250000","0023625000","0","0","2250000","23625000"
1140042221,"01",1,"2421","7411",3,"5",6,"0004000000","0048000000","0004000000","0048000000","0","0","4000000","48000000"
1140058111,"01",1,"7212","4522",3,"9",6,"0006800000","0082600000","0005653000","0065005998","0000762667","0013152004","6415667","78158002"
1140058108,"01",1,"9314","4521",3,"9",5,"0002400000","0023800000","0002400000","0023800000","0","0","2400000","23800000"
1140058098,"01",1,"7212","4522",3,"9",6,"0005000000","0060000000","0004715667","0053740002","0","0003000000","4715667","56740002"
1140090054,"01",1,"9314","4521",3,"7",6,"0003500000","0040000000","0003500000","0040000000","0","0","3500000","40000000"
1140090055,"01",1,"9314","4521",3,"7",6,"0004500000","0050000000","0004500000","0050000000","0","0","4500000","50000000"
1140090062,"01",1,"9314","4521",3,"7",6,"0004700000","0052000000","0004700000","0052000000","0","0","4700000","52000000"
1140090050,"01",1,"9314","4521",3,"7",6,"0004750000","0058000000","0004750000","0058000000","0","0","4750000","58000000"
1140042219,"02",1,"2320","8090",3,"6",5,"0002500000","0030000000","0002500000","0030000000","0","0","2500000","30000000"
1140042216,"01",1,"7137","4532",3,"9",6,"0005000000","0059500000","0004712667","0053243335","0","0003000000","4712667","56243335"
1140058102,"01",1,"2320","8021",1,"6",6,"0007000000","0084300000","0006303000","0073303000","0","0003000000","6303000","76303000"
1140082055,"01",1,"3134","7494",3,"9",6,"0003000000","0036200000","0003000000","0034200000","0","0002000000","3000000","36200000"
1140082059,"01",1,"8212","4521",3,"9",5,"0003400000","0032000000","0003400000","0032000000","0","0","3400000","32000000"
1140082054,"03",1,"9314","4521",3,"9",5,"0003000000","0030500000","0003000000","0030500000","0","0","3000000","30500000"
1140058103,"01",2,"7212","4522",3,NA,NA,"0","0108000000","0","0108000000","0","0","0","108000000"
1140082051,"01",1,"6121","0123",3,"10",7,"0004500000","0054000000","0004500000","0054000000","0","0","4500000","54000000"
1140082051,"05",1,"2230","8511",1,"9",6,"0005000000","0060000000","0004715667","0053767002","0","0003000000","4715667","56767002"
1140031062,"01",1,"1429","8021",1,"6",6,"0005800000","0071200000","0005226000","0061392000",NA,"0003000000","5226000","64392000"
1140031049,"01",1,"1410","7530",1,"10",6,"0015500000","0177000000","0010831000","0119108000","0003150000","0040800000","13981000","159908000"
1140063303,"01",1,"9314","4521",3,"9",4,"0002100000","0018500000","0002100000","0018500000",NA,NA,"2100000","18500000"
1140063295,"01",1,"7417","1545",3,"10",6,"0003500000","0041000000","0003287667","0038513669",NA,NA,"3287667","38513669"
1140075165,"01",1,"8212","4521",3,"9",6,"0004800000","0042000000","0004800000","0042000000",NA,NA,"4800000","42000000"
1140075152,"02",1,"6111","0111",3,"9",4,"0002100000","0015000000","0002100000","0015000000","0","0","2100000","15000000"
1140075162,"01",1,"9314","4521",3,"9",4,"0002100000","0024000000","0002100000","0024000000","0","0","2100000","24000000"
1140075162,"03",1,"9314","4521",3,"9",4,"0002050000","0023500000","0002050000","0023500000","0","0","2050000","23500000"
1140075162,"05",1,"9314","4521",3,"9",4,"0002300000","0026000000","0002300000","0026000000","0","0","2300000","26000000"
1140075162,"06",1,"9314","4521",3,"9",3,"0001900000","0017000000","0001900000","0017000000","0","0","1900000","17000000"
1140075159,"01",1,"9152","1515",3,"10",7,"0004500000","0054250000","0004240600","0048267535","0","0003000000","4240600","51267535"
1140039056,"01",1,"7126","4521",3,"9",6,"0003500000","0032000000","0003500000","0032000000","0","0","3500000","32000000"
1140039059,"01",1,"6121","0123",3,"10",6,"0005000000","0064500000","0004717167","0056606004","0","0004500000","4717167","61106004"
1140063299,"01",1,"9211","7511",3,"9",6,"0003850000","0047450000","0003619333","0041793666",NA,"0003000000","3619333","44793666"
1140039054,"01",1,"1410","8022",1,"7",6,"0011600000","0136600000","0010481000","0120703500","0","0003000000","10481000","123703500"
1140003010,"01",1,"4134","1726",3,"10",6,"0004450000","0058050000","0004196333","0048782996","0","0006300000","4196333","55082996"
1140003006,"02",1,"2331","8012",1,"5",6,"0005300000","0064600000","0004772000","0055366000","0","0003000000","4772000","58366000"
1140051097,"01",1,"7224","2892",3,"9",6,"0003520000","0043840000","0003312533","0038416731","0","0003000000","3312533","41416731"
1140051100,"03",1,"4134","3130",3,"9",6,"0003520000","0043840000","0003312533","0038416731","0","0003000000","3312533","41416731"
1140051103,"01",1,"7501","1724",3,"5",4,"0000250000","0002000000","0000250000","0002000000","0","0","250000","2000000"
1140027348,"01",1,"3435","6603",3,"10",6,"0003800000","0047100000","0003577667","0041517004",NA,"0003000000","3577667","44517004"
1140027355,"03",1,"9314","4521",3,"9",3,"0001980000","0014850000","0001980000","0014850000","0","0","1980000","14850000"
1140027345,"01",1,"7224","2892",3,"9",6,"0004100000","0050950000","0003861667","0045158334","0","0003000000","3861667","48158334"
1140003007,"01",1,"8324","6023",3,"10",7,"0007000000","0081500000","0007000000","0081500000","0","0","7000000","81500000"
1140003013,"01",1,"2320","8021",1,"6",6,"0006650000","0080900000","0005997500","0070194000","0","0003000000","5997500","73194000"
1140055210,"01",1,"7422","7522",1,"8",5,"0004120000","0051360000","0003704200","0043397600","0","0003000000","3704200","46397600"
1140055210,"02",1,"2320","8021",1,"5",6,"0005250000","0064880000","0004726000","0055590800","0","0003000000","4726000","58590800"
1140055217,"01",1,"8322","6023",3,"9",6,"0003000000","0039000000","0003000000","0036000000","0","0003000000","3000000","39000000"
1140007106,"01",1,"4141","1726",3,"9",6,"0004180000","0051160000","0003936933","0045344532","0","0003000000","3936933","48344532"
1140091254,"01",1,"8322","8090",3,"7",6,"0003500000","0035000000","0003500000","0035000000","0","0","3500000","35000000"
1140091246,"01",1,"9141","8532",1,"7",6,"0004500000","0055400000","0003574667","0041382668","0000667333","0011007996","4242000","52390664"
1140007099,"01",1,"9314","4521",3,"9",5,"0003500000","0032800000","0003500000","0032800000","0","0","3500000","32800000"
1140091250,"01",1,"8332","4522",3,"7",6,"0007000000","0082000000","0006612333","0077457332","0","0","6612333","77457332"
1140091241,"01",1,"9314","4521",3,"7",6,"0003000000","0036000000","0003000000","0036000000",NA,"0","3000000","36000000"
1140019162,"01",1,"2331","8012",1,"5",6,"0005280000","0065080000","0004750800","0055842800","0","0003000000","4750800","58842800"
1140019172,"01",1,"8324","6023",3,"10",6,"0006250000","0075000000","0006250000","0075000000","0","0","6250000","75000000"
1140071098,"01",1,"9160","7511",1,"8",6,"0003450000","0043890000","0003239500","0038392299","0","0003000000","3239500","41392299"
1140071101,"01",1,"9160","7511",1,"8",6,"0003450000","0043650000","0003239000","0038162001","0","0003000000","3239000","41162001"
1140043003,"01",1,"8324","6023",3,"10",6,"0004000000","0042000000","0004000000","0042000000",NA,NA,"4000000","42000000"
1140071094,"01",1,"9314","4521",3,"9",3,"0002000000","0026500000","0002000000","0026500000","0","0","2000000","26500000"
1140043011,"01",1,"2142","4521",1,"8",3,"0004000000","0048000000","0003800000","0046000000","0","0","3800000","46000000"
1140043009,"03",1,"9314","4521",3,"10",6,"0003800000","0047400000","0003573667","0041744004",NA,"0003000000","3573667","44744004"
1140043009,"04",1,"4121","7513",3,"10",3,"0001000000","0012000000","0001000000","0012000000","0","0","1000000","12000000"
1140059057,"01",1,"9314","4521",3,"9",6,"0004500000","0038000000","0004500000","0038000000","0","0","4500000","38000000"
1140059064,"03",1,"7212","4522",3,"10",6,"0004000000","0046500000","0003768333","0043798998","0","0","3768333","43798998"
1140023155,"01",1,"2142","7511",1,"9",6,"0008540000","0104130000","0005889400","0069462300","0001800000","0024600000","7689400","94062300"
1140023150,"01",1,"8324","7512",1,"10",6,"0006000000","0073950000","0005666000","0066998199","0","0003000000","5666000","69998199"
1140023144,"01",1,"7417","1545",3,"10",6,"0003900000","0046200000","0003669000","0043464999","0","0","3669000","43464999"
1140023151,"01",1,"4142","6411",1,"10",6,"0005850000","0071370000","0003637500","0042812700","0001620000","0021630000","5257500","64442700"
1140059068,"04",1,"0112","7522",1,"12",7,"0000220000","0002640000","0000220000","0002640000","0","0","220000","2640000"
1140059069,"01",1,"9152","2812",3,"10",7,"0004500000","0052500000","0004500000","0052500000","0","0","4500000","52500000"
1140059069,"04",1,"7212","4522",3,"10",7,"0004600000","0032200000","0004600000","0032200000","0","0","4600000","32200000"
1140011120,"01",1,"9141","8513",1,"9",6,"0003240000","0041010000","0003049600","0035769399","0","0003000000","3049600","38769399"
1140047166,"01",1,"3231","8511",1,"8",6,"0006000000","0073710000","0005402000","0063596100","0","0003000000","5402000","66596100"
1140047166,"01",1,"4222","8514",3,"4",6,"0003000000","0036000000","0003000000","0036000000","0","0","3000000","36000000"
1140047169,"01",1,"3416","8031",1,"8",6,"0004980000","0061530000","0004477800","0052642300","0","0003000000","4477800","55642300"
1140011111,"01",2,"9314","4521",3,NA,NA,"0","0009000000","0","0009000000","0","0","0","9000000"
1140087052,"01",1,"9314","4521",3,"6",5,"0003000000","0035000000","0003000000","0035000000",NA,NA,"3000000","35000000"
1140067110,"03",1,"9314","4521",3,"9",5,"0002400000","0029500000","0002400000","0029500000","0","0","2400000","29500000"
1140079056,"05",1,"2320","8022",1,"5",2,"0000700000","0010000000","0000700000","0010000000","0","0","700000","10000000"
1140087060,"01",1,"7417","1545",3,"9",6,"0003500000","0044000000","0003289667","0038542669",NA,"0003000000","3289667","41542669"
1140087057,"01",1,"2331","8012",1,"4",6,"0006046000","0075022000","0005443860","0063944020",NA,"0003000000","5443860","66944020"
1140067119,"03",1,"9314","4521",3,"9",3,"0001650000","0013500000","0001650000","0013500000",NA,NA,"1650000","13500000"
1140067119,"04",1,"9314","4521",3,"9",3,"0001700000","0012800000","0001700000","0012800000",NA,NA,"1700000","12800000"
1140015193,"01",1,"8324","6023",3,"10",7,"0006300000","0075600000","0006300000","0075600000",NA,NA,"6300000","75600000"
1140015203,"03",1,"7417","1545",3,"10",5,"0002250000","0027000000","0002250000","0027000000",NA,NA,"2250000","27000000"
1140015203,"04",1,"7417","1545",3,"10",5,"0002250000","0027000000","0002250000","0027000000",NA,NA,"2250000","27000000"
1140015198,"05",1,"9314","4521",3,"9",5,"0002300000","0020240000","0002300000","0020240000",NA,NA,"2300000","20240000"
1140099151,"01",1,"6155","0502",3,"10",7,"0004000000","0022000000","0004000000","0022000000",NA,NA,"4000000","22000000"
1140083127,"01",1,"9314","4521",3,"9",4,"0002500000","0026800000","0002500000","0026800000",NA,NA,"2500000","26800000"
1140083118,"01",1,"9314","4521",3,"9",4,"0002500000","0027000000","0002500000","0027000000",NA,NA,"2500000","27000000"
1140083114,"01",1,"9314","4521",3,"9",4,"0002500000","0026500000","0002500000","0026500000",NA,NA,"2500000","26500000"
1140083119,"01",1,"9314","4521",3,"9",6,"0003500000","0007000000","0003500000","0007000000",NA,NA,"3500000","7000000"
1140095009,"01",1,"9314","4521",3,"9",4,"0003000000","0031000000","0003000000","0031000000",NA,NA,"3000000","31000000"
1140095006,"03",1,"4141","2221",3,"9",6,"0001000000","0012000000","0001000000","0012000000",NA,NA,"1000000","12000000"
1140095006,"04",1,"4141","2221",3,"9",6,"0001500000","0018000000","0001500000","0018000000",NA,NA,"1500000","18000000"
1140079055,"01",1,"9314","4521",3,"9",2,"0001200000","0007500000","0001200000","0007500000",NA,NA,"1200000","7500000"
1140035209,"03",1,"9314","4521",3,"9",4,"0002000000","0015000000","0002000000","0015000000",NA,NA,"2000000","15000000"
1140035209,"04",1,"5123","5521",3,"9",6,"0001500000","0018000000","0001500000","0018000000",NA,NA,"1500000","18000000"
1140035209,"05",1,"5220","5222",3,"9",6,"0001200000","0014800000","0001200000","0014800000",NA,NA,"1200000","14800000"
1140079064,"01",2,"9314","4521",3,NA,NA,"0","0021000000",NA,"0021000000",NA,NA,"0","21000000"
1140035200,"01",1,"9314","4521",3,"9",3,"0001800000","0014400000","0001800000","0014400000",NA,NA,"1800000","14400000"
1140035199,"01",1,"2411","4522",3,"10",7,"0005000000","0061500000","0004715667","0055167003",NA,"0003000000","4715667","58167003"
1140035207,"01",1,"7142","2930",3,"9",6,"0004650000","0057750000","0003718667","0043629003","0000667333","0011007996","4386000","54636999"
1140028181,"01",2,"9314","4521",3,NA,NA,"0","0011500000","0","0011500000","0","0","0","11500000"
1140028181,"04",1,"9314","4521",3,"9",7,"0003000000","0025000000","0003000000","0025000000","0","0","3000000","25000000"
1140028187,"01",1,"9314","4521",3,"9",3,"0001750000","0013000000","0001750000","0013000000","0","0","1750000","13000000"
1140040011,"01",1,"2222","8031",1,"9",6,"0010800000","0131600000","0008486000","0100933000","0001260000","0018120000","9746000","119053000"
1140052093,"01",1,"7326","2698",3,"9",6,"0004120000","0054020000","0003241000","0038308934","0","0005200000","3241000","43508934"
1140052099,"01",1,"5220","5234",3,"7",6,"0004000000","0048000000","0004000000","0048000000","0","0","4000000","48000000"
1140092013,"01",1,"5123","7511",1,"9",6,"0003400000","0006800000","0003400000","0006800000","0","0","3400000","6800000"
1140052095,"01",1,"7126","4010",3,"10",6,"0004350000","0055700000","0004098000","0048711334","0","0004000000","4098000","52711334"
1140052100,"01",1,"3211","8031",1,"8",5,"0007380000","0090800000","0005569800","0066054000","0001080000","0015960000","6649800","82014000"
1140052100,"02",1,"2320","8021",1,"4",6,"0005800000","0071680000","0005222000","0061808800","0","0003000000","5222000","64808800"
1140092013,"05",1,"7233","5020",3,"10",6,"0001500000","0012000000","0001500000","0012000000","0","0","1500000","12000000"
1140092013,"06",1,"9314","4521",3,"9",4,"0002200000","0020000000","0002200000","0020000000","0","0","2200000","20000000"
1140092001,"01",1,"5122","8532",1,"9",7,"0005170000","0064570000","0004115567","0048941237","0000761667","0012140004","4877234","61081241"
1140092005,"01",1,"9152","8090",1,"10",6,"0004850000","0060930000","0004002167","0047770104","0000572000","0009864000","4574167","57634104"
1140092005,"03",1,"9314","4521",3,"9",2,"0001200000","0004500000","0001200000","0004500000","0","0","1200000","4500000"
1140092005,"04",1,"9314","4521",3,"9",4,"0002250000","0009500000","0002250000","0009500000","0","0","2250000","9500000"
1140092007,"01",1,"2331","8012",1,"5",6,"0003950000","0050130000","0003546500","0042238300","0","0003000000","3546500","45238300"
1140056124,"01",1,"5123","7512",1,"8",6,"0005200000","0066300000","0004903833","0058564496","0","0004200000","4903833","62764496"
1140004055,"01",1,"8262","1726",3,"10",6,"0004500000","0058700000","0003575667","0041579336","0000667333","0014107996","4243000","55687332"
1140004058,"01",1,"7111","2710",3,"10",6,"0005500000","0071300000","0004240000","0050224667","0000953333","0017439996","5193333","67664663"
1140004058,"02",1,"2320","8021",1,"5",6,"0005400000","0066800000","0004860000","0057378000","0","0003000000","4860000","60378000"
1140004052,"01",1,"6113","7511",1,"10",6,"0004080000","0051480000","0003841500","0045656600","0","0003000000","3841500","48656600"
1140016187,"01",1,"1429","8021",1,"6",6,"0008000000","0095900000","0007215000","0084669000","0","0003000000","7215000","87669000"
1140016191,"01",1,"3480","9193",3,"10",7,"0003500000","0044400000","0003292667","0038938004","0","0003000000","3292667","41938004"
1140016186,"01",1,"8212","4521",3,"9",5,"0005500000","0058000000","0004529000","0053776000","0","0001000000","4529000","54776000"
1140004066,"01",1,"8324","6023",3,"10",6,"0006500000","0075000000","0006500000","0075000000","0","0","6500000","75000000"
1140044210,"01",1,"5220","5129",3,"8",6,"0005000000","0068700000","0004717166","0056605992","0","0008700000","4717166","65305992"
1140044219,"01",1,"1429","9241",3,"4",5,"0002000000","0024000000","0002000000","0024000000","0","0","2000000","24000000"
1140064055,"04",1,"9314","4521",3,"9",4,"0002500000","0023000000","0002500000","0023000000","0","0","2500000","23000000"
1140068007,"01",1,"4190","7511",1,"8",6,"0004250000","0053750000","0003227500","0038538500","0000585000","0010020000","3812500","48558500"
1140068012,"03",1,"4134","2698",3,"9",6,"0003450000","0047150000","0003242800","0038676467","0","0006000000","3242800","44676467"
1140064061,"01",1,"9152","0128",3,"9",6,"0002000000","0024000000","0002000000","0024000000","0","0","2000000","24000000"
1140064065,"01",1,"9160","7511",3,"10",6,"0003460000","0046800000","0003245533","0038160664","0","0006100000","3245533","44260664"
1140080174,"01",1,"3435","8513",1,"8",6,"0007250000","0089550000","0006541500","0078015500","0","0003000000","6541500","81015500"
1140004062,"01",1,"8322","8031",3,"10",6,"0004380000","0057300000","0003752670","0043842034","0000381333","0010575996","4134003","54418030"
1140032111,"01",1,"2411","7512",1,"8",6,"0010800000","0131200000","0007758000","0091858000","0001980000","0026760000","9738000","118618000"
1140072012,"01",2,"9314","4521",3,NA,NA,"0","0009000000","0","0009000000","0","0","0","9000000"
1140072015,"01",1,"9314","4521",3,"9",5,"0003000000","0028000000","0003000000","0028000000","0","0","3000000","28000000"
1140072001,"01",2,"9314","4521",3,NA,NA,"0","0018000000","0","0018000000","0","0","0","18000000"
1140072005,"01",1,"6122","0126",3,"9",6,"0003450000","0047400000","0003241000","0038892000","0","0006000000","3241000","44892000"
1140032105,"01",1,"2230","8511",1,"9",6,"0005270000","0066040000","0004973067","0059488637","0","0003000000","4973067","62488637"
1140032105,"02",1,"3221","8511",1,"9",6,"0004900000","0061680000","0004407000","0052688800","0","0003000000","4407000","55688800"
1140084057,"01",1,"8324","6023",3,"9",4,"0010000000","0105000000","0010000000","0105000000","0","0","10000000","105000000"
1140084067,"03",1,"9314","4521",3,"9",5,"0003000000","0019500000","0003000000","0019500000","0","0","3000000","19500000"
1140084067,"04",1,"9314","4521",3,"9",5,"0002900000","0018000000","0002900000","0018000000","0","0","2900000","18000000"
1140084060,"04",1,"7136","4531",3,"9",5,"0004200000","0034000000","0004200000","0034000000","0","0","4200000","34000000"
1140084065,"01",1,"9314","4521",3,"9",5,"0008000000","0056000000","0008000000","0056000000","0","0","8000000","56000000"
1140020173,"04",2,"0112","7523",1,NA,NA,"0","0003000000","0","0003000000","0","0","0","3000000"
1140020170,"01",1,"7121","2811",3,"9",6,"0003500000","0045000000","0003286166","0039433992","0","0003000000","3286166","42433992"
1140008053,"03",1,"2320","8021",1,"5",6,"0047356000","0065760000","0004735600","0057306600","0","0003000000","4735600","60306600"
1140036119,"02",1,"2451","8031",1,"9",6,"0007680000","0057180000","0004233000","0050796000","0003180000","0003180000","7413000","53976000"
1140048108,"01",1,"2320","7511",1,"9",6,"0015630000","0152580000","0008521500","0102258000","0005880000","0035580000","14401500","137838000"
1140048108,"03",1,"2230","8511",1,"9",6,"0004290000","0033990000","0002531000","0030372000","0001590000","0001590000","4121000","31962000"
1140048103,"01",1,"2310","8031",1,"6",6,"0011180000","0099180000","0007548667","0090584004","0003180000","0003180000","10728667","93764004"
1140012156,"01",2,"7431","4522",3,NA,NA,"0","0024800000","0","0023330165","0","0","0","23330165"
1140012157,"03",1,"2320","8021",1,"5",6,"0008720000","0069660000","0004987400","0059848800","0003180000","0003180000","8167400","63028800"
1140024212,"03",1,"9314","4521",3,"9",3,"0001740000","0012000000","0001740000","0012000000","0","0","1740000","12000000"
1140024212,"04",1,"9314","4521",3,"9",3,"0001650000","0011400000","0001650000","0011400000","0","0","1650000","11400000"
1140024219,"01",1,"7124","2022",3,"10",6,"0003480000","0041760000","0003263600","0039163200","0","0","3263600","39163200"
1140024214,"01",1,"7212","4521",3,"10",6,"0011000000","0066000000","0004707667","0056492004","0006000000","0006000000","10707667","62492004"
1140096114,"01",2,"6111","0111",3,NA,NA,"0","0005000000","0","0005000000","0","0","0","5000000"
1140096114,"01",1,"9314","4521",3,"9",4,"0002000000","0014000000","0002000000","0014000000","0","0","2000000","14000000"
1140012163,"01",1,"1429","8021",1,"5",6,"0012180000","0111180000","0008115000","0097380000","0003180000","0003180000","11295000","100560000"
1140012163,"02",1,"2320","8021",1,"5",6,"0007680000","0057180000","0004046000","0048552000","0003180000","0003180000","7226000","51732000"
1140024207,"01",1,"4212","6512",1,"10",6,"0009160000","0074940000","0004022800","0048273600","0004530000","0019380000","8552800","67653600"
1140060008,"02",1,"9314","4521",3,"9",4,"0002400000","0026500000","0002400000","0026500000","0","0","2400000","26500000"
1140060010,"03",1,"5220","5222",3,"10",6,"0001500000","0020000000","0001500000","0018000000","0","0002000000","1500000","20000000"
1140096121,"04",1,"7414","1552",3,"9",6,"0010160000","0051960000","0003571666","0042859992","0006360000","0006360000","9931666","49219992"
1140096123,"01",1,"9314","4521",3,"9",5,"0004500000","0032000000","0004500000","0032000000","0","0","4500000","32000000"
1150069117,"01",1,"5122","8031",3,"08",6,"0005169300","0069232000","0004200000","0050400000","0000400000","0012000000","4600000","62400000"
1150069115,"01",2,"7126","4521",3,NA,NA,"0","0015000000","0","0015000000","0","0","0","15000000"
1150029015,"01",2,"9314","4521",3,NA,NA,"0","0010000000","0","0010000000","0","0","0","10000000"
1150029011,"01",1,"8141","2010",3,"08",7,"0002500000","0025000000","0002500000","0025000000","0","0","2500000","25000000"
1150029007,"01",1,"9314","4521",3,"08",7,"0001000000","0015000000","0001000000","0015000000","0","0","1000000","15000000"
1150065169,"01",1,"7133","4540",3,"08",6,"0004000000","0030000000","0004000000","0030000000","0","0","4000000","30000000"
1150065162,"01",1,"9314","4521",3,"08",5,"0002000000","0030000000","0002000000","0030000000","0","0","2000000","30000000"
1150073005,"01",1,"7224","2927",1,"08",6,"0005575000","0071700000","0004600000","0055200000","0000200000","0007200000","4800000","62400000"
1150073011,"01",1,"8332","4522",3,"08",6,"0003800000","0048200000","0003100000","0037200000","0000200000","0005000000","3300000","42200000"
1150073008,"01",1,"7214","4521",3,"08",6,"0003373000","0041872000","0002700000","0032400000","0000300000","0005000000","3000000","37400000"
1150073001,"01",1,"6113","7511",1,"08",6,"0003000000","0041880000","0002500000","0030000000","0000240000","0005880000","2740000","35880000"
1150021115,"01",1,"9314","4521",3,"08",7,"0002000000","0010000000","0002000000","0010000000","0","0","2000000","10000000"
1150021112,"01",1,"5162","7523",1,"12",7,"0004495000","0057940000","0003800000","0045600000","0","0004000000","3800000","49600000"
1150081112,"01",1,"9152","4522",3,"12",4,"0004548400","0060580800","0004000000","0048000000","0","0006000000","4000000","54000000"
1150033010,"01",1,"7133","4540",3,"10",6,"0002000000","0030000000","0002000000","0030000000","0","0","2000000","30000000"
1150033014,"01",1,"8332","4522",3,"10",7,"0002500000","0030000000","0002500000","0030000000","0","0","2500000","30000000"
1150033007,"01",1,"9314","4521",3,"08",7,"0000600000","0020000000","0000600000","0020000000","0","0","600000","20000000"
1150033007,"04",1,"9314","4521",3,"08",7,"0000300000","0005000000","0000300000","0005000000","0","0","300000","5000000"
1150041054,"01",1,"3435","7523",1,"08",6,"0004736200","0061834400","0003980000","0047760000","0","0005000000","3980000","52760000"
1150041063,"01",1,"9314","4521",3,"08",3,"0001800000","0024600000","0001800000","0024600000","0","0","1800000","24600000"
1150045006,"01",1,"3435","6411",1,"08",6,"0005267000","0066204000","0004600000","0055200000","0","0003000000","4600000","58200000"
1150085211,"02",1,"5220","5235",3,"09",6,"0001600000","0019500000","0001600000","0019500000","0","0","1600000","19500000"
1150005266,"01",1,"0111","7522",1,"10",6,"0008500000","0105000000","0006500000","0078000000","0001000000","0013000000","7500000","91000000"
1150077259,"01",1,"9314","4521",3,"08",7,"0004000000","0025000000","0004000000","0025000000","0","0","4000000","25000000"
1150077254,"01",1,"7126","4523",3,"08",4,"0001500000","0020000000","0001500000","0020000000","0","0","1500000","20000000"
1150077247,"01",2,"9314","4521",3,NA,NA,"0","0015000000","0","0015000000","0","0","0","15000000"
1150005269,"01",1,"8324","6023",3,"08",6,"0007000000","0087000000","0005800000","0069600000","0","0002000000","5800000","71600000"
1150005279,"01",1,"4211","6512",1,"08",6,"0005800000","0077600000","0004500000","0056000000","0000500000","0008000000","5000000","64000000"
1150005279,"02",1,"2320","8021",1,"06",2,"0003000000","0039000000","0002200000","0026400000","0","0003000000","2200000","29400000"
1150077256,"02",1,"7123","4521",3,"08",7,"0004000000","0030000000","0004000000","0030000000","0","0","4000000","30000000"
1150077256,"03",1,"9314","4521",3,"08",7,"0003000000","0020000000","0003000000","0020000000","0","0","3000000","20000000"
1150089106,"01",1,"2331","8012",1,"4",6,"0005322000","0062864000","0003800000","0045600000","0000800000","0005000000","4600000","50600000"
1150089112,"01",1,"9314","4521",3,"08",4,"0002600000","0018500000","0002600000","0018500000","0","0","2600000","18500000"
1150045014,"01",1,"2490","7530",1,"08",6,"0006013000","0089800000","0003500000","0055000000","0002000000","0029000000","5500000","84000000"
1150045010,"01",1,"7133","4540",3,"09",4,"0003000000","0039000000","0003000000","0039000000","0","0","3000000","39000000"
1150009262,"04",1,"7231","5020",3,"10",6,"0000500000","0006400000","0000500000","0006000000","0","0000400000","500000","6400000"
1150009259,"01",1,"7422","2023",3,"10",7,"0003646400","0047756800","0003180000","0038160000","0","0004000000","3180000","42160000"
1150009256,"01",1,"8324","6023",3,"08",7,"0005000000","0060000000","0005000000","0060000000","0","0","5000000","60000000"
1150017054,"03",2,"9314","4521",3,NA,NA,"0","0012000000","0","0012000000","0","0","0","12000000"
1150053011,"01",1,"1410","5141",1,"10",6,"0008340000","0104000000","0006500000","0079120000","0000800000","0012400000","7300000","91520000"
1150037187,"01",1,"2320","8021",1,"06",4,"0006830000","0086460000","0005800000","0069600000","0","0004500000","5800000","74100000"
1150037187,"02",1,"1429","8021",1,"06",6,"0007768000","0089300000","0006000000","0072000000","0000700000","0004500000","6700000","76500000"
1150017064,"01",1,"8112","2699",3,"09",6,"0002600000","0031200000","0002600000","0031200000","0","0","2600000","31200000"
1150061013,"04",1,"7133","4540",3,"08",3,"0004000000","0030000000","0004000000","0030000000","0","0","4000000","30000000"
1150061002,"01",1,"9333","9305",3,"08",6,"0002852700","0037232400","0002500000","0030000000","0","0003000000","2500000","33000000"
1150025054,"01",1,"3435","6512",1,"08",6,"0008935000","0095820000","0006500000","0078000000","0001200000","0003000000","7700000","81000000"
1150025061,"01",1,"9314","4521",3,"08",5,"0002500000","0015000000","0002500000","0015000000","0","0","2500000","15000000"
1150061006,"01",1,"7133","4540",3,"08",4,"0002000000","0010000000","0002000000","0010000000","0","0","2000000","10000000"
1150013067,"01",1,"4212","6512",1,"08",6,"0009428000","0111836000","0007500000","0090000000","0000800000","0008300000","8300000","98300000"
1150013067,"02",1,"2320","8021",1,"06",4,"0010365000","0083380000","0005500000","0066000000","0004000000","0007000000","9500000","73000000"
1150013063,"01",1,"5220","5233",3,"07",6,"0001600000","0019200000","0001600000","0019200000","0","0","1600000","19200000"
1150057110,"01",1,"3435","7513",1,"08",6,"0005197000","0064364000","0004000000","0048000000","0000500000","0008000000","4500000","56000000"
1150057110,"02",1,"2320","8021",1,"06",4,"0005045000","0065540000","0004300000","0051600000","0","0005000000","4300000","56600000"
1150057117,"01",1,"0111","7522",1,"08",6,"0007200000","0090400000","0005800000","0069600000","0000500000","0010000000","6300000","79600000"
1150057114,"01",1,"4190","7513",2,"08",6,"0005084000","0064008000","0004300000","0051600000","0000200000","0005400000","4500000","57000000"
1150049160,"01",1,"4190","7511",1,"08",6,"0004586700","0058036800","0004000000","0048000000","0","0003000000","4000000","51000000"
1150049173,"01",1,"5123","4020",1,"10",5,"0040140000","0054668000","0003500000","0042000000","0","0006500000","3500000","48500000"
1150049166,"01",1,"5220","5222",3,"06",6,"0003000000","0030000000","0003000000","0030000000","0","0","3000000","30000000"
1150001002,"01",1,"9314","4521",3,"08",4,"0002400000","0023000000","0002400000","0023000000","0","0","2400000","23000000"
1150001010,"01",1,"9152","4522",3,"10",7,"0005300000","0060750000","0003900000","0041000000","0000900000","0016600000","4800000","57600000"
1150001009,"01",1,"9314","4521",3,"08",3,"0001800000","0021600000","0001800000","0021600000","0","0","1800000","21600000"
1150049165,"01",1,"0111","7522",1,"08",6,"0004046000","0052552000","0003400000","0040800000","0","0004000000","3400000","44800000"
1150001006,"01",1,"9314","4521",3,"09",4,"0002000000","0022000000","0002000000","0022000000","0","0","2000000","22000000"
1150037188,"01",1,"7111","1410",3,"08",6,"0003991400","0052896800","0003500000","0042000000","0","0005000000","3500000","47000000"
1150078055,"01",1,"9314","4521",3,"08",2,"0001800000","0009000000","0001800000","0009000000","0","0","1800000","9000000"
1150078058,"01",1,"9314","4521",3,"08",2,"0001200000","0008000000","0001200000","0008000000","0","0","1200000","8000000"
1150078058,"04",1,"7133","4540",3,"08",4,"0003000000","0020000000","0003000000","0020000000","0","0","3000000","20000000"
1150078058,"05",1,"9314","4521",3,"08",4,"0001500000","0010000000","0001500000","0010000000","0","0","1500000","10000000"
1150078062,"01",2,"9314","4521",3,NA,NA,"0","0010000000","0","0010000000","0","0","0","10000000"
1150090162,"01",1,"8324","6023",3,"12",7,"0005010000","0060620000","0004500000","0054000000","0","0000500000","4500000","54500000"
1150010150,"06",1,"9314","4521",3,"08",7,"0002500000","0030000000","0002500000","0030000000","0","0","2500000","30000000"
1150010156,"01",1,"2320","8022",1,"08",4,"0005950000","0079400000","0005000000","0060000000","0","0005000000","5000000","65000000"
1150010159,"01",1,"8322","7498",3,"11",7,"0005221200","0065142800","0004573730","0054884760","0","0003000000","4573730","57884760"
1150078064,"01",1,"9314","4521",3,"08",3,"0003500000","0035000000","0003500000","0035000000","0","0","3500000","35000000"
1150014061,"03",1,"3113","3410",3,"10",6,"0006246000","0074952000","0005500000","0066000000","0","0","5500000","66000000"
1150026002,"01",1,"7133","4540",3,"8",6,"0005000000","0070000000","0005000000","0070000000","0","0","5000000","70000000"
1150026012,"01",1,"2320","8012",1,"6",4,"0008155000","0100860000","0007500000","0090000000","0","0003000000","7500000","93000000"
1150026012,"02",1,"2331","8012",1,"4",6,"0005950000","0074400000","0005000000","0060000000","0","0003000000","5000000","63000000"
1150026009,"01",1,"9314","7511",1,"8",7,"0005733000","0073996000","0005000000","0060000000","0","0005200000","5000000","65200000"
1150026013,"01",2,"7126","4521",3,NA,NA,"0","0009000000","0","0009000000","0","0","0","9000000"
1150026013,"03",2,"7133","4540",3,NA,NA,"0","0020000000","0","0020000000","0","0","0","20000000"
1150026013,"04",1,"7133","4540",3,"08",7,"0010000000","0030000000","0010000000","0030000000","0","0","10000000","30000000"
1150026013,"05",1,"7133","4540",3,"08",7,"0010000000","0030000000","0010000000","0030000000","0","0","10000000","30000000"
1150014060,"01",1,"8276","1542",3,"8",6,"0004233300","0056299600","0003700000","0044400000","0","0005500000","3700000","49900000"
1150014066,"01",1,"7324","2698",3,"8",6,"0006665100","0085481200","0005881000","0070572000","0","0005500000","5881000","76072000"
1150030189,"01",1,"4141","7498",3,"08",6,"0002500000","0034500000","0002500000","0030000000","0","0000500000","2500000","30500000"
1150030200,"01",1,"9314","4521",3,"08",7,"0002400000","0028800000","0002400000","0028800000","0","0","2400000","28800000"
1150030200,"03",1,"9314","4521",3,"08",7,"0003000000","0030000000","0003000000","0030000000","0","0","3000000","30000000"
1150086207,"01",1,"1410","8532",1,"8",6,"0006110000","0078520000","0005000000","0060000000","0000400000","0010000000","5400000","70000000"
1150086210,"01",1,"9314","4521",3,"8",4,"0002500000","0018000000","0002500000","0018000000","0","0","2500000","18000000"
1150030193,"01",1,"9314","4521",3,"08",7,"0001000000","0020000000","0001000000","0020000000","0","0","1000000","20000000"
1150022104,"01",1,"9314","4521",3,"08",7,"0004000000","0040000000","0004000000","0040000000","0","0","4000000","40000000"
1150022107,"01",1,"9314","4521",3,"08",7,"0003500000","0040000000","0003500000","0040000000","0","0","3500000","40000000"
1150022102,"01",1,"4222","6021",3,"18",4,"0005721200","0073654400","0005000000","0060000000","0","0005000000","5000000","65000000"
1150022113,"01",1,"9314","4521",3,"08",7,"0003000000","0030000000","0003000000","0030000000","0","0","3000000","30000000"
1150022113,"05",1,"9314","4521",3,"08",5,"0002000000","0025000000","0002000000","0025000000","0","0","2000000","25000000"
1150022112,"01",1,"9314","4521",3,"08",6,"0004000000","0025000000","0004000000","0025000000","0","0","4000000","25000000"
1150046214,"03",1,"4223","6421",1,"08",6,"0004014000","0052156000","0003500000","0042000000","0","0004000000","3500000","46000000"
1150046207,"02",1,"2131","6512",1,"08",6,"0006760000","0062120000","0004000000","0048000000","0002000000","0005000000","6000000","53000000"
1150046219,"01",2,"2142","4521",3,NA,NA,"0","0032000000","0","0032000000","0","0","0","32000000"
1150066299,"01",1,"9132","7498",3,"08",6,"0003451500","0044417500","0003010000","0036120000","0","0003000000","3010000","39120000"
1150066302,"01",1,"8152","2694",3,"08",6,"0003660000","0046920000","0003200000","0038400000","0","0003000000","3200000","41400000"
1150042201,"01",1,"2213","7513",1,"08",6,"0006973000","0087076000","0005400000","0064800000","0000800000","0013000000","6200000","77800000"
1150042197,"01",1,"8322","7513",1,"08",6,"0005970000","0069640000","0004800000","0057600000","0000500000","0004000000","5300000","61600000"
1150058064,"01",1,"7126","4521",3,"08",6,"0004500000","0036000000","0004500000","0036000000","0","0","4500000","36000000"
1150058069,"01",1,"9314","4521",3,"08",4,"0003000000","0024000000","0003000000","0024000000","0","0","3000000","24000000"
1150038003,"01",1,"2320","8021",1,"08",6,"0007440000","0090680000","0004800000","0057600000","0001800000","0023000000","6600000","80600000"
1150038008,"01",1,"2320","8021",1,"09",6,"0006485000","0057620000","0003700000","0044400000","0002100000","0005000000","5800000","49400000"
1150038014,"01",1,"0111","7522",1,"08",6,"0005984000","0072408000","0003600000","0043200000","0001700000","0021000000","5300000","64200000"
1150038010,"01",1,"0111","7522",1,"08",6,"0005070000","0063840000","0003000000","0036000000","0001500000","0021000000","4500000","57000000"
1150002055,"01",1,"7233","4010",1,"08",6,"0004840000","0062080000","0004500000","0054000000","0000200000","0004000000","4700000","58000000"
1150002055,"03",1,"7214","4521",3,"08",3,"0001400000","0005000000","0001400000","0005000000","0","0","1400000","5000000"
1150002055,"04",1,"5111","6021",3,"10",5,"0002000000","0020000000","0002000000","0020000000","0","0","2000000","20000000"
1150002057,"01",1,"8324","6023",3,"10",3,"0005000000","0060000000","0004200000","0050200000","0","0","4200000","50200000"
1150002060,"01",1,"9314","4521",3,"08",3,"0003000000","0015000000","0003000000","0015000000","0","0","3000000","15000000"
1150002060,"03",1,"7122","4540",3,"08",2,"0005000000","0030000000","0005000000","0030000000","0","0","5000000","30000000"
1150002060,"04",1,"7122","4540",3,"08",2,"0002000000","0008000000","0002000000","0008000000","0","0","2000000","8000000"
1150002060,"07",1,"7122","4540",3,"08",2,"0002000000","0005000000","0002000000","0005000000","0","0","2000000","5000000"
1150082101,"01",1,"2320","8021",1,"06",4,"0006095000","0077540000","0004900000","0058800000","0000300000","0008000000","5200000","66800000"
1150082112,"01",1,"2331","8012",1,"06",4,"0006015000","0076180000","0005100000","0061200000","0","0004000000","5100000","65200000"
1150082109,"01",1,"9314","4521",3,"08",2,"0001200000","0007000000","0001200000","0007000000","0","0","1200000","7000000"
1150082109,"03",1,"9314","4521",3,"08",2,"0001200000","0007000000","0001200000","0007000000","0","0","1200000","7000000"
1150082105,"04",1,"9314","4521",3,"08",2,"0001000000","0006000000","0001000000","0006000000","0","0","1000000","6000000"
1150062171,"01",1,"9314","4521",3,"09",4,"0001900000","0017000000","0001900000","0017000000","0","0","1900000","17000000"
1150070140,"01",1,"9152","8511",1,"12",3,"0005333000","0068996000","0004700000","0056400000","0","0005000000","4700000","61400000"
1150070140,"04",1,"9314","4521",3,"08",6,"0003500000","0025000000","0003500000","0025000000","0","0","3500000","25000000"
1150074063,"03",1,"9314","4521",3,"08",3,"0001800000","0012000000","0001800000","0012000000","0","0","1800000","12000000"
1150074063,"04",1,"9314","4521",3,"08",3,"0002200000","0020000000","0002200000","0020000000","0","0","2200000","20000000"
1150074056,"01",2,"9314","4521",3,NA,NA,"0","0003000000","0","0003000000","0","0","0","3000000"
1150074049,"01",1,"7214","4521",3,"08",3,"0003000000","0030000000","0003000000","0030000000","0","0","3000000","30000000"
1150074054,"01",1,"9314","4521",3,"08",3,"0002500000","0015000000","0002500000","0015000000","0","0","2500000","15000000"
1150006054,"03",1,"0112","7522",1,"12",7,"0000385000","0004620000","0000350000","0004200000","0","0","350000","4200000"
1150006061,"01",1,"8323","6421",1,"8",6,"0006833300","0084000000","0006000000","0072000000","0","0003000000","6000000","75000000"
1150066296,"01",1,"7214","4521",3,"08",3,"0005000000","0025000000","0005000000","0025000000","0","0","5000000","25000000"
1150066290,"01",1,"9132","2694",3,"10",6,"0003860000","0048920000","0003200000","0038400000","0000200000","0005000000","3400000","43400000"
1150066290,"03",1,"9314","4521",3,"08",2,"0001500000","0010000000","0001500000","0010000000","0","0","1500000","10000000"
1150054002,"01",1,"3211","8511",1,"12",6,"0005136700","0061640000","0004500000","0054000000","0","0003000000","4500000","57000000"
1150054002,"02",1,"2432","8511",1,"8",6,"0004806700","0057680000","0004200000","0050400000","0","0003000000","4200000","53400000"
1150050156,"01",1,"9132","7513",1,"8",6,"0006063300","0076750000","0005300000","0063600000","0","0004000000","5300000","67600000"
1150050153,"01",1,"9132","8511",3,"8",7,"0005736700","0066640400","0004500000","0054000000","0000600000","0005000000","5100000","59000000"
1150018004,"01",1,"7501","1724",3,"06",4,"0001920000","0023640000","0001920000","0023040000","0","0000600000","1920000","23640000"
1150043100,"04",1,"2320","8021",1,"6",6,"0004715000","0059580000","0004000000","0048000000","0","0003000000","4000000","51000000"
1150043104,"01",1,"3211","8513",1,"8",6,"0006764000","0086160000","0006000000","0072000000","0","0005000000","6000000","77000000"
1150043104,"02",1,"2320","8012",1,"4",6,"0004670000","0059040000","0004000000","0048000000","0","0003000000","4000000","51000000"
1150003057,"01",2,"9314","4521",3,NA,NA,"0","0007000000","0","0007000000","0","0","0","7000000"
1150003061,"01",1,"9211","0111",3,"08",6,"0004291400","0056696800","0003500000","0042000000","0000300000","0008800000","3800000","50800000"
1150043105,"01",1,"2431","7512",1,"8",6,"0005113000","0064360000","0004500000","0054000000","0","0003000000","4500000","57000000"
1150043105,"02",1,"2431","7512",1,"8",6,"0004430000","0056160000","0003900000","0046800000","0","0003000000","3900000","49800000"
1150043108,"01",1,"2310","8032",1,"6",2,"0001600000","0014800000","0001200000","0014400000","0000400000","0000400000","1600000","14800000"
1150043108,"01",1,"4190","8031",1,"8",4,"0004407000","0055880000","0003900000","0046800000","0","0003000000","3900000","49800000"
1150063108,"02",1,"9314","4521",3,"08",3,"0002000000","0012000000","0002000000","0012000000","0","0","2000000","12000000"
1150063108,"03",1,"9314","4521",3,"08",2,"0001200000","0008000000","0001200000","0008000000","0","0","1200000","8000000"
1150063108,"04",1,"9314","4521",3,"08",2,"0001000000","0009000000","0001000000","0009000000","0","0","1000000","9000000"
1150063105,"03",1,"9314","4521",3,"08",2,"0002000000","0015000000","0002000000","0015000000","0","0","2000000","15000000"
1150063117,"01",1,"9314","4521",3,"08",5,"0003000000","0022000000","0003000000","0022000000","0","0","3000000","22000000"
1150063112,"01",1,"7126","4521",3,"08",3,"0004000000","0030000000","0004000000","0030000000","0","0","4000000","30000000"
1150063112,"03",1,"9314","4521",3,"08",3,"0002500000","0017000000","0002500000","0017000000","0","0","2500000","17000000"
1150063112,"04",1,"9314","4521",3,"08",2,"0001500000","0010000000","0001500000","0010000000","0","0","1500000","10000000"
1150087155,"01",1,"5162","7523",1,"08",6,"0004515000","0057580000","0003800000","0045600000","0000400000","0008200000","4200000","53800000"
1150091002,"01",1,"2320","8021",1,"06",4,"0006500000","0083780000","0005000000","0060000000","0000700000","0014000000","5700000","74000000"
1150091006,"01",1,"9152","7492",3,"8",2,"0004392000","0056704000","0003500000","0042000000","0000400000","0004000000","3900000","46000000"
1150091009,"03",1,"8324","6023",3,"08",5,"0004500000","0055897000","0003500000","0042000000","0000500000","0008000000","4000000","50000000"
1150091011,"01",1,"8332","7513",1,"10",7,"0006760000","0072120000","0004000000","0048000000","0002000000","0015000000","6000000","63000000"
1150091013,"01",1,"0111","7522",1,"08",6,"0005500000","0070540000","0004300000","0051600000","0000400000","0010000000","4700000","61600000"
1150007117,"01",1,"2331","8012",1,"06",6,"0007050000","0087600000","0006000000","0072000000","0","0003000000","6000000","75000000"
1150007117,"02",1,"2320","8021",1,"06",4,"0005860000","0073320000","0005000000","0060000000","0","0003000000","5000000","63000000"
1150007107,"01",1,"8322","8513",1,"08",6,"0005310000","0066720000","0004500000","0054000000","0","0003000000","4500000","57000000"
1150007114,"01",1,"1429","8012",1,"06",6,"0009183000","0113196000","0007800000","0093600000","0","0003000000","7800000","96600000"
1150031115,"01",1,"7122","4521",3,"08",7,"0010000000","0060000000","0010000000","0060000000","0","0","10000000","60000000"
1150031116,"03",1,"3122","4522",3,"08",7,"0003000000","0036000000","0003000000","0036000000","0","0","3000000","36000000"
1150031116,"04",2,"7137","4522",3,NA,NA,"0","0030000000","0","0030000000","0","0","0","30000000"
1150031119,"06",1,"9314","4521",3,"08",5,"0002500000","0040000000","0002500000","0040000000","0","0","2500000","40000000"
1150031124,"01",1,"9314","4521",3,"08",7,"0003000000","0040000000","0003000000","0040000000","0","0","3000000","40000000"
1150075094,"01",1,"9314","4521",3,"08",5,"0001500000","0015000000","0001500000","0015000000","0","0","1500000","15000000"
1150075097,"01",1,"7126","4521",3,"08",7,"0004000000","0030000000","0004000000","0030000000","0","0","4000000","30000000"
1150075100,"01",1,"9314","4521",3,"08",7,"0003000000","0025000000","0003000000","0025000000","0","0","3000000","25000000"
1150075100,"03",1,"8324","6023",3,"08",7,"0004500000","0054000000","0004500000","0054000000","0","0","4500000","54000000"
1150075092,"01",1,"9314","4521",3,"08",7,"0004000000","0040000000","0004000000","0040000000","0","0","4000000","40000000"
1150055196,"03",2,"9314","4521",3,NA,NA,"0","0005000000","0","0005000000","0","0","0","5000000"
1150075104,"01",1,"9314","4521",3,"08",7,"0002000000","0020000000","0002000000","0020000000","0","0","2000000","20000000"
1150055200,"01",1,"5163","7523",1,"08",6,"0005315000","0066580000","0004000000","0048000000","0000600000","0010000000","4600000","58000000"
1150055205,"01",1,"9314","4521",3,"08",3,"0001000000","0015000000","0001000000","0015000000","0","0","1000000","15000000"
1150023143,"01",1,"5220","5234",3,"08",6,"0003500000","0042000000","0003500000","0042000000","0","0","3500000","42000000"
1150023145,"01",1,"7113","2696",3,"13",6,"0003347500","0043170000","0003200000","0038400000","0","0003000000","3200000","41400000"
1150023152,"01",1,"7137","4532",3,"10",7,"0003000000","0040000000","0003000000","0040000000","0","0","3000000","40000000"
1150023156,"01",1,"9152","1544",3,"13",7,"0003998000","0053970000","0003500000","0042000000","0","0006000000","3500000","48000000"
1150023156,"04",1,"9314","4521",3,"05",7,"0002500000","0025000000","0002500000","0025000000","0","0","2500000","25000000"
1150071163,"01",1,"2320","8021",1,"07",5,"0008055000","0095660000","0006500000","0078000000","0000500000","0005000000","7000000","83000000"
1150071163,"02",1,"2320","8021",1,"04",4,"0004695000","0055340000","0003800000","0045600000","0000200000","0005000000","4000000","50600000"
1150055204,"03",1,"8333","1555",3,"08",6,"0003973000","0048676000","0003030000","0036360000","0000500000","0007000000","3530000","43360000"
1150023149,"01",1,"9314","4521",3,"08",7,"0003000000","0015000000","0003000000","0015000000","0","0","3000000","15000000"
1150071173,"03",1,"7133","4540",3,"08",3,"0002500000","0020000000","0002500000","0020000000","0","0","2500000","20000000"
1150047001,"01",1,"2213","7513",1,"08",6,"0005673400","0072080800","0005100000","0061200000","0","0004000000","5100000","65200000"
1150047012,"01",1,"1410","7513",1,"08",6,"0007897000","0087760000","0006100000","0073200000","0001000000","0005000000","7100000","78200000"
1150047006,"01",1,"3435","7513",1,"08",6,"0008106700","0100270000","0007200000","0086400000","0","0003000000","7200000","89400000"
1150047009,"02",1,"2213","7513",1,"08",6,"0004320000","0054840000","0003800000","0025200000","0","0003000000","3800000","28200000"
1150047014,"01",1,"2142","7513",1,"08",6,"0005585000","0067020000","0004950000","0059400000","0","0003000000","4950000","62400000"
1150067001,"01",1,"7126","4521",3,"08",5,"0005000000","0030000000","0005000000","0030000000","0","0","5000000","30000000"
1150067010,"03",1,"9314","4521",3,"08",2,"0002000000","0008000000","0002000000","0008000000","0","0","2000000","8000000"
1150067014,"01",1,"3435","7522",1,"08",6,"0005783300","0069400000","0004200000","0050400000","0001000000","0012000000","5200000","62400000"
1150067014,"02",1,"2331","8012",1,"06",4,"0004915000","0072600000","0004000000","0048000000","0000200000","0003200000","4200000","51200000"
1150019154,"01",1,"1422","7511",1,"09",6,"0007956700","0103480000","0007000000","0084000000","0","0008000000","7000000","92000000"
1150019154,"02",1,"2445","7512",1,"08",6,"0005246700","0065960000","0004600000","0055200000","0","0003000000","4600000","58200000"
1150019159,"03",1,"2230","8511",1,"12",7,"0005586700","0059040000","0004000000","0048000000","0001000000","0004000000","5000000","52000000"
1150027003,"01",1,"7113","2696",3,"10",7,"0003997500","0047969600","0003500000","0042000000","0","0","3500000","42000000"
1150027003,"03",1,"9314","4521",3,"08",6,"0003000000","0030000000","0003000000","0030000000","0","0","3000000","30000000"
1150027008,"01",1,"7214","4521",3,"10",7,"0002500000","0030000000","0002500000","0030000000","0","0","2500000","30000000"
1150019162,"04",1,"2310","8031",3,"04",1,"0000700000","0008400000","0000700000","0008400000","0","0","700000","8400000"
1150027012,"03",1,"7417","1545",3,"08",6,"0003380000","0040560000","0003380000","0040560000","0","0","3380000","40560000"
1150027014,"01",1,"9333","9305",3,"10",7,"0003000000","0030000000","0003000000","0030000000","0","0","3000000","30000000"
1150059217,"01",1,"9152","7511",1,"08",6,"0005000000","0059000000","0003900000","0046800000","0000500000","0005000000","4400000","51800000"
1150059225,"01",1,"4134","5141",1,"08",6,"0007810000","0097720000","0006000000","0072000000","0001000000","0016000000","7000000","88000000"
1150079255,"01",2,"9314","4521",3,NA,NA,"0","0005000000","0","0005000000","0","0","0","5000000"
1150079255,"01",1,"7231","5020",3,"08",6,"0001000000","0003000000","0001000000","0003000000","0","0","1000000","3000000"
1150079252,"01",1,"5162","7523",1,"2",3,"0005310000","0065320000","0004400000","0052800000","0000200000","0004000000","4600000","56800000"
1150079257,"01",2,"9314","4521",3,NA,NA,"0","0010000000","0","0010000000","0","0","0","10000000"
1150079265,"01",1,"4190","7511",3,"3",4,"0000500000","0016000000","0000500000","0006000000","0","0010000000","500000","16000000"
1150079265,"04",2,"9314","4521",3,NA,NA,"0","0008000000","0","0008000000","0","0","0","8000000"
1150015164,"01",1,"9333","9305",3,"10",7,"0004147500","0049770000","0004000000","0048000000","0","0","4000000","48000000"
1150015170,"01",1,"2320","8021",1,"6",4,"0005950000","0074400000","0005000000","0060000000","0","0003000000","5000000","63000000"
1150039106,"01",2,"9314","4521",3,NA,NA,"0","0036000000","0","0036000000","0","0","0","36000000"
1150039108,"01",1,"7126","4521",3,"08",6,"0005000000","0060000000","0005000000","0060000000","0","0","5000000","60000000"
1150039119,"01",1,"9152","6512",1,"08",6,"0006103300","0076239600","0005400000","0064800000","0","0004000000","5400000","68800000"
1150051166,"01",1,"2320","8021",1,"06",4,"0005265000","0066180000","0004500000","0054000000","0","0003000000","4500000","57000000"
1150011199,"01",1,"1429","8021",1,"7",6,"0007005000","0087060000","0006500000","0072000000","0","0003000000","6500000","75000000"
1150039114,"02",1,"7137","4532",3,"8",6,"0004500000","0054000000","0004500000","0054000000","0","0","4500000","54000000"
1150011199,"02",1,"2320","8021",1,"8",6,"0007490000","0092880000","0006400000","0076800000","0","0003000000","6400000","79800000"
1150035001,"01",1,"9314","4521",3,"08",6,"0003000000","0036000000","0003000000","0036000000","0","0","3000000","36000000"
1150011202,"01",1,"7417","1545",3,"12",6,"0005113300","0061360000","0004500000","0054000000","0","0001000000","4500000","55000000"
1150011202,"03",1,"7417","1545",3,"12",6,"0003990000","0047880000","0003500000","0042000000","0","0001000000","3500000","43000000"
1150011206,"01",1,"2320","8021",1,"06",4,"0009558000","0117696000","0008280000","0099360000","0","0003000000","8280000","102360000"
1150011206,"02",1,"2320","8021",1,"06",4,"0007314000","0090768000","0006240000","0074880000","0","0003000000","6240000","77880000"
1150011211,"01",1,"5162","3410",3,"10",7,"0004767500","0062710000","0004200000","0050400000","0","0005500000","4200000","55900000"
1150035001,"03",1,"9314","4521",3,"08",4,"0002400000","0048800000","0002400000","0028800000","0","0","2400000","28800000"
1150035001,"04",1,"9314","4521",3,"08",4,"0002400000","0028800000","0002400000","0028800000","0","0","2400000","28800000"
1150035004,"03",1,"9314","4521",3,"08",4,"0002250000","0027000000","0002250000","0027000000","0","0","2250000","27000000"
1150083210,"03",1,"9314","4521",3,"08",4,"0003000000","0022000000","0003000000","0022000000","0","0","3000000","22000000"
1150083212,"01",1,"7136","4531",3,"08",6,"0003500000","0042000000","0003500000","0042000000","0","0","3500000","42000000"
1150083216,"01",2,"9314","4521",3,NA,NA,"0","0005000000","0","0005000000","0","0","0","5000000"
1150083219,"03",1,"9314","4521",3,"08",4,"0002500000","0020000000","0002500000","0020000000","0","0","2500000","20000000"
1150035015,"01",1,"9314","4521",3,"08",5,"0003000000","0035000000","0003000000","0035000000","0","0","3000000","35000000"
1150028062,"01",1,"9314","4521",3,"08",7,"0004000000","0015000000","0004000000","0015000000","0","0","4000000","15000000"
1150080113,"01",1,"2320","8021",1,"06",4,"0007180000","0089160000","0006200000","0074400000","0","0003500000","6200000","77900000"
1150080120,"01",1,"8332","7511",1,"08",7,"0067587000","0087104000","0006000000","0072000000","0","0006000000","6000000","78000000"
1150080122,"03",1,"2310","8031",3,"10",7,"0005000000","0060000000","0005000000","0060000000","0","0","5000000","60000000"
1150028059,"01",2,"7422","2023",3,NA,NA,"0","0040000000","0","0040000000","0","0","0","40000000"
1150088211,"01",1,"3211","8513",1,"08",6,"0004311400","0054536800","0003700000","0044400000","0000100000","0004000000","3800000","48400000"
1150088211,"02",1,"3211","8513",1,"08",6,"0006030000","0076160000","0005200000","0062400000","0000100000","0005000000","5300000","67400000"
1150088198,"01",2,"9314","4521",3,NA,NA,"0","0005000000","0","0005000000","0","0","0","5000000"
1150092152,"03",1,"9314","4521",3,"08",3,"0001400000","0010000000","0001400000","0010000000","0","0","1400000","10000000"
1150092152,"04",2,"9314","4521",3,NA,NA,"0","0005000000","0","0005000000","0","0","0","5000000"
1150092146,"01",1,"9314","4521",3,"08",2,"0001000000","0015000000","0001000000","0015000000","0","0","1000000","15000000"
1150092148,"01",1,"9314","4521",3,"08",2,"0001400000","0020000000","0001400000","0020000000","0","0","1400000","20000000"
1150092156,"03",2,"9314","4521",3,NA,NA,"0","0006000000","0","0006000000","0","0","0","6000000"
1150092143,"05",1,"7137","4532",3,"08",2,"0001500000","0015000000","0001500000","0015000000","0","0","1500000","15000000"
1150060003,"04",1,"9314","4521",3,"08",2,"0001200000","0010000000","0001200000","0010000000","0","0","1200000","10000000"
1150060004,"01",2,"9314","4521",3,NA,NA,"0","0003500000","0","0003500000","0","0","0","3500000"
1150060004,"03",2,"9314","4521",3,NA,NA,"0","0002000000","0","0002000000","0","0","0","2000000"
1150060004,"04",2,"9314","4521",3,NA,NA,"0","0002000000","0","0002000000","0","0","0","2000000"
1150060004,"05",2,"9314","4521",3,NA,NA,"0","0002000000","0","0002000000","0","0","0","2000000"
1150060013,"01",1,"2331","8012",1,"06",4,"0006415000","0076180000","0005100000","0061200000","0000400000","0004000000","5500000","65200000"
1150016056,"01",1,"1410","6603",3,"10",6,"0005000000","0060000000","0005000000","0060000000","0","0","5000000","60000000"
1150016050,"01",1,"2320","8012",1,"06",4,"0005770000","0072240000","0005000000","0060000000","0","0003000000","5000000","63000000"
1150016050,"02",1,"2230","8012",1,"06",5,"0005770000","0072240000","0005000000","0060000000","0","0003000000","5000000","63000000"
1150016051,"01",1,"2310","8031",1,"10",7,"0009033300","0160200000","0008000000","0150000000","0","0006000000","8000000","156000000"
1150024005,"01",1,"8132","2697",3,"12",6,"0003000000","0036000000","0003000000","0036000000","0","0","3000000","36000000"
1150068207,"01",1,"7245","2694",3,"08",6,"0005846000","0067752000","0004500000","0054000000","0000700000","0006000000","5200000","60000000"
1150068201,"04",1,"7113","2696",3,"08",6,"0004861400","0060436800","0004200000","0050400000","0000100000","0003300000","4300000","53700000"
1150068209,"01",1,"3113","2694",3,"10",6,"0009000000","0118000000","0007500000","0090000000","0000500000","0010000000","8000000","100000000"
1150008052,"03",1,"9314","4521",3,"07",7,"0003000000","0030000000","0003000000","0030000000","0","0","3000000","30000000"
1150008052,"04",1,"7245","7498",3,"07",7,"0004500000","0050000000","0004500000","0050000000","0","0","4500000","50000000"
1150064105,"01",1,"9132","7511",1,"08",6,"0004200000","0053400000","0003500000","0042000000","0000200000","0005000000","3700000","47000000"
1150064108,"01",1,"1100","7523",3,"05",4,"0000500000","0002800000","0000500000","0002800000","0","0","500000","2800000"
1150064108,"02",1,"1429","8012",1,"06",6,"0006000000","0071000000","0004700000","0056400000","0000500000","0005000000","5200000","61400000"
1150064113,"04",1,"7417","1545",3,"10",6,"0004000000","0050000000","0004000000","0048000000","0","0002000000","4000000","50000000"
1150008063,"01",2,"8332","4522",3,NA,NA,"0","0030000000","0","0030000000","0","0","0","30000000"
1150024015,"01",1,"9314","4521",3,"08",7,"0002500000","0030000000","0002500000","0030000000","0","0","2500000","30000000"
1150020099,"01",1,"9141","9305",1,"8",7,"0005663000","0071460000","0005000000","0060000000","0","0003500000","5000000","63500000"
1150032185,"01",1,"3431","8031",1,"09",5,"0005113300","0065360000","0004500000","0054000000","0","0004000000","4500000","58000000"
1150032188,"01",1,"9314","4521",3,"12",7,"0004000000","0048000000","0004000000","0048000000","0","0","4000000","48000000"
1150032198,"01",1,"7221","2811",3,"08",6,"0003500000","0042000000","0003500000","0042000000","0","0","3500000","42000000"
1150012173,"01",1,"4212","6513",3,"8",6,"0009283000","0076416000","0005400000","0064800000","0003180000","0003180000","8580000","67980000"
1150084158,"01",1,"7124","2022",3,"8",6,"0003500000","0042000000","0003500000","0042000000","0","0","3500000","42000000"
1150084154,"04",1,"9152","7498",3,"8",6,"0006991400","0050896800","0003500000","0042000000","0003000000","0003000000","6500000","45000000"
1150084164,"01",1,"9314","4521",3,"7",6,"0003000000","0036000000","0003000000","0036000000","0","0","3000000","36000000"
1150076215,"01",1,"3211","8513",1,"8",6,"0007318000","0091316000","0006500000","0078000000","0","0003500000","6500000","81500000"
1150076217,"01",1,"8324","7523",1,"18",4,"0056680000","0071016000","0005000000","0060000000","0","0003000000","5000000","63000000"
1150076227,"01",1,"9152","8090",1,"18",3,"0047150000","0061580000","0004000000","0048000000","0","0005000000","4000000","53000000"
1150052053,"01",1,"2411","5141",1,"8",6,"0007960000","0088520000","0006000000","0072000000","0001000000","0005000000","7000000","77000000"
1150052055,"01",1,"4141","6512",1,"8",6,"0007510000","0090120000","0006500000","0078000000","0","0005000000","6500000","83000000"
1150056193,"01",1,"8322","6022",3,"8",6,"0003000000","0036000000","0003000000","0036000000","0","0","3000000","36000000"
1150056196,"07",1,"2331","8012",1,"4",6,"0004275000","0054300000","0003600000","0043200000","0","0003000000","3600000","46200000"
1150076222,"01",1,"9314","4521",3,"8",7,"0004000000","0050000000","0004000000","0050000000","00","0","4000000","50000000"
1150040051,"01",1,"8322","7511",1,"08",6,"0003936400","0051236800","0003450000","0041400000","0","0004000000","3450000","45400000"
1150052065,"01",1,"8322","6720",3,"8",6,"0004563000","0058760000","0004000000","0048000000","0","0004000000","4000000","52000000"
1150052057,"02",1,"5220","5229",3,"10",6,"0002500000","0030000000","0002500000","0030000000","0","0","2500000","30000000"
1150040056,"03",1,"3431","8031",1,"08",6,"0004571400","0087496800","0004000000","0048000000","0","0030000000","4000000","78000000"
1150040063,"01",1,"3435","7530",1,"08",6,"0007384000","0098600000","0006500000","0078000000","0","0010000000","6500000","88000000"
1150004193,"01",1,"7126","4521",3,"8",4,"0005000000","0050000000","0005000000","0050000000","0","0","5000000","50000000"
1150032195,"01",1,"8324","6023",3,"12",4,"0011500000","0060000000","0005000000","0060000000","0006500000","0","11500000","60000000"
1150036011,"01",1,"8322","6022",3,"9",6,"0004500000","0054000000","0004500000","0054000000","0","0","4500000","54000000"
1150036014,"01",1,"2331","8012",1,"08",6,"0008445000","0066360000","0004500000","0054000000","0003180000","0003180000","7680000","57180000"
1150064111,"03",2,"9314","4521",3,NA,NA,"0","0004000000","0","0004000000","0","0","0","4000000"
1150064111,"04",2,"9314","4521",3,NA,NA,"0","0004000000","0","0004000000","0","0","0","4000000"
1150044191,"01",1,"9314","4521",3,"8",5,"0003500000","0042000000","0003500000","0042000000","0","0","3500000","42000000"
1150048106,"01",1,"9132","7498",1,"8",6,"0009639400","0049672800","0003180000","0038160000","0006000000","0006000000","9180000","44160000"
1160025005,"01",1,"9141","8021",1,"6",6,"0006346788","0079161456","0005746788","0068961456",NA,"0003000000","5746788","71961456"
1160029010,"03",1,"4134","7421",3,"8",6,"0003400000","0010200000","0003400000","0010200000","0","0","3400000","10200000"
1160029010,"04",1,"2142","7414",3,"8",6,"0004000000","0012000000","0004000000","0012000000","0","0","4000000","12000000"
1160053055,"01",1,"2320","8021",1,"6",4,"0007030000","0087360000","0006297300","0075567600","0","0003000000","6297300","78567600"
1160053063,"01",1,"9314","4521",3,"08",6,"0003000000","0036000000","0003000000","0036000000","0","0","3000000","36000000"
1160081011,"01",1,"9132","4100",1,"8",6,"0005700000","0068400000","0004250000","0051000000","0000600000","0009000000","4850000","60000000"
1160081015,"03",1,"8322","6022",3,"7",6,"0002500000","0030000000","0002500000","0030000000","0","0","2500000","30000000"
1160081008,"03",1,"9314","4531",3,"8",5,"0003700000","0044400000","0003700000","0044400000","0","0","3700000","44400000"
1160081008,"04",1,"9314","4521",3,"7",6,"0004500000","0005400000","0004500000","0005400000","0","0","4500000","5400000"
1160081008,"05",1,"8322","6022",3,"7",6,"0006000000","0072000000","0006000000","0072000000","0","0","6000000","72000000"
1160081003,"04",1,"0111","7522",1,"6",6,"0006500000","0078000000","0004059000","0048708000","0001700000","0025100000","5759000","73808000"
1160029009,"01",1,"8324","1110",3,"10",6,"0006900000","0082200000","0006500000","0072000000","0","0003000000","6500000","75000000"
1160053060,"01",1,"1410","7511",1,"8",6,"0005000000","0064000000","0004700000","0056400000","0","0004000000","4700000","60400000"
1160061151,"01",1,"9152","4100",1,"8",6,"0005000000","0063000000","0004453334","0053440008","0","0003000000","4453334","56440008"
1160017245,"04",1,"9314","4521",3,"8",5,"0002000000","0024000000","0002000000","0024000000","0","0","2000000","24000000"
1160033013,"03",1,"9314","4521",3,"8",6,"0003000000","0036000000","0003000000","0036000000",NA,NA,"3000000","36000000"
1160033013,"04",1,"9314","4521",3,"8",6,"0002000000","0012000000","0002000000","0012000000",NA,NA,"2000000","12000000"
1160033011,"01",1,"3227","8031",1,"7",6,"0004950000","0084400000","0004500000","0054000000","0","0025000000","4500000","79000000"
1160069003,"01",1,"8322","6023",3,"12",7,"0004000000","0048000000","0004000000","0048000000",NA,NA,"4000000","48000000"
1160069006,"01",1,"9314","4521",3,"9",6,"0003000000","0036000000","0003000000","0036000000",NA,NA,"3000000","36000000"
1160069011,"03",1,"2411","8032",1,"4",6,"0001200000","0014400000","0001200000","0014400000","0","0","1200000","14400000"
1160069011,"06",1,"2320","8021",1,"6",4,"0005700000","0068400000","0004900000","0053900000","0","0006000000","4900000","59900000"
1160093004,"01",1,"2320","8021",1,"3",6,"0008250000","0099000000","0007270000","0087240000",NA,"0003575000","7270000","90815000"
1160017247,"01",1,"9132","0123",3,"8",6,"0004000000","0053000000","0003850000","0046200000","0","0005000000","3850000","51200000"
1160065299,"01",1,"5162","7523",1,"8",6,"0007775251","0096303012","0007303047","0087636564","0","0003000000","7303047","90636564"
1160001051,"01",2,"9314","4521",3,NA,NA,"0","0031500000","0","0031500000","0","0","0","31500000"
1160001055,"05",1,"5111","6021",3,"10",6,"0003000000","0036000000","0003000000","0036000000","0","0","3000000","36000000"
1160001056,"01",1,"9152","5146",3,"10",5,"0004500000","0058500000","0004185000","0050220000","0","0004500000","4185000","54720000"
1160049171,"01",1,"9314","4521",3,"10",7,"0045000000","0045000000","0004500000","0045000000","0","0","4500000","45000000"
1160049171,"02",1,"4115","4521",3,"5",5,"0000900000","0010800000","0000900000","0010800000","0","0","900000","10800000"
1160049171,"03",1,"4190","7512",1,"4",6,"0000500000","0006000000","0000500000","0006000000","0","0","500000","6000000"
1160049172,"01",1,"8161","4010",1,"8",6,"0007903024","0087836288","0005366752","0066401024","0001500000","0015000000","6866752","81401024"
1160049176,"02",1,"7137","4532",3,"5",4,"0001500000","0018000000","0001500000","0018000000","0","0","1500000","18000000"
1160005009,"01",1,"4111","7523",1,"8",6,"0004670000","0073040000","0004319100","0051829200","0","0016500000","4319100","68329200"
1160037010,"03",1,"0111","7522",3,"6",3,"0000500000","0006000000","0000500000","0006000000","0","0","500000","6000000"
1160037010,"04",1,"9152","5146",3,"10",5,"0004000000","0052000000","0003720000","0044640000","0","0004000000","3720000","48640000"
1160037010,"05",2,"9314","4521",3,NA,NA,"0","0022500000","0","0022500000","0","0","0","22500000"
1160037009,"01",1,"0111","7523",1,"8",6,"0007245554","0089446648","0006647742","0079772904","0","0002500000","6647742","82272904"
1160037014,"01",1,"8324","6023",3,"8",6,"0005000000","0060000000","0005000000","0060000000","0","0","5000000","60000000"
1160037014,"03",1,"8324","6023",3,"8",6,"0005000000","0020000000","0005000000","0020000000","0","0","5000000","20000000"
1160037014,"04",1,"0112","7522",3,"8",7,"0000320000","0001280000","0000320000","0001280000","0","0","320000","1280000"
1160037004,"01",1,"3421","5010",3,"8",5,"0003500000","0028000000","0003500000","0028000000","0","0","3500000","28000000"
1160041005,"01",1,"3439","7523",1,"08",6,"0003500000","0042000000","0003500000","0042000000","0","0","3500000","42000000"
1160041011,"01",1,"0111","7522",1,"18",2,"0007400000","0091800000","0006734000","0080808000","0","0003000000","6734000","83808000"
1160041003,"02",1,"3431","7512",1,"08",6,"0003450000","0044400000","0003208500","0038502000","0","0003000000","3208500","41502000"
1160041013,"01",1,"0111","7522",1,"8",6,"0006600000","0082200000","0006006000","0072072000","0","0003000000","6006000","75072000"
1160053067,"01",2,"9314","4521",3,NA,NA,"0","0007200000","0","0007200000","0","0","0","7200000"
1160085105,"01",1,"9333","6023",3,"7",6,"0003000000","0021000000","0003000000","0021000000",NA,NA,"3000000","21000000"
1160057065,"01",1,"9314","4521",3,"8",4,"0002500000","0030000000","0002500000","0030000000","0","0","2500000","30000000"
1160057068,"03",1,"9314","4521",3,"10",6,"0003030000","0036360000","0003030000","0036360000","0","0","3030000","36360000"
1160057056,"05",1,"2146","2320",1,"12",7,"0005000000","0010000000","0005000000","0010000000","0","0","5000000","10000000"
1160085106,"04",1,"5220","5136",3,"8",6,"0001100000","0013200000","0001100000","0013200000",NA,NA,"1100000","13200000"
1160085098,"01",1,"9132","8012",3,"6",6,"0002000000","0025500000","0002000000","0024000000",NA,"0001500000","2000000","25500000"
1160021208,"01",1,"9152","4531",3,"10",6,"0004650000","0058800000","0004500000","0054000000","0","0","4500000","54000000"
1160021203,"01",1,"9314","4521",3,"8",6,"0003500000","0042000000","0003500000","0042000000",NA,NA,"3500000","42000000"
1160045143,"01",1,"2320","8021",1,"6",6,"0087000000","0116400000","0006800000","0081600000","0000500000","0004500000","7300000","86100000"
1160077054,"01",1,"2429","7514",1,"8",6,"0009000000","0113000000","0008000000","0096000000",NA,"0005000000","8000000","101000000"
1160089263,"01",1,"2320","8021",1,"6",4,"0008654440","0106853280","0007806131","0093673572","0","0003000000","7806131","96673572"
1160089253,"01",1,"2320","8021",1,"6",4,"0006380935","0085571220","0005776213","0069314556","0","0009000000","5776213","78314556"
1160089253,"02",1,"2331","8012",1,"6",4,"0005598339","0070180068","0005013963","0060167556","0","0003000000","5013963","63167556"
1160089260,"01",1,"2331","8012",1,"6",6,"0006474411","0080692932","0005945011","0071340132","0","0003000000","5945011","74340132"
1160009158,"04",1,"5162","7523",1,"10",4,"0005500000","0079000000","0004500000","0054000000","0","0017000000","4500000","71000000"
1160009165,"01",1,"5162","7523",1,"8",6,"0008800000","0087600000","0005900000","0070800000","0001500000","0013000000","7400000","83800000"
1160009168,"03",1,"1410","8511",1,"8",7,"0004500000","0066000000","0004100000","0042000000","0","0012000000","4100000","54000000"
1160045151,"01",1,"8324","6023",3,"10",5,"0035000000","0046800000","0035000000","0042000000",NA,NA,"35000000","42000000"
1160089258,"01",1,"4121","7511",1,"8",6,"0005103900","0066016800","0004746627","0056959524","0","0004000000","4746627","60959524"
1160025013,"01",2,"7241","5231",3,NA,NA,"0","0018000000","0","0018000000","0","0","0","18000000"
1160061149,"03",1,"9314","4521",3,"8",5,"0003000000","0036000000","0003000000","0036000000","0","0","3000000","36000000"
1160061149,"04",1,"7417","1545",3,"7",7,"0002000000","0002000000","0002000000","0002000000","0","0","2000000","2000000"
1160061149,"07",1,"5141","9302",3,"8",6,"0001200000","0012000000","0001200000","0012000000","0","0","1200000","12000000"
1160077057,"02",2,"5220","1546",3,NA,NA,"0","0020000000","0","0020000000","0","0","0","20000000"
1160077064,"01",1,"5162","7523",1,"8",6,"0008000000","0099000000","0007280000","0087360000",NA,"0003000000","7280000","90360000"
1160001061,"03",2,"8322","6021",3,NA,NA,"0","0015000000","0","0015000000","0","0","0","15000000"
1160042105,"01",1,"2412","7513",1,"7",6,"0007200000","0089400000","0006500000","0078000000",NA,"0005000000","6500000","83000000"
1160042108,"01",1,"2412","7514",1,"7",6,"0006900000","0084000000","0006000000","0072000000","0000400000","0005000000","6400000","77000000"
1160042108,"02",1,"4111","9111",1,"7",6,"0005500000","0069000000","0005000000","0060000000",NA,"0003000000","5000000","63000000"
1160034062,"01",1,"9314","4521",3,"8",7,"0004500000","0027000000","0004500000","0027000000",NA,NA,"4500000","27000000"
1160086160,"01",1,"4134","1514",1,"8",6,"0006060000","0075720000","0004750000","0057000000","0000466600","0008099200","5216600","65099200"
1160034053,"03",1,"9314","4521",3,"8",7,"0004500000","0018000000","0004500000","0018000000",NA,NA,"4500000","18000000"
1160034053,"04",1,"9314","4521",3,"8",7,"0004500000","0013500000","0004500000","0013500000",NA,NA,"4500000","13500000"
1160034053,"06",1,"0112","7522",1,"9",7,"0000300000","0003300000","0000300000","0003300000",NA,NA,"300000","3300000"
1160034067,"03",1,"3112","4521",3,"8",6,"0008000000","0096000000","0008000000","0096000000",NA,NA,"8000000","96000000"
1160034058,"01",1,"9314","4521",3,"8",7,"0004500000","0027000000","0004500000","0027000000",NA,NA,"4500000","27000000"
1160034058,"03",1,"9314","4521",3,"7",6,"0004500000","0022500000","0004500000","0022500000",NA,NA,"4500000","22500000"
1160034058,"04",1,"9314","4521",3,"8",6,"0004500000","0027000000","0004500000","0027000000",NA,NA,"4500000","27000000"
1160046156,"01",1,"5162","7523",1,"8",6,"0004500000","0054000000","0003900000","0046800000",NA,"0003000000","3900000","49800000"
1160046157,"01",1,"4112","6512",1,"8",6,"0008700000","0104400000","0006000000","0072000000","0001200000","0021400000","7200000","93400000"
1160046157,"02",1,"4112","6512",1,"8",6,"0007650000","0091800000","0004200000","0050400000","0001200000","0021400000","5400000","71800000"
1160014195,"01",1,"5220","1110",1,"12",7,"0007000000","0084000000","0006440000","0077280000","0","0005000000","6440000","82280000"
1160014202,"01",1,"2213","7513",1,"7",6,"0006500000","0080000000","0004900000","0058800000","0000800000","0015500000","5700000","74300000"
1160038108,"01",1,"2412","4100",1,"8",6,"0007700000","0090400000","0005665000","0067980000","0001200000","0019400000","6865000","87380000"
1160074279,"01",1,"2320","8021",1,"6",4,"0007000000","0084000000","0006300000","0075600000","0","0005000000","6300000","80600000"
1160074272,"01",1,"9314","4521",3,"8",6,"0001500000","0018000000","0001500000","0018000000","0","0","1500000","18000000"
1160074277,"01",1,"9314","4521",3,"8",6,"0001500000","0018000000","0001500000","0018000000","0","0","1500000","18000000"
1160074270,"02",1,"9314","4521",3,"8",6,"0001200000","0021000000","0001200000","0021000000","0","0","1200000","21000000"
1160026011,"04",1,"9314","4521",3,"8",7,"0003750000","0045000000","0003750000","0045000000","0","0","3750000","45000000"
1160026007,"01",1,"5220","5223",3,"8",6,"0004800000","0054000000","0004800000","0054000000","0","0","4800000","54000000"
1160026007,"02",1,"2320","8021",1,"8",6,"0005000000","0058000000","0004200000","0050400000","0","0004500000","4200000","54900000"
1160026005,"03",1,"9132","7414",1,"8",6,"0004500000","0052500000","0004500000","0052500000","0","0","4500000","52500000"
1160038097,"01",1,"9314","4521",3,"8",7,"0003000000","0036000000","0003000000","0036000000","0","0","3000000","36000000"
1160094063,"01",1,"9314","4521",3,"8",7,"0004500000","0036000000","0004500000","0036000000",NA,NA,"4500000","36000000"
1160094057,"01",1,"2320","8021",1,"6",6,"0060700000","0080400000","0005700000","0068400000","0","0006000000","5700000","74400000"
1160094057,"02",1,"2320","8021",1,"6",6,"0003900000","0011700000","0003500000","0010500000","0","0","3500000","10500000"
1160002067,"01",1,"9152","7414",1,"16",7,"0004000000","0050000000","0004000000","0048000000","0","0002000000","4000000","50000000"
1160002067,"03",1,"9141","6512",1,"10",6,"0003500000","0044500000","0003000000","0036000000","0000500000","0008500000","3500000","44500000"
1160002067,"04",1,"0112","7522",1,"10",6,"0000480000","0001920000","0000480000","0001920000","0","0","480000","1920000"
1160010068,"01",1,"9314","4521",3,"8",6,"0003000000","0033000000","0003000000","0033000000",NA,NA,"3000000","33000000"
1160010068,"03",1,"0112","7522",1,"12",7,"0000300000","0003600000","0000300000","0003600000",NA,NA,"300000","3600000"
1160094070,"01",1,"9152","7513",1,"12",4,"0005700000","0068000000","0004500000","0054000000","0000400000","0007800000","4900000","61800000"
1160006062,"01",1,"1423","4522",3,"7",6,"0007300000","0089600000","0006500000","0078000000","0","0005000000","6500000","83000000"
1160006057,"01",1,"4190","4010",1,"8",6,"0006000000","0085400000","0005200000","0062400000","0000700000","0013400000","5900000","75800000"
1160006057,"02",1,"4190","8031",1,"8",6,"0006700000","0079400000","0005100000","0061200000","0000900000","0011000000","6000000","72200000"
1160006049,"01",1,"2320","8021",1,"6",4,"0006700000","0079000000","0005500000","0060000000","0","0005000000","5500000","65000000"
1160090015,"02",1,"3231","8511",1,"8",6,"0004750000","0035000000","0004000000","0024000000","0","0004000000","4000000","28000000"
1160090003,"04",1,"5162","7523",1,"8",6,"0006500000","0080000000","0004800000","0057600000","0000900000","0015800000","5700000","73400000"
1160054055,"04",1,"9314","4521",3,"8",3,"0003000000","0024000000","0003000000","0024000000","0","0","3000000","24000000"
1160018015,"03",1,"9314","4521",3,"8",6,"0002500000","0030000000","0002500000","0030000000","0","0","2500000","30000000"
1160018015,"04",1,"9314","4521",3,"8",6,"0003000000","0036000000","0003000000","0036000000","0","0","3000000","36000000"
1160070064,"01",1,"9314","4521",3,"8",7,"0003600000","0018000000","0003600000","0018000000",NA,NA,"3600000","18000000"
1160070066,"01",1,"9314","4521",3,"8",7,"0004500000","0013500000","0004500000","0013500000",NA,NA,"4500000","13500000"
1160070064,"05",1,"9314","4521",3,"8",7,"0003600000","0021600000","0003600000","0021600000",NA,NA,"3600000","21600000"
1160082207,"01",1,"5162","7522",1,"8",6,"0006200000","0074400000","0004500000","0054000000","0","0003000000","4500000","57000000"
1160082203,"01",1,"5162","7522",1,"12",4,"0004880000","0058560000","0003200000","0038400000","0000200000","0005400000","3400000","43800000"
1160082200,"01",1,"5162","7522",1,"8",6,"0005300000","0063600000","0003700000","0044400000","0000200000","0004150000","3900000","48550000"
1160062058,"01",1,"2320","8021",1,"6",6,"0006000000","0078000000","0004900000","0058000000","0000800000","0015200000","5700000","73200000"
1160082197,"01",1,"5162","7522",1,"8",6,"0005200000","0062400000","0003200000","0038400000",NA,"0003000000","3200000","41400000"
1160082207,"02",1,"2331","8012",1,"6",6,"0005200000","0062400000","0004100000","0049200000",NA,"0003000000","4100000","52200000"
1160022167,"01",1,"9314","4521",3,"8",6,"0003000000","0018000000","0003000000","0018000000","0","0","3000000","18000000"
1160022163,"01",1,"9314","4521",3,"12",7,"0003000000","0021000000","0003000000","0021000000","0","0","3000000","21000000"
1160058174,"01",1,"9314","2694",3,"8",6,"0004500000","0054000000","0003800000","0045600000","0000300000","0006100000","4100000","51700000"
1160058171,"01",1,"9314","4521",3,"7",4,"0003600000","0003600000","0003600000","0003600000",NA,NA,"3600000","3600000"
1160050118,"04",1,"2320","8021",1,"4",5,"0005300000","0065600000","0004900000","0058800000","0","0004000000","4900000","62800000"
1160050118,"06",1,"2320","8021",1,"4",5,"0006200000","0078400000","0005800000","0069600000","0","0004000000","5800000","73600000"
1160050116,"03",1,"3113","4521",3,"10",6,"0006000000","0024000000","0006000000","0024000000","0","0","6000000","24000000"
1160050116,"04",1,"0112","7522",1,"12",7,"0000500000","0005000000","0000500000","0005000000","0","0","500000","5000000"
1160058167,"01",1,"9314","4521",3,"6",6,"0003600000","0021600000","0003600000","0021600000",NA,NA,"3600000","21600000"
1160058175,"04",1,"5162","7523",1,"10",5,"0005760000","0069120000","0004200000","0050400000","0000400000","0007800000","4600000","58200000"
1160058175,"05",1,"2320","8021",1,"6",6,"0005960000","0071520000","0004600000","0055200000","0000300000","0004900000","4900000","60100000"
1160030153,"01",1,"7123","4521",3,"8",6,"0010000000","0120000000","0010000000","0120000000",NA,NA,"10000000","120000000"
1160078058,"01",1,"4190","6411",1,"7",6,"0005500000","0067000000","0004500000","0054000000","0000300000","0005600000","4800000","59600000"
1160066102,"01",1,"2320","8021",1,"6",6,"0006157900","0079894800","0005336625","0068039500","0000500000","0008500000","5836625","76539500"
1160066105,"01",1,"3231","8513",1,"12",4,"0005000000","0060000000","0004400000","0052800000","0000333334","0006000000","4733334","58800000"
1160066112,"01",1,"9132","6512",1,"7",6,"0004030000","0056360000","0003800000","0045600000","0","0005000000","3800000","50600000"
1160010062,"01",1,"8322","6023",3,"12",4,"0006500000","0078000000","0006500000","0078000000",NA,NA,"6500000","78000000"
1160022156,"01",1,"9314","4521",3,"12",6,"0004500000","0027000000","0004500000","0027000000","0","0","4500000","27000000"
1160010065,"04",1,"2320","8021",1,"6",6,"0004500000","0054000000","0003800000","0045600000",NA,"0003000000","3800000","48600000"
1160010065,"05",1,"2331","8012",1,"6",6,"0003900000","0046800000","0003400000","0040800000",NA,"0003000000","3400000","43800000"
1160014201,"02",1,"2320","8012",1,"4",6,"0005600000","0077200000","0005000000","0061200000","0","0005000000","5000000","66200000"
1160086170,"01",1,"9152","7512",1,"10",7,"0005900000","0070000000","0004800000","0057600000","0000200000","0004900000","5000000","62500000"
1160022159,"01",1,"9314","4521",3,"8",7,"0004500000","0031500000","0004500000","0031500000","0","0","4500000","31500000"
1160082210,"01",1,"5162","7522",1,"8",6,"0006000000","0072000000","0004500000","0054000000","0000150000","0004800000","4650000","58800000"
1160086160,"03",1,"2432","8031",1,"8",6,"0004963000","0059956000","0003800000","0045600000","0000500000","0008000000","4300000","53600000"
1160087238,"01",1,"9314","4521",3,"8",7,"0003000000","0015000000","0003000000","0015000000","0","0","3000000","15000000"
1160063050,"01",1,"7417","1545",3,"8",7,"0003100000","0037200000","0003100000","0037200000",NA,NA,"3100000","37200000"
1160063063,"01",1,"2331","8012",1,"6",6,"0006000000","0072000000","0005200000","0062400000",NA,"0003000000","5200000","65400000"
1160063063,"03",1,"0112","7522",1,"15",3,"0000350000","0003500000","0000350000","0003500000","0","0","350000","3500000"
1160063063,"04",1,"0112","7522",1,"15",3,"0000350000","0002800000","0000350000","0002800000","0","0","350000","2800000"
1160027160,"01",1,"9314","4521",3,"8",6,"0004500000","0027000000","0004500000","0027000000",NA,NA,"4500000","27000000"
1160051155,"01",1,"3231","7512",1,"6",6,"0005780000","0073360000","0004800000","0057600000","0","0003000000","4800000","60600000"
1160051146,"01",1,"9314","4521",3,"6",5,"0003000000","0015000000","0003000000","0015000000",NA,NA,"3000000","15000000"
1160051144,"02",1,"3231","8513",1,"8",6,"0006800000","0081600000","0005800000","0069600000","0000300000","0005600000","6100000","75200000"
1160039068,"02",1,"2331","8012",1,"6",6,"0005900000","0070800000","0004500000","0054000000",NA,"0003000000","4500000","57000000"
1160087239,"01",1,"9314","4521",3,"8",7,"0003000000","0012000000","0003000000","0012000000","0","0","3000000","12000000"
1160087249,"01",1,"9314","4521",3,"7",4,"0003600000","0018000000","0003600000","0018000000","0","0","3600000","18000000"
1160039057,"01",1,"2331","8012",1,"8",6,"0004800000","0057600000","0004000000","0048000000","0","0003000000","4000000","51000000"
1160039057,"02",1,"2331","8012",1,"8",6,"0004800000","0057600000","0004000000","0048000000","0","0003000000","4000000","51000000"
1160039056,"01",1,"2331","8012",1,"4",6,"0006500000","0078000000","0005500000","0066000000","0","0003000000","5500000","69000000"
1160039061,"01",1,"4190","7513",1,"8",6,"0005700000","0068400000","0004500000","0054000000","0000300000","0006600000","4800000","60600000"
1160003169,"01",1,"9132","4020",3,"10",6,"0005400000","0065400000","0004200000","0050400000","0","0","4200000","50400000"
1160003164,"01",1,"9314","4521",3,"8",6,"0004500000","0027000000","0004500000","0027000000",NA,NA,"4500000","27000000"
1160075054,"01",1,"9152","6309",3,"11",7,"0004000000","0048000000","0003200000","0038400000",NA,NA,"3200000","38400000"
1160075053,"01",1,"9160","7511",1,"8",6,"0005200000","0062400000","0003800000","0045600000","0000300000","0009600000","4100000","55200000"
1160055012,"01",1,"9314","4521",3,"10",4,"0003600000","0018000000","0003600000","0018000000",NA,NA,"3600000","18000000"
1160055014,"01",1,"9314","4521",3,"8",7,"0003600000","0048000000","0003600000","0048000000",NA,NA,"3600000","48000000"
1160019124,"01",1,"9160","7511",1,"12",6,"0006000000","0072000000","0005400000","0064800000","0000300000","0006600000","5700000","71400000"
1160019124,"03",1,"9314","4521",3,"8",7,"0004500000","0022500000","0004500000","0022500000",NA,NA,"4500000","22500000"
1160019124,"04",1,"9314","4521",3,"8",7,"0004500000","0018000000","0004500000","0018000000",NA,NA,"4500000","18000000"
1160019124,"06",1,"0112","7522",1,"12",6,"0000300000","0003300000","0000300000","0003300000",NA,NA,"300000","3300000"
1160067117,"01",1,"2331","8012",1,"8",6,"0009000000","0108000000","0007000000","0084000000",NA,"0003000000","7000000","87000000"
1160067112,"01",1,"8163","2694",3,"8",6,"0008000000","0096000000","0007000000","0084000000","0000250000","0006000000","7250000","90000000"
1160083222,"01",1,"9314","4521",3,"8",7,"0003600000","0018000000","0003600000","0018000000","0","0","3600000","18000000"
1160083217,"01",1,"8331","0140",3,"6",5,"0003000000","0036000000","0003000000","0036000000","0","0","3000000","36000000"
1160083227,"03",1,"9314","4521",3,"8",6,"0003000000","0024000000","0003000000","0024000000","0","0","3000000","24000000"
1160079013,"01",1,"3435","7511",1,"8",6,"0006700000","0088400000","0005500000","0066000000","0000500000","0009000000","6000000","75000000"
1160079012,"02",1,"9314","4521",3,"8",6,"0002800000","0016800000","0002800000","0016800000",NA,NA,"2800000","16800000"
1160095093,"01",1,"2320","8021",1,"6",6,"0008000000","0096000000","0006800000","0081600000",NA,"0003000000","6800000","84600000"
1160095093,"02",1,"2320","8021",1,"6",6,"0008000000","0096000000","0006900000","0082800000",NA,"0003000000","6900000","85800000"
1160095101,"01",1,"2320","8021",1,"6",6,"0010000000","0120000000","0008500000","0102000000","0","0003000000","8500000","105000000"
1160095099,"01",1,"2331","8012",1,"8",6,"0007200000","0086400000","0006000000","0072000000","0","0003000000","6000000","75000000"
1160095099,"02",1,"2320","8021",1,"6",3,"0006400000","0076800000","0005400000","0064800000","0","0003000000","5400000","67800000"
1160095096,"01",1,"2320","8021",1,"6",6,"0006800000","0081600000","0004900000","0058800000","0","0003000000","4900000","61800000"
1160095096,"02",1,"2320","8021",1,"6",6,"0005800000","0069600000","0004300000","0051600000","0","0003000000","4300000","54600000"
1160095104,"01",1,"9333","5110",3,"10",6,"0003000000","0036000000","0003000000","0036000000",NA,NA,"3000000","36000000"
1160035115,"02",1,"9314","4521",3,"8",7,"0004500000","0013500000","0004500000","0013500000","0","0","4500000","13500000"
1160047112,"01",1,"2411","4100",1,"8",6,"0008000000","0096000000","0006800000","0081600000","0000300000","0006600000","7100000","88200000"
1160043152,"01",1,"5162","7523",1,"8",7,"0006500000","0078000000","0005200000","0062400000",NA,"0003000000","5200000","65400000"
1160043157,"01",1,"4190","7513",1,"8",6,"0005900000","0072400000","0004700000","0056400000","0000200000","0005400000","4900000","61800000"
1160043154,"01",1,"5162","7523",1,"8",6,"0006800000","0081600000","0005500000","0066000000",NA,"0003000000","5500000","69000000"
1160043163,"04",1,"9314","4521",3,"8",7,"0004500000","0018000000","0004500000","0018000000",NA,NA,"4500000","18000000"
1160047104,"01",1,"4190","7523",1,"8",6,"0006700000","0086800000","0005600000","0067200000","0000300000","0006600000","5900000","73800000"
1160047113,"01",1,"9314","4521",3,"8",7,"0004500000","0031500000","0004500000","0031500000",NA,NA,"4500000","31500000"
1160059014,"03",1,"0112","7523",1,"12",5,"0000300000","0002100000","0000300000","0002100000",NA,NA,"300000","2100000"
1160059014,"04",1,"0112","7523",1,"12",5,"0000300000","0002100000","0000300000","0002100000",NA,NA,"300000","2100000"
1160059014,"05",1,"0112","7523",1,"12",5,"0000300000","0001200000","0000300000","0001200000",NA,NA,"300000","1200000"
1160043161,"01",1,"9314","4521",3,"8",7,"0004500000","0027000000","0004500000","0027000000",NA,NA,"4500000","27000000"
1160043161,"03",1,"9314","4521",3,"8",7,"0004500000","0022500000","0004500000","0022500000",NA,NA,"4500000","22500000"
1160091010,"01",1,"3435","7511",1,"8",6,"0005400000","0069800000","0004600000","0055200000","0000300000","0006100000","4900000","61300000"
1160091010,"02",1,"2412","8513",1,"8",6,"0004900000","0066400000","0004200000","0050400000","0000300000","0006100000","4500000","56500000"
1160031059,"01",1,"9152","4522",3,"12",7,"0003500000","0420000000","0003000000","0036000000","0","0","3000000","36000000"
1160031059,"03",1,"9314","4521",3,"8",7,"0004500000","0018000000","0004500000","0018000000","0","0","4500000","18000000"
1160031061,"04",1,"2332","8011",3,"6",6,"0001200000","0014400000","0001200000","0014400000","0","0","1200000","14400000"
1160031061,"05",1,"4190","8012",3,"6",6,"0001500000","0018000000","0001500000","0018000000","0","0","1500000","18000000"
1160091015,"04",1,"2143","4010",1,"8",6,"0006200000","0074400000","0005000000","0060000000","0000300000","0006600000","5300000","66600000"
1160091015,"05",1,"4190","9214",3,"6",6,"0000800000","0003200000","0000800000","0003200000","0","0","800000","3200000"
1160091015,"06",1,"4111","9214",3,"6",6,"0000800000","0003200000","0000800000","0003200000","0","0","800000","3200000"
1160091001,"01",1,"7136","4531",3,"10",6,"0008000000","0096000000","0008000000","0096000000","0","0","8000000","96000000"
1160075060,"01",1,"4212","6512",1,"8",6,"0005500000","0070000000","0004200000","0050400000","0000600000","0010200000","4800000","60600000"
1160015313,"01",1,"8324","4522",3,"8",7,"0005800000","0067600000","0004800000","0057600000",NA,"0002500000","4800000","60100000"
1160019117,"01",1,"4190","4010",1,"8",6,"0008000000","0096000000","0007000000","0084000000","0000500000","0009000000","7500000","93000000"
1160007195,"01",1,"1427","8031",1,"8",6,"0008000000","0096000000","0006500000","0078000000","0000500000","0009000000","7000000","87000000"
1160055007,"01",1,"9314","4521",3,"8",7,"0002400000","0019200000","0002400000","0019200000",NA,NA,"2400000","19200000"
1160055004,"01",1,"9314","4521",3,"8",7,"0003000000","0021000000","0003000000","0021000000",NA,NA,"3000000","21000000"
1160011108,"01",1,"9314","4521",3,"8",7,"0004500000","0027000000","0004500000","0027000000",NA,NA,"4500000","27000000"
1160011119,"01",1,"9314","4521",3,"8",7,"0004500000","0054000000","0004500000","0054000000",NA,NA,"4500000","54000000"
1160011118,"01",1,"9314","4521",3,"8",7,"0003000000","0024000000","0003000000","0024000000",NA,NA,"3000000","24000000"
1160011118,"09",1,"0112","7523",1,"12",7,"0000300000","0004200000","0000300000","0004200000",NA,NA,"300000","4200000"
1160011115,"01",1,"9314","4521",3,"8",7,"0004500000","0036000000","0004500000","0036000000","0","0","4500000","36000000"
1160011115,"04",1,"9314","4521",3,"8",7,"0004500000","0013500000","0004500000","0013500000","0","0","4500000","13500000"
1160071055,"03",1,"0112","7523",1,"12",7,"0000300000","0004200000","0000300000","0004200000",NA,NA,"300000","4200000"
1160071065,"02",1,"1429","8012",1,"6",6,"0008600000","0103200000","0006400000","0076800000",NA,"0003000000","6400000","79800000"
1160071059,"05",1,"9314","4521",3,"8",7,"0004000000","0032000000","0004000000","0032000000",NA,NA,"4000000","32000000"
1160071059,"06",1,"0112","7523",1,"12",7,"0000300000","0004500000","0000300000","0004500000",NA,NA,"300000","4500000"
1160023216,"01",1,"9314","4521",3,"8",7,"0004500000","0018000000","0004500000","0018000000","0","0","4500000","18000000"
1160023218,"01",1,"8324","7511",1,"8",6,"0006200000","0082400000","0005000000","0065000000","0000300000","0009600000","5300000","74600000"
1160023205,"01",1,"9314","4521",3,"8",7,"0004500000","0022500000","0004500000","0022500000","0","0","4500000","22500000"
1160023211,"04",1,"9314","4521",3,"8",7,"0004500000","0013500000","0004500000","0013500000","0","0","4500000","13500000"
1160095101,"02",1,"2320","8021",1,"6",6,"0006500000","0078000000","0004500000","0054000000","0","0003000000","4500000","57000000"
1160035103,"01",1,"9314","4521",3,"8",7,"0004500000","0013500000","0004500000","0013500000","0","0","4500000","13500000"
1160035111,"02",1,"9314","4521",3,"8",7,"0004500000","0018000000","0004500000","0018000000","0","0","4500000","18000000"
1160035111,"03",1,"9314","4521",2,"8",7,"0004500000","0027000000","0004500000","0027000000","0","0","4500000","27000000"
1160035107,"01",1,"9314","4521",3,"8",7,"0004500000","0022500000","0004500000","0022500000","0","0","4500000","22500000"
1160016152,"02",1,"2320","8021",1,"6",6,"0006500000","0078000000","0005200000","0062400000",NA,"0003000000","5200000","65400000"
1160008211,"03",1,"3472","9213",1,"8",6,"0009200000","0120800000","0007200000","0086400000","0001200000","0017400000","8400000","103800000"
1160008211,"04",1,"2142","4522",1,"8",6,"0016700000","0196000000","0014000000","0168000000","0001000000","0015000000","15000000","183000000"
1160008211,"05",1,"4190","7530",1,"8",6,"0006800000","0087600000","0005000000","0060000000","0001200000","0017400000","6200000","77400000"
1160092007,"07",2,"9314","4521",3,NA,NA,"0004500000","0022500000","0004500000","0022500000",NA,"0","4500000","22500000"
1160092001,"01",1,"2142","4522",3,"8",6,"0009900000","0128000000","0009000000","0108000000",NA,"0003000000","9000000","111000000"
1160092013,"04",1,"0111","7522",3,"8",6,"0004000000","0008000000","0004000000","0008000000","0","0","4000000","8000000"
1160008207,"01",1,"4190","7530",1,"8",6,"0007500000","0097000000","0006000000","0072000000","0001000000","0015000000","7000000","87000000"
1160008207,"03",1,"7141","4521",3,"8",7,"0005000000","0035000000","0005000000","0035000000","0","0","5000000","35000000"
1160008207,"04",1,"7417","1545",3,"8",7,"0003000000","0036000000","0003000000","0036000000","0",NA,"3000000","36000000"
1160008219,"01",1,"1429","6512",1,"8",6,"0009700000","0134000000","0007000000","0084000000","0001800000","0024600000","8800000","108600000"
1160020100,"01",1,"9314","4521",3,"8",7,"0004500000","0036000000","0004500000","0036000000",NA,NA,"4500000","36000000"
1160020100,"04",1,"7123","4521",3,"8",7,"0004000000","0028000000","0004000000","0028000000",NA,NA,"4000000","28000000"
1160020108,"01",1,"2411","8090",1,"8",6,"0007500000","0104000000","0005700000","0069400000","0001000000","0015000000","6700000","84400000"
1160068004,"02",1,"2411","2926",3,"8",6,"0006000000","0072000000","0005500000","0066000000",NA,"0003000000","5500000","69000000"
1160068012,"01",1,"2320","8021",1,"8",6,"0005800000","0069600000","0005000000","0060000000",NA,"0003000000","5000000","63000000"
1160068012,"02",1,"2331","8012",1,"8",6,"0004900000","0058800000","0004000000","0048000000",NA,"0003000000","4000000","51000000"
1160024055,"01",1,"9314","4521",3,"8",7,"0005500000","0066000000","0004500000","0040500000","0","0","4500000","40500000"
1160024061,"01",1,"2331","8012",1,"6",6,"0007000000","0084000000","0006000000","0072000000","0","0003000000","6000000","75000000"
1160024061,"02",1,"2331","8012",1,"6",6,"0005000000","0060000000","0004000000","0048000000","0","0003000000","4000000","51000000"
1160012172,"01",1,"9314","2694",3,"8",6,"0008200000","0101400000","0007800000","0093600000","0","0004500000","7800000","98100000"
1160012172,"02",1,"2320","8021",1,"8",6,"0006000000","0072000000","0005000000","0060000000","0","0003000000","5000000","63000000"
1160012170,"01",1,"8324","6023",3,"10",6,"0006000000","0072000000","0005000000","0066000000","0","0","5000000","66000000"
1160012175,"01",1,"7123","4521",3,"10",6,"0007000000","0084000000","0007000000","0084000000","0","0","7000000","84000000"
1160012175,"02",1,"4190","7530",1,"8",6,"0006900000","0089600000","0006000000","0072000000","0000500000","0009000000","6500000","81000000"
1160012168,"01",1,"1429","8012",1,"5",6,"0009200000","0110400000","0007400000","0088800000","0","0003000000","7400000","91800000"
1160012163,"02",1,"2331","8012",1,"6",6,"0005800000","0069600000","0004600000","0055200000","0","0003000000","4600000","58200000"
1160024047,"05",1,"0111","7522",1,"8",6,"0002000000","0027000000","0002000000","0024000000","0","0003000000","2000000","27000000"
1160024056,"01",1,"8332","4522",3,"10",6,"0012800000","0154000000","0012000000","0144000000","0","0003000000","12000000","147000000"
1160024051,"01",1,"9314","4521",3,"8",6,"0003000000","0012000000","0003000000","0012000000","0","0","3000000","12000000"
1160060177,"01",1,"9314","4521",3,"8",6,"0004500000","0045000000","0004500000","0045000000","0","0","4500000","45000000"
1160060170,"01",1,"9314","4521",3,"8",7,"0004500000","0031500000","0004500000","0031500000","0","0","4500000","31500000"
1160088052,"01",1,"3152","8021",1,"6",6,"0008200000","0098400000","0007000000","0084000000",NA,"0003000000","7000000","87000000"
1160088057,"01",1,"2331","8012",1,"6",6,"0007000000","0084000000","0006000000","0072000000",NA,"0003000000","6000000","75000000"
1160028056,"02",1,"5220","5231",1,"8",6,"0005700000","0068400000","0004500000","0054000000",NA,"0003000000","4500000","57000000"
1160040013,"01",1,"7137","4532",3,"8",7,"0004000000","0048000000","0004000000","0048000000",NA,NA,"4000000","48000000"
1160040006,"01",1,"2412","8532",1,"8",6,"0007300000","0085600000","0005500000","0064000000","0001000000","0015000000","6500000","79000000"
1160040006,"02",1,"2320","8021",1,"6",6,"0006200000","0082000000","0005200000","0068000000","0","0003000000","5200000","71000000"
1160040012,"02",1,"2331","8012",1,"6",6,"0006500000","0078000000","0004500000","0054000000",NA,"0003000000","4500000","57000000"
1160040002,"01",1,"2320","8021",1,"6",6,"0006400000","0082000000","0005500000","0066000000","0","0003000000","5500000","69000000"
1160004234,"03",1,"8268","9301",3,"6",6,"0003000000","0036000000","0003000000","0036000000",NA,NA,"3000000","36000000"
1160052054,"01",1,"3417","7513",1,"8",6,"0007000000","0084000000","0004500000","0054000000","0000700000","0011400000","5200000","65400000"
1160064207,"01",1,"9314","4521",3,"8",7,"0004400000","0059400000","0003800000","0045400000","0","0","3800000","45400000"
1160064202,"01",1,"9152","4522",1,"12",4,"0005100000","0075000000","0003800000","0045600000","0000500000","0009000000","4300000","54600000"
1160064211,"04",2,"9314","4521",3,NA,NA,"0004500000","0018000000","0004500000","0018000000",NA,NA,"4500000","18000000"
1160044001,"01",1,"8322","6022",3,"10",6,"0006000000","0072000000","0006000000","0072000000","0","0","6000000","72000000"
1160044006,"03",1,"4190","4521",1,"8",6,"0008500000","0099000000","0006500000","0078000000","0000800000","0012600000","7300000","90600000"
1160044014,"01",1,"2320","8021",1,"6",6,"0007600000","0091200000","0005800000","0069600000","0000400000","0007800000","6200000","77400000"
1160044014,"02",1,"2320","8021",1,"6",6,"0006570000","0078840000","0004200000","0050400000","0","0003000000","4200000","53400000"
1160044010,"01",1,"9152","6512",1,"8",6,"0007280000","0097360000","0005000000","0060000000","0001800000","0024600000","6800000","84600000"
1160044007,"01",1,"8323","6022",1,"8",6,"0006300000","0073600000","0004900000","0058800000","0000400000","0007800000","5300000","66600000"
1160076014,"01",1,"2320","8021",1,"6",6,"0006250000","0075000000","0005200000","0062400000",NA,"0003000000","5200000","65400000"
1160076014,"02",1,"2320","8012",1,"6",6,"0005700000","0069400000","0004900000","0058800000",NA,"0003000000","4900000","61800000"
1160076011,"01",1,"4190","8513",1,"8",6,"0007500000","0099000000","0005900000","0070800000","0001000000","0015000000","6900000","85800000"
1160076002,"01",1,"9152","7513",1,"12",7,"0007700000","0090400000","0005300000","0063600000","0001400000","0019800000","6700000","83400000"
1160048159,"01",1,"8322","7513",1,"10",6,"0005900000","0078400000","0004900000","0058800000","0000400000","0007800000","5300000","66600000"
1160076007,"01",1,"9152","7513",1,"8",6,"0006000000","0079000000","0004800000","0057600000","0000800000","0012600000","5600000","70200000"
1160036062,"01",1,"9314","4521",3,"8",7,"0004500000","0036000000","0004500000","0036000000",NA,NA,"4500000","36000000"
1160036062,"03",1,"9314","4521",3,"8",7,"0004500000","0022500000","0004500000","0022500000",NA,NA,"4500000","22500000"
1160072165,"01",1,"9314","4521",3,"8",5,"0004500000","0040500000","0004500000","0040500000",NA,NA,"4500000","40500000"
1160072159,"01",1,"9314","4521",3,"8",4,"0004500000","0031500000","0004500000","0031500000",NA,NA,"4500000","31500000"
1160072160,"01",1,"9314","4521",3,"8",7,"0004500000","0022500000","0004500000","0022500000",NA,NA,"4500000","22500000"
1160048152,"01",1,"9152","4010",1,"10",7,"0006000000","0072000000","0005000000","0060000000",NA,"0003000000","5000000","63000000"
1160048162,"03",1,"9314","4521",3,"8",7,"0004500000","0022500000","0004500000","0022500000",NA,NA,"4500000","22500000"
1160048162,"04",1,"9314","4521",3,"8",7,"0004500000","0013500000","0004500000","0013500000",NA,NA,"4500000","13500000"
1160048155,"01",1,"8322","8513",1,"8",6,"0005200000","0062400000","0004000000","0048000000","0000500000","0009000000","4500000","57000000"
1160084014,"01",1,"9314","4521",3,"8",4,"0004500000","0031500000","0004500000","0031500000",NA,NA,"4500000","31500000"
1160084014,"03",1,"9314","4521",3,"8",3,"0004500000","0013500000","0004500000","0013500000",NA,NA,"4500000","13500000"
1160084014,"04",1,"9314","4521",3,"8",1,"0004500000","0004500000","0004500000","0004500000",NA,NA,"4500000","4500000"
1160084012,"01",1,"9314","4521",3,"8",7,"0004500000","0022500000","0004500000","0022500000",NA,NA,"4500000","22500000"
1160084005,"01",1,"9314","4521",3,"8",7,"0004500000","0027000000","0004500000","0027000000",NA,NA,"4500000","27000000"
1160084007,"01",1,"9314","4521",3,"8",7,"0004500000","0027000000","0004500000","0027000000",NA,NA,"4500000","27000000"
1160096054,"03",1,"9314","4521",3,"8",7,"0004500000","0013500000","0004500000","0013500000",NA,NA,"4500000","13500000"
1160096054,"05",1,"9314","4521",3,"8",7,"0004500000","0013500000","0004500000","0013500000",NA,NA,"4500000","13500000"
1160096061,"01",1,"3113","4020",1,"8",6,"0007100000","0091600000","0005800000","0076800000","0000600000","0012200000","6400000","89000000"
1160064205,"01",1,"8324","4522",1,"8",6,"0006200000","0074400000","0005000000","0060000000","0000500000","0009000000","5500000","69000000"
1160052051,"01",1,"2331","8012",1,"6",6,"0008500000","0102000000","0007000000","0084000000",NA,"0003000000","7000000","87000000"
1160052051,"02",1,"2331","8012",1,"6",6,"0005700000","0068400000","0003600000","0043200000",NA,"0003000000","3600000","46200000"
1160020107,"01",1,"9314","4521",3,"8",7,"0004500000","0009000000","0004500000","0009000000","000",NA,"4500000","9000000"
1160020107,"03",1,"9314","4521",3,"8",7,"0004500000","0018000000","0004500000","0018000000",NA,NA,"4500000","18000000"
1160056195,"03",1,"5123","5221",3,"10",7,"0002500000","0007500000","0002500000","0007500000","0","0","2500000","7500000"
1160056195,"04",1,"5122","5221",3,"10",7,"0002500000","0007500000","0002500000","0007500000","0","0","2500000","7500000"
1160056190,"01",1,"9314","4521",3,"8",7,"0003600000","0032400000","0003600000","0032400000",NA,NA,"3600000","32400000"
1160056190,"04",1,"9314","4521",3,"8",7,"0003600000","0025200000","0003600000","0025200000",NA,NA,"3600000","25200000"
1160056186,"01",1,"9314","4521",3,"8",7,"0003600000","0032400000","0003600000","0032400000",NA,NA,"3600000","32400000"
1160056192,"03",1,"9314","4521",3,"8",7,"0003000000","0024000000","0003000000","0024000000","0","0","3000000","24000000"
1160056198,"01",1,"9314","4521",3,"8",7,"0003000000","0021000000","0003000000","0021000000",NA,NA,"3000000","21000000"
1160056198,"03",1,"9314","4521",3,"8",7,"0003000000","0015000000","0003000000","0015000000",NA,NA,"3000000","15000000"
1160056198,"04",1,"9314","4521",3,"8",7,"0003000000","0015000000","0003000000","0015000000",NA,NA,"3000000","15000000"
1160032118,"06",1,"9314","4521",3,"8",7,"0004500000","0013500000","0004500000","0013500000","0","0","4500000","13500000"
1160032118,"07",1,"9314","4521",3,"8",7,"0004500000","0018000000","0004500000","0018000000",NA,NA,"4500000","18000000"
1160032115,"03",1,"9314","4521",3,"8",7,"0004500000","0022500000","0004500000","0022500000",NA,NA,"4500000","22500000"
1160080056,"01",1,"9314","2320",3,"8",6,"0005900000","0073000000","0004500000","0054000000",NA,"0003000000","4500000","57000000"
1160080049,"01",1,"9314","4521",3,"8",7,"0009000000","0036000000","0009000000","0036000000",NA,NA,"9000000","36000000"
1160080055,"01",1,"9314","4521",3,"13",7,"0005700000","0069000000","0005200000","0063000000","0","0","5200000","63000000"
1170061064,"02",1,"1429","8021",1,"5",6,"0007500000","0090000000","0005670000","0068040000","0000500000","0006000000","6170000","74040000"
1170073063,"01",2,"8322","6023",3,NA,NA,"0","0008000000","0","0008000000","0","0","0","8000000"
1170101002,"01",1,"4134","7512",1,"8",6,"0005900000","0075600000","0005029000","0060348000",NA,"0004800000","5029000","65148000"
1170101002,"02",1,"2320","8021",1,"5",5,"0004500000","0057000000","0003895000","0046740000",NA,"0003000000","3895000","49740000"
1170101012,"01",1,"5169","7512",1,"8",6,"0004800000","0061100000","0004138000","0049656000",NA,"0003500000","4138000","53156000"
1170073058,"03",1,"2351","7512",1,"10",6,"0003600000","0046200000","0003348000","0040176000",NA,"0003000000","3348000","43176000"
1170013060,"01",1,"2320","8021",1,"6",6,"0005000000","0063000000","0004500000","0054000000",NA,"0003000000","4500000","57000000"
1170029157,"01",1,"4190","7511",1,"5",4,"0000800000","0009600000","0000800000","0009600000",NA,NA,"800000","9600000"
1170029157,"04",1,"2331","8012",1,"5",6,"0004600000","0058200000","0004000000","0048000000",NA,"0003000000","4000000","51000000"
1170029167,"01",1,"9314","4521",3,"8",3,"0001800000","0012000000","0001800000","0012000000",NA,NA,"1800000","12000000"
1170097010,"01",1,"9152","1110",1,"8",6,"0004000000","0040000000","0003700000","0038800000",NA,NA,"3700000","38800000"
1170097005,"01",1,"8324","1110",1,"8",6,"0004500000","0054000000","0004200000","0050400000",NA,NA,"4200000","50400000"
1170017174,"01",1,"8163","4100",1,"7",6,"0003500000","0045000000","0002900000","0034800000",NA,"0003000000","2900000","37800000"
1170041012,"02",1,"4115","6422",3,"10",7,"0002200000","0026400000","0002200000","0026400000",NA,NA,"2200000","26400000"
1170077054,"01",1,"2411","7511",1,"8",6,"0006500000","0108000000","0006100000","0073200000",NA,"0030000000","6100000","103200000"
1170077064,"01",1,"1100","7511",1,"8",6,"0007661070","0113932840","0007013460","0084161520",NA,"0022000000","7013460","106161520"
1170085201,"01",1,"9314","4521",3,"8",4,"0002000000","0016000000","0002000000","0016000000",NA,NA,"2000000","16000000"
1170085210,"01",1,"9314","1110",1,"8",5,"0004600000","0069200000","0004280000","0051360000",NA,"0014000000","4280000","65360000"
1170085215,"02",2,"4190","8021",3,NA,NA,"0","0020000000","0","0020000000","0","0","0","20000000"
1170085215,"03",2,"9314","4521",3,NA,NA,"0","0008000000","0","0008000000","0","0","0","8000000"
1170077059,"01",1,"9152","1110",1,"9",5,"0017000000","0214000000","0015200000","0182400000",NA,"0010000000","15200000","192400000"
1170041005,"03",1,"9314","4521",3,"8",4,"0002800000","0033600000","0002800000","0033600000",NA,NA,"2800000","33600000"
1170053005,"01",1,"9314","4521",3,"8",5,"0003500000","0042000000","0003353330","0040239960",NA,NA,"3353330","40239960"
1170053005,"03",1,"9314","4521",3,"8",4,"0002500000","0030000000","0002353330","0028239960",NA,NA,"2353330","28239960"
1170053005,"04",1,"9314","4521",3,"8",4,"0002500000","0030000000","0002500000","0030000000",NA,NA,"2500000","30000000"
1170041005,"04",1,"7433","1810",3,"8",4,"0002600000","0031200000","0002600000","0031200000",NA,NA,"2600000","31200000"
1170045312,"01",1,"9314","4521",3,"8",3,"0002300000","0027600000","0002300000","0027600000",NA,NA,"2300000","27600000"
1170045312,"03",1,"9314","4521",3,"8",4,"0002600000","0031200000","0002600000","0031200000",NA,NA,"2600000","31200000"
1170045315,"01",1,"9314","4521",3,"8",4,"0002500000","0030000000","0002500000","0030000000",NA,NA,"2500000","30000000"
1170053001,"01",1,"3231","8511",1,"8",6,"0007500000","0096000000","0006825000","0081900000",NA,"0006000000","6825000","87900000"
1170053008,"03",1,"2320","8021",1,"6",5,"0004500000","0040500000","0004500000","0040500000",NA,NA,"4500000","40500000"
1170105063,"06",1,"3231","8513",1,"8",6,"0004700000","0057100000","0004481000","0053772000",NA,"0000700000","4481000","54472000"
1170029163,"08",1,"2412","8532",1,"8",6,"0003200000","0041400000","0002700000","0032400000",NA,"0003000000","2700000","35400000"
1170045301,"01",1,"3221","8511",1,"18",3,"0004700000","0059400000","0004480000","0053760000",NA,"0003000000","4480000","56760000"
1170049101,"01",1,"7141","4540",3,"9",5,"0003400000","0040800000","0003241340","0038896080",NA,NA,"3241340","38896080"
1170049112,"03",1,"9314","4521",3,"8",4,"0002800000","0033600000","0002800000","0033600000",NA,NA,"2800000","33600000"
1170049112,"04",1,"9314","4521",3,"8",3,"0002500000","0030000000","0002500000","0030000000",NA,NA,"2500000","30000000"
1170073069,"03",1,"2213","7513",1,"8",1,"0001500000","0018000000","0001500000","0018000000",NA,NA,"1500000","18000000"
1170049109,"03",1,"8324","7513",1,"9",6,"0005800000","0072000000","0005529340","0066352080",NA,"0002400000","5529340","68752080"
1170049109,"04",1,"9314","4521",3,"8",4,"0002400000","0028800000","0002400000","0028800000",NA,NA,"2400000","28800000"
1170049103,"04",1,"7141","4521",3,"9",4,"0002500000","0030000000","0002500000","0030000000",NA,NA,"2500000","30000000"
1170093214,"01",1,"0111","7522",1,"8",6,"0004500000","0056500000","0004140000","0049680000",NA,"0002500000","4140000","52180000"
1170093219,"03",1,"7233","1110",1,"8",6,"0005000000","0063000000","0004600000","0055200000",NA,"0003000000","4600000","58200000"
1170093226,"01",1,"2320","8021",1,"6",4,"0006100000","0080200000","0005560000","0066720000",NA,"0007000000","5560000","73720000"
1170093216,"05",1,"3475","9241",3,"5",2,"0","0010000000","0","0010000000","0","0","0","10000000"
1170061050,"01",1,"4134","7493",3,"10",6,"0004630000","0055560000","0003950940","0047411280","0000510000","0006120000","4460940","53531280"
1170061055,"01",1,"2320","8021",1,"6",4,"0004300000","0051600000","0003240000","0038880000","0000300000","0003600000","3540000","42480000"
1170061061,"04",1,"3152","4100",1,"5",6,"0003680000","0044160000","0003328270","0039939240","0000180000","0002160000","3508270","42099240"
1170061061,"05",1,"9314","4521",3,"8",5,"0002800000","0033600000","0002800000","0033600000",NA,NA,"2800000","33600000"
1170009053,"01",1,"5162","7523",1,"7",6,"0010000000","0123000000","0009010000","0108120000",NA,"0003000000","9010000","111120000"
1170089217,"01",1,"2490","7513",1,"8",6,"0007227420","0088229040","0007227420","0086729040",NA,"0001500000","7227420","88229040"
1170017167,"01",1,"1427","7513",1,"7",6,"0006700000","0087000000","0006000000","0072000000",NA,"0006600000","6000000","78600000"
1170009055,"01",1,"2320","8021",1,"6",4,"0005500000","0069000000","0004757500","0057090000",NA,"0003000000","4757500","60090000"
1170009055,"02",1,"5162","7523",1,"7",6,"0006400000","0079800000","0005000000","0060000000",NA,"0003000000","5000000","63000000"
1170009060,"07",1,"7417","5223",3,"8",6,"0002080000","0024960000","0002080000","0024960000",NA,NA,"2080000","24960000"
1170009061,"01",1,"5162","7523",1,"7",6,"0006000000","0075000000","0005380000","0064560000",NA,"0003000000","5380000","67560000"
1170009061,"02",1,"3231","8517",1,"7",6,"0005000000","0064200000","0004550000","0054600000",NA,"0004200000","4550000","58800000"
1170021201,"01",1,"2320","8021",1,"8",6,"0006400000","0082400000","0005584000","0067008000",NA,"0005600000","5584000","72608000"
1170009064,"01",1,"8322","7512",1,"7",6,"0003900000","0057000000","0003200000","0038400000",NA,"0010200000","3200000","48600000"
1170053015,"03",1,"7231","5040",3,"8",5,"0002800000","0033600000","0002800000","0033600000",NA,NA,"2800000","33600000"
1170057062,"01",1,"2331","8012",1,"5",6,"0007500000","0093000000","0006825000","0081900000",NA,"0003000000","6825000","84900000"
1170057061,"01",1,"2331","8012",1,"4",6,"0007000000","0088000000","0006370000","0076440000",NA,"0004000000","6370000","80440000"
1170057066,"01",1,"2331","8012",1,"5",6,"0008000000","0099000000","0007280000","0087360000",NA,"0003000000","7280000","90360000"
1170065308,"01",1,"1100","7512",1,"7",6,"0006000000","0074400000","0005720000","0068640000",NA,"0002400000","5720000","71040000"
1170065312,"03",1,"9314","4521",3,"8",4,"0002800000","0033600000","0002800000","0033600000",NA,NA,"2800000","33600000"
1170065316,"01",1,"7123","4521",3,"8",6,"0006500000","0078000000","0006500000","0078000000",NA,NA,"6500000","78000000"
1170089207,"01",1,"7231","1110",1,"8",6,"0005154580","0061854960","0004870000","0058440000",NA,NA,"4870000","58440000"
1170057055,"01",1,"9314","4521",3,"8",5,"0002900000","0034800000","0002900000","0034800000",NA,NA,"2900000","34800000"
1170057057,"01",1,"2331","8012",1,"4",6,"0006300000","0078600000","0005733000","0068796000",NA,"0003000000","5733000","71796000"
1170057057,"02",1,"2331","8012",1,"4",6,"0006300000","0078600000","0005733000","0068796000",NA,"0003000000","5733000","71796000"
1170069111,"01",1,"9314","4521",3,"8",5,"0003500000","0020000000","0003500000","0020000000",NA,NA,"3500000","20000000"
1170069108,"01",1,"9314","4521",3,"8",3,"0001200000","0015000000","0001200000","0015000000",NA,NA,"1200000","15000000"
1170069108,"03",2,"9314","4521",3,NA,NA,"0","0008000000","0","0008000000","0","0","0","8000000"
1170069108,"09",2,"9314","4521",3,NA,NA,"0","0005000000","0","0005000000","0","0","0","5000000"
1170005161,"01",1,"9314","4521",3,"8",4,"0002500000","0030000000","0002500000","0030000000",NA,NA,"2500000","30000000"
1170005165,"01",1,"5162","7523",1,"8",6,"0004300000","0055100000","0003913000","0046956000",NA,"0003500000","3913000","50456000"
1170025462,"06",1,"4222","8514",3,"8",6,"0002500000","0030000000","0002500000","0030000000",NA,NA,"2500000","30000000"
1170025464,"01",1,"8324","6023",3,"10",6,"0005800000","0084000000","0005800000","0084000000",NA,NA,"5800000","84000000"
1170025464,"04",1,"8221","2423",3,"8",6,"0004500000","0056500000","0003935000","0047220000",NA,"0002500000","3935000","49720000"
1170001109,"01",1,"9314","4521",3,"8",3,"0001700000","0020000000","0001700000","0020000000",NA,NA,"1700000","20000000"
1170045308,"01",1,"2331","8012",1,"8",6,"0005800000","0072600000","0005300000","0063600000",NA,"0003000000","5300000","66600000"
1170005159,"04",1,"4221","6512",1,"8",6,"0005800000","0074800000","0005098000","0061176000",NA,"0005200000","5098000","66376000"
1170097007,"04",1,"1100","8031",3,"8",5,"0010000000","0128000000","0008500000","0102000000",NA,"0008000000","8500000","110000000"
1170097007,"05",1,"2213","7513",1,"8",6,"0002500000","0030000000","0002500000","0030000000",NA,NA,"2500000","30000000"
1170105051,"03",1,"9314","4521",3,"8",4,"0002500000","0030000000","0002500000","0030000000",NA,NA,"2500000","30000000"
1170105056,"01",1,"2351","7512",1,"8",6,"0008600000","0105200000","0007826000","0093912000","0","0002000000","7826000","95912000"
1170105058,"01",1,"0111","7522",1,"8",6,"0005600000","0067200000","0005100000","0061200000",NA,NA,"5100000","61200000"
1170037043,"03",1,"9314","4521",3,"8",3,"0001400000","0018000000","0001400000","0018000000",NA,NA,"1400000","18000000"
1170037046,"01",1,"2320","8021",1,"8",5,"0005200000","0066400000","0004462000","0053544000",NA,"0004000000","4462000","57544000"
1170037052,"01",1,"9314","4521",3,"8",4,"0002400000","0026000000","0002400000","0026000000",NA,NA,"2400000","26000000"
1170037055,"04",2,"9314","4521",3,NA,NA,"0","0017000000","0","0017000000","0","0","0","17000000"
1170029155,"01",2,"9314","4521",3,NA,NA,"0","0009600000","0","0009600000","0","0","0","9600000"
1170102001,"01",1,"2320","8021",1,"8",6,"0006700000","0084800000","0005867000","0070404000",NA,"0004400000","5867000","74804000"
1170102001,"02",1,"2320","8021",1,"8",4,"0005300000","0066600000","0004693000","0056316000",NA,"0003000000","4693000","59316000"
1170102012,"01",1,"2320","8021",1,"8",6,"0007200000","0091700000","0006272000","0075264000",NA,"0005300000","6272000","80564000"
1170038269,"02",1,"9314","4521",3,"8",3,"0001800000","0021600000","0001800000","0021600000",NA,NA,"1800000","21600000"
1170050014,"01",1,"4142","7493",3,"8",6,"0006000000","0077000000","0005720000","0068640000",NA,"0005000000","5720000","73640000"
1170050012,"01",1,"1100","6512",1,"10",6,"0006000000","0100800000","0005720000","0068640000",NA,"0028800000","5720000","97440000"
1170062165,"01",1,"9314","4521",3,"8",4,"0002400000","0028800000","0002400000","0028800000",NA,NA,"2400000","28800000"
1170062173,"01",1,"8324","6023",3,"15",3,"0001800000","0021600000","0001800000","0021600000",NA,NA,"1800000","21600000"
1170062173,"03",1,"9314","4521",3,"8",3,"0002400000","0028800000","0002400000","0028800000",NA,NA,"2400000","28800000"
1170062175,"03",1,"7231","5020",3,"8",6,"0002700000","0032400000","0002700000","0032400000",NA,NA,"2700000","32400000"
1170042232,"01",1,"2320","8021",1,"6",6,"0006000000","0075000000","0005890000","0070680000",NA,"0003000000","5890000","73680000"
1170042234,"01",1,"9314","4521",3,"8",5,"0002800000","0034000000","0002800000","0034000000",NA,NA,"2800000","34000000"
1170042239,"01",1,"9314","4521",3,"8",5,"0003000000","0036000000","0003000000","0036000000",NA,NA,"3000000","36000000"
1170042242,"01",1,"7123","4521",3,"8",3,"0001800000","0024000000","0001800000","0024000000",NA,NA,"1800000","24000000"
1170066065,"03",1,"9314","4521",3,"8",3,"0001400000","0016800000","0001400000","0016800000",NA,NA,"1400000","16800000"
1170058254,"01",1,"9314","4521",3,"8",4,"0002400000","0029000000","0002400000","0029000000",NA,NA,"2400000","29000000"
1170058254,"04",1,"9314","4521",3,"8",3,"0001800000","0023000000","0001800000","0023000000",NA,NA,"1800000","23000000"
1170054105,"01",1,"7132","4540",3,"8",4,"0003200000","0038400000","0003200000","0038400000",NA,NA,"3200000","38400000"
1170054105,"07",1,"9314","4521",3,"8",2,"0001200000","0015000000","0001200000","0015000000",NA,NA,"1200000","15000000"
1170054108,"04",1,"9314","4521",3,"8",5,"0002700000","0033000000","0002700000","0033000000",NA,NA,"2700000","33000000"
1170054111,"01",1,"4223","8513",1,"8",6,"0007000000","0086500000","0006870000","0082440000",NA,"0002500000","6870000","84940000"
1170058251,"04",1,"9314","4521",3,"8",5,"0002800000","0033600000","0002800000","0033600000",NA,NA,"2800000","33600000"
1170058251,"06",1,"9314","4521",3,"8",5,"0002700000","0033000000","0002700000","0033000000",NA,NA,"2700000","33000000"
1170058251,"07",1,"9314","4521",3,"8",2,"0001200000","0016000000","0001200000","0016000000",NA,NA,"1200000","16000000"
1170058258,"01",1,"9314","4521",3,"8",5,"0002900000","0035000000","0002900000","0035000000",NA,NA,"2900000","35000000"
1170058261,"01",1,"9314","4521",3,"8",5,"0002700000","0033000000","0002700000","0033000000",NA,NA,"2700000","33000000"
1170058264,"01",1,"9141","8021",1,"8",7,"0005500000","0070000000","0005380000","0064560000",NA,"0004000000","5380000","68560000"
1170050004,"01",1,"9314","4521",3,"8",4,"0002700000","0032400000","0002700000","0032400000",NA,NA,"2700000","32400000"
1170038262,"01",1,"9314","4521",3,"8",4,"0002700000","0032400000","0002700000","0032400000",NA,NA,"2700000","32400000"
1170038265,"03",1,"9314","4521",3,"8",4,"0002500000","0030000000","0002500000","0030000000",NA,NA,"2500000","30000000"
1170038265,"04",1,"9314","4521",3,"8",4,"0002600000","0031200000","0002600000","0031200000",NA,NA,"2600000","31200000"
1170038265,"07",1,"9314","4521",3,"8",3,"0002000000","0024000000","0002000000","0024000000",NA,"0","2000000","24000000"
1170038272,"02",1,"9314","4521",3,"8",3,"0002300000","0027600000","0002300000","0027600000",NA,NA,"2300000","27600000"
1170038272,"04",1,"7221","2892",3,"8",4,"0002500000","0030000000","0002500000","0030000000",NA,NA,"2500000","30000000"
1170014103,"01",2,"9314","4521",3,NA,NA,"0005500000","0066000000","0005500000","0066000000",NA,NA,"5500000","66000000"
1170014115,"01",1,"9314","4521",2,"6",4,"0002000000","0024000000","0002000000","0024000000",NA,NA,"2000000","24000000"
1170054114,"01",1,"5123","7513",1,"8",6,"0004500000","0058000000","0004290000","0051480000",NA,"0004000000","4290000","55480000"
1170054115,"01",1,"7137","4532",3,"8",3,"0002000000","0021000000","0002000000","0021000000",NA,NA,"2000000","21000000"
1170054115,"03",1,"7137","4532",3,"8",3,"0001500000","0018000000","0001500000","0018000000",NA,NA,"1500000","18000000"
1170054115,"04",1,"9314","4521",3,"8",4,"0001700000","0022000000","0001700000","0022000000",NA,NA,"1700000","22000000"
1170014114,"01",1,"9152","6411",1,"10",7,"0003500000","0049200000","0003250000","0039000000",NA,"0007200000","3250000","46200000"
1170022002,"03",2,"9314","4521",3,NA,NA,"0","0018000000","0","0018000000","0","0","0","18000000"
1170022010,"01",1,"9314","4521",3,"8",5,"0003600000","0038000000","0003600000","0038000000",NA,NA,"3600000","38000000"
1170006194,"01",1,"0111","7522",1,"7",6,"0006500000","0083000000","0005600000","0067200000",NA,"0005000000","5600000","72200000"
1170006203,"01",1,"1100","7513",1,"8",6,"0008400000","0106000000","0007244000","0086928000",NA,"0005200000","7244000","92128000"
1170034013,"01",1,"5162","7523",1,"8",6,"0007000000","0088500000","0006242600","0074911200",NA,"0004500000","6242600","79411200"
1170082095,"01",1,"8322","1110",1,"8",6,"0004500000","0057000000","0004200000","0050400000",NA,"0003000000","4200000","53400000"
1170090199,"01",1,"3115","1110",1,"8",5,"0019391400","0241696800","0017073050","0204876600",NA,"0009000000","17073050","213876600"
1170106374,"01",1,"1100","7511",1,"8",6,"0003500000","0042000000","0003500000","0042000000",NA,NA,"3500000","42000000"
1170062169,"02",1,"7137","4532",3,"8",4,"0002450000","0029400000","0002450000","0029400000",NA,NA,"2450000","29400000"
1170014106,"01",1,"4134","6021",3,"8",6,"0017000000","0210000000","0014900000","0178800000",NA,"0006000000","14900000","184800000"
1170014109,"03",1,"9314","4521",3,"8",5,"0003500000","0042000000","0003500000","0042000000",NA,NA,"3500000","42000000"
1170014109,"04",1,"4134","6023",1,"8",5,"0002500000","0033000000","0002380000","0028560000",NA,"0003000000","2380000","31560000"
1170018055,"01",1,"3449","7513",1,"8",6,"0005200000","0062400000","0004632000","0055584000",NA,"0003000000","4632000","58584000"
1170022004,"01",1,"4121","7512",1,"8",6,"0007200000","0091200000","0006416000","0076992000",NA,"0004800000","6416000","81792000"
1170026156,"01",1,"2142","7513",1,"7",6,"0005580000","0072960000","0005070000","0060840000",NA,"0006000000","5070000","66840000"
1170098057,"03",1,"8322","1110",1,"12",6,"0005617270","0067407240","0005257440","0063089280",NA,NA,"5257440","63089280"
1170098057,"04",1,"8155","7414",1,"8",6,"0005500000","0066000000","0005200000","0062400000",NA,NA,"5200000","62400000"
1170038273,"01",1,"8332","7511",1,"17",7,"0006500000","0138000000","0006200000","0074400000",NA,"0060000000","6200000","134400000"
1170050003,"01",1,"5220","6302",3,"8",6,"0002400000","0028800000","0002400000","0028800000",NA,NA,"2400000","28800000"
1170074116,"02",1,"2320","8021",1,"6",4,"0006110000","0077320000","0005517000","0066204000",NA,"0004000000","5517000","70204000"
1170074118,"01",1,"2331","8012",1,"4",6,"0006636510","0093138120","0006051960","0072623520",NA,"0013500000","6051960","86123520"
1170086161,"01",1,"9314","4521",3,"8",4,"0004500000","0045000000","0004500000","0045000000",NA,NA,"4500000","45000000"
1170086172,"01",1,"2331","8012",1,"7",6,"0006915270","0090983240","0006359430","0076313160",NA,"0008000000","6359430","84313160"
1170078094,"01",2,"5220","5223",3,NA,NA,"0002500000","0017500000","0002500000","0017500000",NA,NA,"2500000","17500000"
1170078101,"01",1,"4134","0201",1,"8",6,"0005520000","0093331200","0005520000","0076240000",NA,"0010000000","5520000","86240000"
1170078105,"01",1,"9152","0201",1,"8",6,"0003910000","0058920000","0003636300","0043635600",NA,"0012000000","3636300","55635600"
1170086170,"01",1,"4222","1110",1,"8",6,"0005000000","0064000000","0004650000","0055800000",NA,"0004000000","4650000","59800000"
1170090190,"01",1,"2149","1110",1,"10",5,"0008500000","0107000000","0007500000","0090000000",NA,"0005000000","7500000","95000000"
1170090194,"01",1,"8154","1110",1,"10",5,"0011000000","0135000000","0009000000","0105000000",NA,"0008000000","9000000","113000000"
1170090195,"01",1,"3435","1110",1,"8",5,"0006000000","0087000000","0005600000","0067200000",NA,"0015000000","5600000","82200000"
1170090203,"01",1,"4223","1110",1,"10",5,"0016300000","0203600000","0014500000","0174000000",NA,"0008000000","14500000","182000000"
1170098059,"01",1,"8322","1110",3,"8",6,"0003300000","0039600000","0003000000","0036000000",NA,NA,"3000000","36000000"
1170098059,"03",1,"2230","8511",1,"8",6,"0004500000","0040500000","0004200000","0037800000",NA,NA,"4200000","37800000"
1170098059,"05",1,"9132","5222",3,"9",6,"0001300000","0010400000","0001300000","0010400000",NA,NA,"1300000","10400000"
1170098063,"01",1,"7233","7493",3,"8",5,"0004427920","0039851280","0004189000","0037701000",NA,NA,"4189000","37701000"
1170098063,"02",1,"2212","8532",1,"8",6,"0001500000","0035600000","0001500000","0035600000",NA,NA,"1500000","35600000"
1170002003,"01",1,"5162","7523",1,"7",6,"0004800000","0060600000","0004200000","0050400000",NA,"0003000000","4200000","53400000"
1170002006,"01",1,"2490","7514",1,"8",6,"0005000000","0070800000","0004460000","0053520000",NA,"0010800000","4460000","64320000"
1170050007,"04",1,"9314","4521",3,"8",3,"0002000000","0024000000","0002000000","0024000000",NA,NA,"2000000","24000000"
1170066051,"01",1,"9314","4521",3,"8",4,"0002100000","0025200000","0002100000","0025200000",NA,NA,"2100000","25200000"
1170066054,"07",1,"9314","4521",3,"8",3,"0002200000","0026400000","0002200000","0026400000",NA,NA,"2200000","26400000"
1170066054,"09",1,"7221","2892",3,"8",4,"0002600000","0031200000","0002600000","0031200000",NA,NA,"2600000","31200000"
1170066058,"01",1,"7417","5223",3,"8",6,"0003400000","0040800000","0003242000","0038904000",NA,NA,"3242000","38904000"
1170066058,"05",1,"9314","4521",3,"8",3,"0002000000","0024000000","0002000000","0024000000",NA,NA,"2000000","24000000"
1170010170,"02",1,"7433","1810",3,"10",6,"0002000000","0024000000","0002000000","0024000000",NA,NA,"2000000","24000000"
1170030007,"01",1,"2310","8031",1,"12",5,"0006000000","0102000000","0005500000","0066000000",NA,"0030000000","5500000","96000000"
1170030011,"03",1,"4190","7530",1,"8",6,"0004800000","0064200000","0004480000","0053760000",NA,"0006600000","4480000","60360000"
1170030015,"01",1,"2320","8021",1,"6",4,"0006000000","0075000000","0005400000","0064800000",NA,"0003000000","5400000","67800000"
1170002010,"01",1,"0111","7522",1,"8",6,"0007000000","0089500000","0007000000","0084000000",NA,"0005500000","7000000","89500000"
1170010159,"01",1,"3416","7513",1,"8",6,"0005000000","0063500000","0004700000","0056400000",NA,"0003500000","4700000","59900000"
1170010161,"04",1,"9314","4521",3,"8",6,"0004000000","0048000000","0004000000","0048000000",NA,NA,"4000000","48000000"
1170010163,"01",1,"7221","2892",3,"10",6,"0004300000","0051600000","0004300000","0051600000",NA,NA,"4300000","51600000"
1170010163,"03",1,"9152","7513",1,"8",6,"0004200000","0054900000","0003700000","0044400000",NA,"0004500000","3700000","48900000"
1170010167,"01",1,"5162","7523",1,"8",6,"0007360000","0091820000","0006560000","0078720000",NA,"0003500000","6560000","82220000"
1170046157,"01",1,"2320","8021",1,"8",6,"0006600000","0082200000","0006457000","0077484000",NA,"0003000000","6457000","80484000"
1170030002,"01",1,"4121","9003",1,"8",6,"0006000000","0081500000","0005500000","0066000000",NA,"0009500000","5500000","75500000"
1170030002,"01",1,"2320","8021",1,"6",4,"0006000000","0075000000","0005800000","0069600000",NA,"0003000000","5800000","72600000"
1170034009,"01",1,"8322","6022",3,"10",6,"0005000000","0060000000","0005000000","0060000000",NA,NA,"5000000","60000000"
1170046160,"01",1,"2331","8012",1,"7",6,"0006780000","0084360000","0006630000","0079560000",NA,"0003000000","6630000","82560000"
1170046164,"01",1,"5162","7523",1,"12",6,"0007000000","0087000000","0006848000","0082176000",NA,"0003000000","6848000","85176000"
1170046167,"01",1,"7132","4540",3,"8",4,"0006300000","0075600000","0006300000","0075600000",NA,NA,"6300000","75600000"
1170046170,"01",1,"9314","4521",3,"8",5,"0003000000","0036000000","0003000000","0036000000",NA,NA,"3000000","36000000"
1170094059,"01",1,"5122","7512",1,"8",6,"0006260000","0078620000","0005760000","0069120000",NA,"0003500000","5760000","72620000"
1170094058,"01",1,"2453","9214",3,"5",4,"0010000000","0050000000","0010000000","0050000000",NA,NA,"10000000","50000000"
1170094052,"01",1,"9152","7523",1,"8",5,"0006353270","0088239240","0005850000","0064200000",NA,"0018000000","5850000","82200000"
1170094054,"01",1,"5169","7513",1,"8",6,"0007830000","0108960000","0007230000","0086760000",NA,"0015000000","7230000","101760000"
1170070300,"04",1,"9314","4521",3,"8",2,"0000500000","0004000000","0000500000","0004000000",NA,NA,"500000","4000000"
1170094049,"01",1,"8322","6022",3,"8",7,"0003000000","0035000000","0003000000","0035000000",NA,NA,"3000000","35000000"
1170094049,"05",1,"9314","4521",3,"8",4,"0002800000","0014000000","0002800000","0014000000",NA,NA,"2800000","14000000"
1170094049,"07",1,"7212","4521",3,"7",3,"0002000000","0007000000","0002000000","0007000000",NA,NA,"2000000","7000000"
1170106379,"01",1,"9314","4521",3,"8",4,"0002400000","0029000000","0002400000","0029000000",NA,NA,"2400000","29000000"
1170106376,"01",1,"1427","7513",1,"8",6,"0007500000","0093000000","0007340000","0088080000",NA,"0003000000","7340000","91080000"
1170103008,"01",1,"3435","6512",1,"8",6,"0006000000","0076000000","0005890000","0070680000",NA,"0004000000","5890000","74680000"
1170047113,"04",1,"9152","7493",1,"8",7,"0003400000","0040800000","0003240000","0038880000",NA,NA,"3240000","38880000"
1170047123,"01",1,"1429","8021",1,"8",6,"0006200000","0080400000","0006087000","0073044000",NA,"0006000000","6087000","79044000"
1170103005,"01",1,"9314","4521",3,"8",5,"0003000000","0035000000","0003000000","0035000000",NA,NA,"3000000","35000000"
1170051112,"01",1,"8322","7493",3,"10",6,"0004500000","0062000000","0004185000","0050220000",NA,"0008000000","4185000","58220000"
1170051115,"01",1,"9314","4521",3,"8",4,"0002400000","0028000000","0002400000","0028000000",NA,NA,"2400000","28000000"
1170051115,"04",1,"9314","4521",3,"8",5,"0002700000","0032000000","0002700000","0032000000",NA,NA,"2700000","32000000"
1170051110,"01",1,"2331","8012",1,"5",6,"0006700000","0083900000","0006580000","0078960000",NA,"0003500000","6580000","82460000"
1170059007,"01",1,"4134","5234",3,"8",5,"0003250000","0039000000","0003250000","0039000000",NA,NA,"3250000","39000000"
1170059007,"04",1,"8323","6022",3,"10",6,"0003300000","0039600000","0002906000","0034872000",NA,NA,"2906000","34872000"
1170015105,"01",1,"2429","6303",1,"8",7,"0004500000","0060000000","0004100000","0049200000",NA,"0006000000","4100000","55200000"
1170047110,"01",1,"9314","4521",3,"8",5,"0002955000","0035464000","0002955000","0035464000",NA,NA,"2955000","35464000"
1170047120,"03",1,"2331","8012",3,"5",6,"0003000000","0036000000","0003000000","0036000000",NA,NA,"3000000","36000000"
1170059005,"01",1,"7137","4532",3,"6",3,"0001700000","0020000000","0001700000","0020000000",NA,NA,"1700000","20000000"
1170059010,"01",1,"5220","5234",3,"9",7,"0004700000","0056400000","0004700000","0056400000",NA,NA,"4700000","56400000"
1170059014,"01",1,"7141","4540",3,"8",5,"0002800000","0033600000","0002800000","0033600000",NA,NA,"2800000","33600000"
1170059014,"04",1,"7141","4540",3,"8",4,"0002600000","0031200000","0002600000","0031200000",NA,NA,"2600000","31200000"
1170075014,"01",1,"1422","1555",3,"8",6,"0004750000","0057000000","0004300000","0051600000",NA,NA,"4300000","51600000"
1170083163,"01",1,"9152","1110",1,"8",6,"0005819723","0069836676","0005421949","0065063388",NA,NA,"5421949","65063388"
1170095105,"01",1,"2331","8012",1,"4",6,"0007400000","0093800000","0006750000","0081000000",NA,"0005000000","6750000","86000000"
1170095105,"04",1,"2412","7493",3,"8",6,"0002200000","0026400000","0002000000","0024000000",NA,NA,"2000000","24000000"
1170011171,"01",1,"9314","4521",3,"8",5,"0003400000","0042000000","0003400000","0042000000",NA,NA,"3400000","42000000"
1170087172,"01",1,"2146","1110",1,"8",5,"0011000000","0140500000","0009000000","0108000000",NA,"0008500000","9000000","116500000"
1170007053,"01",1,"1423","4521",3,"7",5,"0007500000","0080000000","0007500000","0080000000",NA,NA,"7500000","80000000"
1170007057,"01",1,"2331","8012",1,"8",6,"0006400000","0081600000","0005584000","0067008000",NA,"0004800000","5584000","71808000"
1170091120,"01",1,"8161","1110",1,"10",6,"0026000000","0347000000","0021200000","0254400000",NA,"0035000000","21200000","289400000"
1170063009,"01",1,"9314","4521",3,"8",5,"0002900000","0035000000","0002900000","0035000000",NA,NA,"2900000","35000000"
1170051103,"04",1,"9314","4521",3,"8",5,"0002600000","0032000000","0002600000","0032000000",NA,NA,"2600000","32000000"
1170091122,"01",1,"2142","1110",1,"10",5,"0018000000","0236000000","0015000000","0180000000",NA,"0020000000","15000000","200000000"
1170091122,"03",1,"4190","1555",1,"8",6,"0005500000","0069500000","0005000000","0060000000",NA,"0003500000","5000000","63500000"
1170091122,"04",1,"8155","1110",1,"10",5,"0008600000","0108200000","0008000000","0096000000",NA,"0005000000","8000000","101000000"
1170039317,"01",1,"4190","7512",1,"8",6,"0006600000","0083900000","0006480000","0077760000",NA,"0004700000","6480000","82460000"
1170039314,"01",1,"4190","8513",1,"8",6,"0007500000","0093500000","0007363000","0088356000",NA,"0003500000","7363000","91856000"
1170039319,"01",1,"9314","4521",3,"8",4,"0002400000","0029000000","0002400000","0029000000",NA,NA,"2400000","29000000"
1170039327,"01",1,"9152","2695",3,"8",5,"0002900000","0035000000","0002900000","0035000000",NA,NA,"2900000","35000000"
1170051106,"01",1,"3111","4100",1,"8",6,"0008000000","0108000000","0007440000","0089280000",NA,"0012000000","7440000","101280000"
1170051106,"02",1,"1429","8021",1,"8",6,"0006700000","0086000000","0006580000","0078960000",NA,"0005600000","6580000","84560000"
1170063002,"01",1,"8324","4010",1,"8",6,"0005000000","0064000000","0004910000","0058920000",NA,"0004000000","4910000","62920000"
1170063002,"03",1,"9314","4521",3,"8",4,"0002400000","0028000000","0002400000","0028000000",NA,NA,"2400000","28000000"
1170063002,"05",1,"9314","4521",3,"8",5,"0002800000","0033000000","0002800000","0033000000",NA,NA,"2800000","33000000"
1170063006,"06",1,"7433","1810",3,"8",4,"0002200000","0026000000","0002200000","0026000000",NA,NA,"2200000","26000000"
1170063010,"01",1,"2331","8012",1,"6",5,"0007800000","0096600000","0007660000","0091920000",NA,"0003000000","7660000","94920000"
1170091110,"01",1,"3111","1110",1,"8",6,"0027580000","0365960000","0023468820","0281625840",NA,"0035000000","23468820","316625840"
1170091117,"01",1,"4190","1110",1,"10",6,"0026910000","0340920000","0021885000","0262620000",NA,"0018000000","21885000","280620000"
1170019099,"01",1,"2351","8031",1,"8",6,"0008000000","0099000000","0007030000","0084360000",NA,"0003000000","7030000","87360000"
1170019113,"01",1,"1410","7513",1,"8",6,"0008120000","0105440000","0007390000","0088680000","0000730000","0008000000","8120000","96680000"
1170015102,"03",1,"4142","6411",1,"8",6,"0004500000","0057000000","0004200000","0050400000",NA,"0003000000","4200000","53400000"
1170015107,"01",1,"2310","8031",1,"8",4,"0032600000","0421200000","0026846000","0322152000","0","0003000000","26846000","325152000"
1170075005,"01",1,"8322","6023",3,"12",7,"0005000000","0060000000","0005000000","0060000000",NA,NA,"5000000","60000000"
1170075009,"04",1,"2230","8511",3,"8",6,"0003490000","0041880000","0003490000","0041880000",NA,NA,"3490000","41880000"
1170079165,"01",1,"3439","4020",3,"8",6,"0005200000","0067400000","0004800000","0057600000",NA,"0005000000","4800000","62600000"
1170087166,"01",1,"8111","2696",3,"8",7,"0002000000","0020000000","0002000000","0020000000",NA,NA,"2000000","20000000"
1170087169,"01",1,"2230","8511",1,"8",5,"0007465000","0097580000","0006640020","0079680240",NA,"0008000000","6640020","87680240"
1170087169,"02",1,"2230","8513",1,"8",6,"0005294000","0068528000","0004849868","0058198416",NA,"0005000000","4849868","63198416"
1170099060,"03",1,"8322","6022",3,"8",6,"0006400000","0076800000","0006400000","0076800000",NA,NA,"6400000","76800000"
1170099064,"03",2,"9314","4521",3,NA,NA,"0003000000","0030000000","0003000000","0030000000",NA,NA,"3000000","30000000"
1170015096,"01",1,"8322","6022",3,"10",4,"0001800000","0031600000","0001800000","0031600000",NA,NA,"1800000","31600000"
1170015100,"03",1,"8322","6022",3,"10",6,"0006000000","0072000000","0006000000","0072000000",NA,NA,"6000000","72000000"
1170019103,"03",1,"2320","8021",1,"6",4,"0004000000","0048000000","0003650000","0043800000",NA,NA,"3650000","43800000"
1170019107,"01",1,"5162","7523",1,"8",6,"0005760000","0072120000","0005160000","0061920000",NA,"0003000000","5160000","64920000"
1170079166,"03",1,"9152","7493",3,"8",5,"0003500000","0045000000","0003255000","0039060000",NA,"0003000000","3255000","42060000"
1170007056,"01",1,"7133","4540",3,"10",4,"0015000000","0085000000","0015000000","0085000000",NA,NA,"15000000","85000000"
1170023159,"05",1,"8322","6022",3,"9",6,"0005000000","0060000000","0005000000","0060000000",NA,NA,"5000000","60000000"
1170023162,"01",1,"9152","7493",3,"8",6,"0006000000","0081000000","0005500000","0066000000",NA,"0009000000","5500000","75000000"
1170023164,"01",1,"2412","9213",1,"8",6,"0006500000","0081700000","0005900000","0070800000",NA,"0003700000","5900000","74500000"
1170035159,"01",1,"9160","7511",1,"8",6,"0003800000","0049600000","0003454000","0041448000",NA,"0004000000","3454000","45448000"
1170023155,"01",1,"2331","8012",1,"4",6,"0007700000","0095900000","0007000000","0084000000",NA,"0003500000","7000000","87500000"
1170023167,"03",1,"1410","8513",1,"8",6,"0007400000","0098800000","0006600000","0079200000",NA,"0010000000","6600000","89200000"
1170031150,"04",1,"3435","7493",3,"8",5,"0003000000","0042000000","0002800000","0033600000",NA,"0006000000","2800000","39600000"
1170031155,"01",1,"2422","7523",1,"8",6,"0027000000","0345350000","0023000000","0276000000",NA,"0021350000","23000000","297350000"
1170043195,"01",1,"3435","8532",1,"8",6,"0006500000","0088000000","0006200000","0074400000",NA,"0010000000","6200000","84400000"
1170055002,"01",1,"1100","4100",1,"8",6,"0007000000","0091000000","0006674000","0080088000",NA,"0007000000","6674000","87088000"
1170055006,"10",1,"7417","5223",1,"8",6,"0004000000","0048000000","0003820000","0045840000",NA,NA,"3820000","45840000"
1170055006,"11",1,"9314","4521",1,"8",5,"0002900000","0035000000","0002900000","0035000000",NA,NA,"2900000","35000000"
1170055011,"01",1,"0111","7522",1,"8",6,"0008400000","0103800000","0008250000","0099000000",NA,"0003000000","8250000","102000000"
1170011167,"01",1,"9314","4521",3,"8",5,"0003000000","0042000000","0003000000","0042000000",NA,NA,"3000000","42000000"
1170027107,"01",1,"1410","7512",1,"8",6,"0007500000","0094500000","0006475000","0077700000",NA,"0004500000","6475000","82200000"
1170043186,"01",1,"9314","4521",3,"8",3,"0001600000","0020000000","0001600000","0020000000",NA,NA,"1600000","20000000"
1170043186,"03",1,"9314","4521",3,"8",4,"0002300000","0027000000","0002300000","0027000000",NA,NA,"2300000","27000000"
1170043186,"06",1,"9314","4521",3,"8",5,"0002600000","0031000000","0002600000","0031000000",NA,NA,"2600000","31000000"
1170043186,"07",1,"9314","4521",3,"8",3,"0001700000","0021000000","0001700000","0021000000",NA,NA,"1700000","21000000"
1170043192,"03",1,"5123","5521",3,"12",6,"0002700000","0032400000","0002700000","0032400000",NA,NA,"2700000","32400000"
1170055009,"01",1,"9211","7493",3,"8",6,"0003500000","0052000000","0003336000","0040032000",NA,"0010000000","3336000","50032000"
1170067221,"01",1,"4134","7512",1,"8",6,"0005704319","0076451828","0005295000","0063540000",NA,"0008000000","5295000","71540000"
1170103014,"01",1,"4211","8532",1,"8",6,"0008000000","0100000000","0007850000","0094200000",NA,"0004000000","7850000","98200000"
1170071205,"01",1,"2490","8532",1,"8",6,"0007900000","0097800000","0006900000","0082800000",NA,"0003000000","6900000","85800000"
1170071205,"02",1,"1429","8021",1,"6",6,"0006973760","0086685120","0006250000","0075000000",NA,"0003000000","6250000","78000000"
1170071210,"01",1,"1100","7512",1,"8",6,"0008500000","0110500000","0007800000","0093600000",NA,"0008500000","7800000","102100000"
1170067211,"01",1,"2320","8021",1,"4",6,"0006850000","0101200000","0006213000","0074556000",NA,"0019000000","6213000","93556000"
1170071211,"01",1,"9152","7511",1,"8",6,"0003996800","0047961600","0003756800","0045081600",NA,NA,"3756800","45081600"
1170071214,"01",1,"1100","8532",1,"8",6,"0012000000","0154000000","0010500000","0126000000",NA,"0010000000","10500000","136000000"
1170071219,"01",1,"3435","4100",1,"8",6,"0012765950","0160191400","0011353000","0136236000",NA,"0007000000","11353000","143236000"
1170003104,"01",1,"8268","9301",3,"8",6,"0002200000","0026400000","0002200000","0026400000",NA,NA,"2200000","26400000"
1170003116,"03",1,"9314","4521",3,"8",3,"0001700000","0027000000","0001700000","0027000000",NA,NA,"1700000","27000000"
1170008159,"01",1,"2411","7511",1,"8",6,"0007000000","0087500000","0006200000","0074400000",NA,"0003500000","6200000","77900000"
1170008154,"01",1,"4190","8021",1,"8",6,"0006500000","0081180000","0005800000","0069600000",NA,"0003180000","5800000","72780000"
1170104284,"01",1,"5162","7523",1,"8",6,"0006500000","0084000000","0006380000","0076560000",NA,"0006000000","6380000","82560000"
1170104288,"01",1,"9314","4521",3,"8",5,"0002900000","0035700000","0002900000","0035700000",NA,NA,"2900000","35700000"
1170104288,"08",1,"9314","4521",3,"8",4,"0002400000","0029000000","0002400000","0029000000",NA,NA,"2400000","29000000"
1170104290,"05",1,"7232","6303",1,"8",6,"0003800000","0049600000","0003460000","0041520000",NA,"0004000000","3460000","45520000"
1170104297,"01",1,"2331","8012",1,"6",6,"0008000000","0099180000","0007854000","0094248000",NA,"0003180000","7854000","97428000"
1170016108,"01",1,"2213","0201",1,"8",6,"0056000000","0071400000","0004936000","0059232000","0","0004200000","4936000","63432000"
1170076002,"01",1,"8324","6023",3,"9",6,"0001800000","0020000000","0","0020000000","0",NA,"1800000","20000000"
1170076007,"01",1,"9314","4521",3,"8",4,"0002000000","0025000000","0002000000","0025000000",NA,NA,"2000000","25000000"
1170076007,"02",1,"2331","8012",1,"4",6,"0003500000","0045000000","0003230000","0038760000",NA,"0003000000","3230000","41760000"
1170076007,"04",2,"9314","4521",3,NA,NA,"0001000000","0010000000","0001000000","0010000000",NA,NA,"1000000","10000000"
1170080006,"01",1,"9211","1110",1,"12",6,"0005200000","0062400000","0004600000","0055200000",NA,NA,"4600000","55200000"
1170088218,"01",1,"2320","8021",1,"6",6,"0011791340","0144496080","0010528930","0126347160",NA,"0003000000","10528930","129347160"
1170088218,"02",1,"2432","1110",1,"8",6,"0006632000","0079584000","0006109242","0073310904",NA,NA,"6109242","73310904"
1170052208,"01",1,"9314","4521",3,"8",5,"0003000000","0036000000","0003000000","0036000000",NA,NA,"3000000","36000000"
1170064006,"01",1,"3231","8517",1,"8",6,"0006000000","0075000000","0005890000","0070680000",NA,"0003000000","5890000","73680000"
1170064008,"01",1,"9314","4521",3,"8",3,"0001800000","0023000000","0001800000","0022000000",NA,NA,"1800000","22000000"
1170064015,"01",1,"9314","4521",3,"8",3,"0001200000","0020000000","0001200000","0020000000",NA,NA,"1200000","20000000"
1170068197,"01",1,"2320","8022",1,"6",6,"0007200000","0091400000","0006560000","0078720000",NA,"0005000000","6560000","83720000"
1170068201,"01",1,"9314","4521",3,"8",6,"0005000000","0060000000","0004650000","0055800000",NA,NA,"4650000","55800000"
1170092243,"01",1,"3115","1110",1,"12",5,"0014000000","0186500000","0012461980","0149543760",NA,"0018500000","12461980","168043760"
1170092244,"01",1,"4190","1110",1,"10",5,"0014350000","0195200000","0013225000","0158700000",NA,"0023000000","13225000","181700000"
1170092250,"01",2,"5169","7493",3,NA,NA,"0005000000","0080000000",NA,"0080000000",NA,NA,"5000000","80000000"
1170092254,"01",1,"2146","1110",1,"8",5,"0022000000","0309000000","0022000000","0264000000",NA,"0045000000","22000000","309000000"
1170092247,"01",1,"2412","1110",1,"8",5,"0020000000","0257000000","0017400000","0208800000",NA,"0017000000","17400000","225800000"
1170028011,"01",1,"2320","8021",1,"8",6,"0005750000","0072200000","0005057500","0060690000",NA,"0003200000","5057500","63890000"
1170080002,"01",1,"9314","4521",3,"8",6,"0003000000","0036000000","0003000000","0036000000",NA,NA,"3000000","36000000"
1170080007,"01",1,"8332","4522",3,"8",6,"0006000000","0072000000","0005580000","0066960000",NA,NA,"5580000","66960000"
1170080015,"01",1,"9141","7530",1,"8",6,"0007730000","0100260000","0006984000","0083808000",NA,"0007500000","6984000","91308000"
1170088210,"01",1,"9314","4521",3,"8",4,"0003000000","0036000000","0003000000","0036000000",NA,NA,"3000000","36000000"
1170088211,"01",1,"9152","0201",1,"8",6,"0007200000","0096400000","0007200000","0086400000",NA,"0010000000","7200000","96400000"
1170088211,"02",1,"2320","8021",1,"6",4,"0005732360","0076288320","0005174000","0062088000",NA,"0007500000","5174000","69588000"
1170040154,"04",1,"9314","4521",3,"8",5,"0002700000","0032000000","0002700000","0032000000",NA,NA,"2700000","32000000"
1170040154,"06",1,"9314","4521",3,"8",3,"0001800000","0020000000","0001800000","0020000000",NA,NA,"1800000","20000000"
1170040159,"01",1,"9152","1110",1,"12",4,"0018000000","0219180000","0017660000","0211920000",NA,"0003180000","17660000","215100000"
1170040161,"01",1,"3118","4540",3,"6",4,"0006000000","0072000000","0006000000","0072000000",NA,NA,"6000000","72000000"
1170040161,"01",1,"2320","8022",1,"8",3,"0005500000","0070200000","0004855000","0058260000",NA,"0004200000","4855000","62460000"
1170052198,"01",1,"9314","4521",3,"8",5,"0003000000","0037000000","0003000000","0037000000",NA,NA,"3000000","37000000"
1170052202,"01",1,"9314","4521",3,"8",4,"0002300000","0028000000","0002300000","0028000000",NA,NA,"2300000","28000000"
1170052202,"03",1,"9314","4521",3,"8",5,"0002800000","0034000000","0002800000","0034000000",NA,NA,"2800000","34000000"
1170052204,"01",1,"9314","4521",3,"8",5,"0002900000","0035000000","0002900000","0035000000",NA,NA,"2900000","35000000"
1170052204,"05",1,"9314","4521",3,"8",4,"0002400000","0028500000","0002400000","0028500000",NA,NA,"2400000","28500000"
1170064001,"04",1,"9314","4521",3,"8",5,"0002900000","0035000000","0002900000","0035000000",NA,NA,"2900000","35000000"
1170064001,"07",1,"2351","7493",3,"8",6,"0005000000","0069800000","0004766000","0057192000",NA,"0009800000","4766000","66992000"
1170028002,"01",1,"8322","8031",1,"8",6,"0005600000","0070400000","0005048000","0060576000",NA,"0003200000","5048000","63776000"
1170028009,"01",1,"7123","4521",3,"8",4,"0003800000","0450000000","0003800000","0045000000",NA,NA,"3800000","45000000"
1170032170,"01",1,"5162","7523",1,"8",6,"0005900000","0075000000","0005179000","0062148000",NA,"0004200000","5179000","66348000"
1170032172,"01",1,"4115","6421",1,"8",6,"0007400000","0094300000","0006394000","0076728000",NA,"0005500000","6394000","82228000"
1170032172,"02",1,"2230","8511",1,"8",6,"0006200000","0077600000","0005546000","0066552000",NA,"0003200000","5546000","69752000"
1170032177,"01",1,"5162","7523",1,"8",6,"0006300000","0078800000","0005503000","0066036000",NA,"0003200000","5503000","69236000"
1170048100,"02",1,"2331","8012",1,"4",6,"0004800000","0060780000","0004368000","0052416000",NA,"0003180000","4368000","55596000"
1170048113,"01",1,"2351","8021",1,"8",6,"0009000000","0113400000","0008836000","0106032000",NA,"0005400000","8836000","111432000"
1170004002,"06",1,"7123","4521",3,"10",5,"0003500000","0042000000","0003500000","0042000000",NA,NA,"3500000","42000000"
1170004002,"09",1,"3231","8511",1,"8",6,"0003000000","0039000000","0002600000","0031200000",NA,"0003000000","2600000","34200000"
1170004004,"03",1,"2230","8511",1,"8",6,"0005000000","0070000000","0004200000","0050400000",NA,"0010000000","4200000","60400000"
1170004008,"01",1,"9314","4521",3,"8",4,"0002400000","0028800000","0002400000","0028800000",NA,NA,"2400000","28800000"
1170004008,"03",1,"8322","6022",3,"8",6,"0003000000","0036000000","0003000000","0036000000",NA,NA,"3000000","36000000"
1170004011,"01",1,"9211","7493",3,"8",6,"0003400000","0006800000","0003400000","0006800000",NA,NA,"3400000","6800000"
1170004013,"01",1,"9314","4521",3,"8",6,"0003600000","0043200000","0003600000","0043200000",NA,NA,"3600000","43200000"
1170004013,"03",1,"8322","6022",3,"6",6,"0002000000","0024000000","0002000000","0024000000",NA,NA,"2000000","24000000"
1170016104,"01",1,"1429","8021",1,"8",6,"0006500000","0081200000","0005665000","0067980000",NA,"0003200000","5665000","71180000"
1170016114,"01",1,"3320","8021",1,"8",6,"0005600000","0071700000","0004936000","0059232000",NA,"0004500000","4936000","63732000"
1170024255,"01",1,"0111","7522",1,"8",6,"0006800000","0086800000","0005908000","0070896000",NA,"0005200000","5908000","76096000"
1170024260,"01",1,"4121","7511",1,"8",6,"0006200000","0079600000","0005422000","0065064000",NA,"0005200000","5422000","70264000"
1170012002,"01",1,"2412","7513",1,"8",6,"0005800000","0079200000","0005200000","0062400000",NA,"0009600000","5200000","72000000"
1170024258,"01",1,"3435","5511",3,"8",6,"0006050000","0072600000","0005214000","0062568000",NA,"0003000000","5214000","65568000"
1170012004,"01",1,"7231","5020",3,"8",6,"0002500000","0030000000","0002500000","0030000000",NA,NA,"2500000","30000000"
1170012008,"01",1,"7142","5020",3,"8",6,"0004000000","0048000000","0003700000","0044400000",NA,NA,"3700000","44400000"
1170012011,"01",1,"2213","7513",1,"8",6,"0006600000","0089700000","0006000000","0072000000",NA,"0010500000","6000000","82500000"
1170012011,"01",1,"8322","6022",3,"4",6,"0001000000","0012000000","0001000000","0012000000",NA,NA,"1000000","12000000"
1170096060,"01",1,"7233","1110",1,"9",5,"0017890000","0228720000","0015860000","0190320000",NA,"0015000000","15860000","205320000"
1170096064,"01",1,"1427","1110",1,"9",5,"0015760000","0201120000","0013860000","0166320000",NA,"0012000000","13860000","178320000"
1170096064,"03",1,"2211","8515",3,"8",6,"0003000000","0013000000","0003000000","0012000000",NA,"0000500000","3000000","12500000"
1170084347,"01",1,"7141","4540",3,"9",4,"0001500000","0020000000","0001500000","0020000000",NA,NA,"1500000","20000000"
1170084347,"03",1,"8322","6022",3,"8",5,"0003000000","0024000000","0003000000","0024000000",NA,NA,"3000000","24000000"
1170084350,"02",1,"4142","6512",1,"8",6,"0004000000","0048000000","0003720000","0044640000",NA,NA,"3720000","44640000"
1170084350,"03",2,"9314","4521",3,NA,NA,"0","0010000000","0","0010000000","0","0","0","10000000"
1170084357,"01",1,"4221","7511",1,"8",6,"0004627400","0067528800","0004345900","0052150800",NA,"0012000000","4345900","64150800"
1170096050,"01",1,"8324","6023",3,"10",6,"0007000000","0084000000","0007000000","0084000000",NA,NA,"7000000","84000000"
1170096053,"08",1,"4121","6023",3,"8",7,"0002000000","0025000000","0002000000","0024000000",NA,"0001000000","2000000","25000000"
1170036002,"01",1,"4121","7513",1,"8",6,"0005500000","0069180000","0004900000","0058800000",NA,"0003180000","4900000","61980000"
1170036006,"01",1,"0111","7522",1,"8",6,"0007000000","0088180000","0006400000","0076800000",NA,"0004180000","6400000","80980000"
1170036009,"02",1,"3231","8517",1,"8",6,"0003500000","0045180000","0003100000","0037200000",NA,"0003180000","3100000","40380000"
1170036014,"03",1,"2320","8021",1,"6",4,"0004000000","0051180000","0003700000","0044400000",NA,"0003180000","3700000","47580000"
1170008164,"01",1,"2320","8021",1,"8",6,"0007800000","0096780000","0006800000","0081600000",NA,"0003180000","6800000","84780000"
1170044060,"01",1,"7122","4521",3,"8",3,"0003000000","0036000000","0003000000","0036000000",NA,NA,"3000000","36000000"
1170020105,"01",1,"6113","7511",1,"8",6,"0005400000","0068000000","0004774000","0057288000",NA,"0003200000","4774000","60488000"
1170044051,"01",1,"9314","4521",3,"8",5,"0001400000","0040000000","0001400000","0040000000",NA,NA,"1400000","40000000"
1170044058,"01",1,"9314","4521",3,"8",5,"0003200000","0039600000","0003200000","0039600000",NA,NA,"3200000","39600000"
1170044064,"01",1,"2331","8012",1,"6",5,"0009200000","0113600000","0007852000","0094224000",NA,"0003200000","7852000","97424000"
1170048106,"01",1,"9152","4521",3,"10",6,"0003000000","0015000000","0003000000","0015000000",NA,NA,"3000000","15000000"
1170056056,"01",1,"1429","8022",1,"8",6,"0007000000","0090000000","0006872000","0082464000",NA,"0006000000","6872000","88464000"
1170056056,"02",1,"2351","8021",1,"6",4,"0009000000","0111180000","0008836000","0106032000",NA,"0003180000","8836000","109212000"
1170056065,"01",1,"9314","4521",3,"8",5,"0002800000","0034000000","0002800000","0034000000",NA,NA,"2800000","34000000"
1170056065,"05",1,"9314","4521",3,"8",4,"0002400000","0028000000","0002400000","0028000000",NA,NA,"2400000","28000000"
1170100170,"03",1,"2412","7513",1,"8",6,"0004400000","0056000000","0004092000","0049104000",NA,"0003200000","4092000","52304000"
1170100170,"05",1,"7123","4521",3,"8",5,"0002800000","0032000000","0002800000","0032000000",NA,NA,"2800000","32000000"
1170100179,"02",1,"2320","8021",1,"8",5,"0005400000","0068000000","0004774000","0057288000",NA,"0003200000","4774000","60488000"
1170060155,"01",1,"4113","8513",1,"8",6,"0006500000","0085000000","0006381000","0076572000",NA,"0007000000","6381000","83572000"
1170044056,"01",1,"4134","6023",3,"8",6,"0003825000","0049500000","0003813000","0045756000",NA,"0001500000","3813000","47256000"
1170060143,"01",1,"1100","7513",1,"8",6,"0007000000","0105000000","0006673000","0080076000",NA,"0021000000","6673000","101076000"
1170060146,"01",1,"2142","7513",1,"8",6,"0006000000","0085000000","0005720000","0068640000",NA,"0013000000","5720000","81640000"
1170060148,"05",1,"4113","8031",1,"10",6,"0008000000","0103000000","0007854000","0094248000",NA,"0007000000","7854000","101248000"
1170060152,"01",1,"3221","8511",1,"8",6,"0007000000","0091400000","0006872000","0082464000",NA,"0007400000","6872000","89864000"
1170072057,"04",1,"5220","5238",3,"6",6,"0001500000","0018000000","0001500000","0018000000",NA,NA,"1500000","18000000"
1170072062,"01",1,"2114","4100",1,"8",6,"0010488440","0132861280","0008977980","0107735760",NA,"0007000000","8977980","114735760"
1180049170,"01",1,"9152","4531",3,"8",7,"0004600000","0060000000","0003400000","0040800000","0000400000","0004800000","3800000","45600000"
1180049173,"01",1,"8163","4100",1,"8",6,"0004289000","0057468000","0003465000","0041580000","0000250000","0006000000","3715000","47580000"
1180049163,"01",1,"9314","4521",3,"8",4,"0002400000","0028800000","0002400000","0028800000","0","0","2400000","28800000"
1180049177,"01",1,"8332","6022",3,"8",7,"0002500000","0030000000","0002500000","0030000000","0","0","2500000","30000000"
1180097052,"01",2,"6111","0130",3,NA,NA,"0001800000","0005400000","0001800000","0005400000","0","0","1800000","5400000"
1180097052,"01",1,"9132","7511",3,"4",7,"0000500000","0006800000","0000500000","0006800000","0","0","500000","6800000"
1180097052,"02",1,"9132","6021",3,"7",7,"0000350000","0004400000","0000350000","0004400000","0","0","350000","4400000"
1180097058,"01",1,"9132","5147",3,"12",7,"0004223400","0054363200","0002360000","0028320000","0001680000","0023660000","4040000","51980000"
1180097064,"01",1,"4190","7512",1,"8",6,"0004248300","0055117600","0002950000","0035400000","0001030000","0016360000","3980000","51760000"
1180097055,"01",1,"2122","6512",1,"8",6,"0005968900","0075131600","0003790000","0045480000","0001860000","0025610000","5650000","71090000"
1180097055,"02",1,"4190","8532",3,"8",6,"0004733200","0060933800","0003520000","0042240000","0000970000","0015647000","4490000","57887000"
1180073108,"01",1,"3422","7511",3,"8",6,"0005000000","0060000000","0005000000","0060000000","0","0","5000000","60000000"
1180053275,"01",1,"9314","4521",3,"8",5,"0002900000","0034800000","0002900000","0034800000","0","0","2900000","34800000"
1180053268,"01",2,"9132","1517",3,"8",6,"0000250000","0003000000","0000250000","0003000000","0","0","250000","3000000"
1180053272,"01",1,"9314","4521",3,"8",6,"0002800000","0033600000","0002800000","0033600000","0","0","2800000","33600000"
1180073106,"04",1,"9211","5010",3,"8",6,"0001700000","0020400000","0001500000","0018000000","0000200000","0002400000","1700000","20400000"
1180097061,"01",1,"7124","3511",3,"10",4,"0004000000","0051840000","0004000000","0051840000","0","0","4000000","51840000"
1180053263,"01",1,"3416","7513",1,"8",6,"0006420000","0077040000","0004600000","0055200000","0001400000","0019800000","6000000","75000000"
1180053263,"03",1,"0111","7523",1,"8",6,"0003052000","0036624000","0002200000","0026400000","0000600000","0010200000","2800000","36600000"
1180053263,"04",1,"0111","7523",1,"8",6,"0003379000","0040548000","0002400000","0028800000","0000700000","0011400000","3100000","40200000"
1180013015,"01",1,"2320","7512",1,"8",6,"0006540000","0078480000","0003900000","0046800000","0002100000","0028200000","6000000","75000000"
1180013002,"01",1,"9132","7511",3,"8",6,"0002000000","0024000000","0002000000","0024000000","0","0","2000000","24000000"
1180013007,"01",1,"8324","8031",3,"8",6,"0004419100","0053029200","0003200000","0038400000","0000930000","0014160000","4130000","52560000"
1180013010,"03",1,"8163","4010",3,"8",6,"0002728500","0005457000","0002200000","0004400000","0000350000","0000700000","2550000","5100000"
1180013010,"04",1,"6155","0502",3,"7",5,"0001926000","0023112000","0001500000","0018000000","0000300000","0005100000","1800000","23100000"
1180013010,"05",1,"8163","4010",3,"8",6,"0002728500","0039942000","0002200000","0026400000","0000350000","0007200000","2550000","33600000"
1180013010,"07",1,"2224","8513",1,"8",6,"0002834000","0034008000","0002300000","0027600000","0000300000","0003600000","2600000","31200000"
1180085174,"01",1,"8332","6022",3,"8",6,"0003000000","0036000000","0003000000","0036000000","0","0","3000000","36000000"
1180077236,"01",1,"8332","6023",3,"8",6,"0003905500","0047300000","0002900000","0034800000","0000750000","0012500000","3650000","47300000"
1180077249,"01",1,"8332","6023",3,"9",6,"0003798500","0045682000","0003000000","0036000000","0","0","3000000","36000000"
1180077249,"03",1,"8332","6023",3,"9",6,"0003798500","0045582000","0003000000","0036000000","0","0","3000000","36000000"
1180025001,"01",1,"3116","7310",1,"8",6,"0010700000","0128400000","0007300000","0087600000","0002700000","0035400000","10000000","123000000"
1180025007,"01",1,"1100","7513",3,"9",6,"0017120000","0205440000","0013000000","0156000000","0003000000","0040000000","16000000","196000000"
1180025007,"02",1,"1100","7514",1,"8",6,"0005885000","0070620000","0004600000","0055200000","0000900000","0013800000","5500000","69000000"
1180025014,"01",1,"8324","7523",1,"8",6,"0005350000","0064200000","0003700000","0044400000","0001300000","0018600000","5000000","63000000"
1180025004,"01",1,"2142","7513",1,"8",6,"0004905000","0058860000","0003800000","0045600000","0000700000","0011400000","4500000","57000000"
1180085171,"01",1,"7417","1545",3,"8",6,"0002480000","0029760000","0002080000","0024960000","0","0","2080000","24960000"
1180077247,"01",1,"0111","7522",1,"8",6,"0004360000","0052320000","0003200000","0038400000","0000800000","0012600000","4000000","51000000"
1180001110,"01",1,"5122","8031",1,"8",6,"0004280000","0051360000","0002800000","0033600000","0001200000","0017400000","4000000","51000000"
1180001102,"01",1,"5220","5223",3,"9",6,"0003000000","0036000000","0003000000","0036000000","0","0","3000000","36000000"
1180109156,"01",1,"7122","4521",3,"9",5,"0003500000","0038000000","0003500000","0038000000","0","0","3500000","38000000"
1180121114,"01",1,"8340","6110",3,"8",7,"0003900000","0046800000","0003600000","0043200000","0","0","3600000","43200000"
1180037118,"01",1,"2320","7512",1,"8",6,"0005995000","0071940000","0003800000","0045600000","0001700000","0023400000","5500000","69000000"
1180037118,"03",1,"8155","1110",1,"8",6,"0003710000","0045000000","0003000000","0036000000","0000500000","0009000000","3500000","45000000"
1180121104,"01",1,"2320","8021",1,"5",6,"0004869000","0061428000","0004519000","0054228000","0","0003000000","4519000","57228000"
1180121109,"01",1,"7231","7513",3,"8",6,"0005000000","0060000000","0005000000","0060000000","0","0","5000000","60000000"
1180109151,"01",1,"3142","6023",3,"8",5,"0005097500","0064453200","0003250000","0039000000","0001600000","0022410000","4850000","61410000"
1180109164,"01",1,"5220","5211",3,"11",7,"0003000000","0037500000","0003000000","0037500000","0","0","3000000","37500000"
1180037108,"01",1,"2320","7512",3,"8",6,"0005232000","0062784000","0003600000","0043200000","0001200000","0017400000","4800000","60600000"
1180101001,"01",1,"8324","7513",3,"9",7,"0005219800","0066803200","0003470000","0041640000","0001500000","0022000000","4970000","63640000"
1180101004,"01",1,"2320","7512",1,"8",6,"0005179800","0066203200","0003200000","0038400000","0001690000","0024280000","4890000","62680000"
1180093151,"01",1,"8340","6023",3,"10",4,"0002015000","0025078400","0001500000","0018000000","0000400000","0005600000","1900000","23600000"
1180093164,"01",1,"5123","8021",3,"8",6,"0003663900","0048051200","0002950000","0035400000","0000500000","0009860000","3450000","45260000"
1180081109,"01",1,"7122","4521",3,"10",3,"0001500000","0021000000","0001500000","0021000000","0","0","1500000","21000000"
1180093160,"04",1,"7231","7513",3,"10",7,"0001500000","0018000000","0001500000","0018000000","0","0","1500000","18000000"
1180101007,"01",1,"8340","6110",3,"10",4,"0001100000","0014700000","0001100000","0014700000","0","0","1100000","14700000"
1180101007,"03",1,"7417","1545",3,"9",6,"0001500000","0001500000","0001500000","0001500000","0","0","1500000","1500000"
1180101014,"01",1,"9141","8021",3,"8",6,"0003963600","0052745200","0002950000","0035380000","0000800000","0014610000","3750000","49990000"
1180081098,"01",1,"9314","4521",3,"7",5,"0002150000","0024800000","0002150000","0024800000","0","0","2150000","24800000"
1180081109,"03",1,"7231","7513",3,"12",7,"0000700000","0008500000","0000700000","0008500000","0","0","700000","8500000"
1180081097,"01",1,"2320","8021",1,"4",6,"0005614000","0070394400","0003600000","0043200000","0001680000","0023160000","5280000","66360000"
1180081097,"02",1,"2320","8021",1,"6",5,"0005138000","0064716000","0003500000","0042000000","0001320000","0018840000","4820000","60840000"
1180005007,"01",1,"6155","0502",3,"7",5,"0002514500","0030174000","0002000000","0024000000","0000350000","0005700000","2350000","29700000"
1180105163,"01",1,"3142","6110",3,"10",4,"0003500000","0040500000","0003000000","0036000000","0000500000","0004500000","3500000","40500000"
1180105169,"01",1,"5122","6110",3,"7",5,"0003086000","0041805200","0002500000","0032250000","0000400000","0007160000","2900000","39410000"
1180105169,"04",1,"6155","0502",3,"10",4,"0002200000","0025800000","0002200000","0025800000","0","0","2200000","25800000"
1180105175,"03",1,"4134","5147",3,"8",6,"0003783400","0049894000","0002850000","0034200000","0000720000","0012940000","3570000","47140000"
1180105168,"01",1,"6155","0502",3,"7",4,"0002000000","0023000000","0002000000","0023000000","0","0","2000000","23000000"
1180069004,"01",1,"0111","7523",1,"8",4,"0004739600","0060551600","0002150000","0025800000","0002380000","0032065000","4530000","57865000"
1180125178,"01",1,"8332","6023",3,"8",3,"0001200000","0014400000","0001200000","0014400000","0","0","1200000","14400000"
1180033047,"01",1,"4190","1110",1,"8",6,"0007629000","0094548000","0004700000","0056400000","0002600000","0034200000","7300000","90600000"
1180033061,"01",1,"0111","7522",1,"8",6,"0009072500","0111870000","0005250000","0063000000","0003350000","0043200000","8600000","106200000"
1180021197,"03",1,"5220","3610",3,"9",6,"0003000000","0036000000","0003000000","0036000000","0","0","3000000","36000000"
1180021197,"04",2,"2320","8021",3,"7",4,"0","0013000000","0","0013000000","0","0","0","13000000"
1180021194,"01",1,"8332","6021",1,"8",6,"0006815000","0084780000","0004500000","0054000000","0002000000","0027000000","6500000","81000000"
1180125175,"03",1,"9132","4532",3,"8",6,"0001500000","0018000000","0001500000","0018000000","0","0","1500000","18000000"
1180125169,"01",1,"8340","6110",3,"8",7,"0001400000","0016800000","0001400000","0016800000","0","0","1400000","16800000"
1180069009,"01",1,"5220","5223",3,"12",7,"0002000000","0024500000","0002000000","0024500000","0","0","2000000","24500000"
1180069010,"01",1,"7243","5260",3,"4",3,"0000450000","0005200000","0000450000","0005200000","0","0","450000","5200000"
1180065098,"01",1,"7417","1545",3,"9",6,"0002675000","0032208000","0002500000","0030000000","0","0","2500000","30000000"
1180113101,"01",1,"0111","7522",1,"08",6,"0005850000","0084000000","0004600000","0055200000","0000900000","0013800000","5500000","69000000"
1180113113,"03",1,"0111","7522",1,"08",6,"0000800000","0004800000","0000800000","0004800000","0","0","800000","4800000"
1180017003,"01",1,"4190","8513",1,"8",6,"0004142000","0049704000","0002950000","0035400000","0000850000","0013200000","3800000","48600000"
1180061011,"01",1,"8333","6023",3,"08",6,"0004500000","0054000000","0004500000","0054000000","0","0","4500000","54000000"
1180033054,"02",1,"9152","1110",1,"8",6,"0005020500","0063246000","0003150000","0037800000","0001650000","0022800000","4800000","60600000"
1180033057,"01",1,"2411","9241",1,"8",6,"0005252000","0066024000","0003600000","0043200000","0001400000","0019800000","5000000","63000000"
1180033052,"02",1,"9141","6421",3,"8",6,"0002950500","0038406000","0002150000","0025800000","0000650000","0010800000","2800000","36600000"
1180033052,"03",1,"7417","1545",3,"8",6,"0003000000","0036000000","0003000000","0036000000","0","0","3000000","36000000"
1180113104,"01",1,"8324","6023",3,"08",6,"0002500000","0030000000","0002500000","0030000000","0","0","2500000","30000000"
1180113104,"02",1,"5220","2699",3,"08",6,"0001000000","0012000000","0001000000","0012000000","0","0","1000000","12000000"
1180061007,"01",1,"9152","6023",1,"08",6,"0004400000","0061800000","0003400000","0040800000","0000500000","0009000000","3900000","49800000"
1180017012,"03",1,"7136","4531",3,"8",6,"0002000000","0024000000","0002000000","0024000000","0","0","2000000","24000000"
1180009003,"04",1,"9314","4522",3,"9",6,"0005350000","0064200000","0004500000","0054000000","0000850000","0010200000","5350000","64200000"
1180045108,"01",1,"9132","7511",3,"8",5,"0001500000","0018000000","0001500000","0018000000","0","0","1500000","18000000"
1180009011,"01",1,"4134","5147",1,"8",6,"0004601000","0055212000","0002790000","0033480000","0001510000","0021120000","4300000","54600000"
1180009005,"01",1,"8340","0502",3,"07",5,"0003560000","0045720000","0003000000","0036000000","0000350000","0007200000","3350000","43200000"
1180061006,"01",1,"9152","1110",3,"08",6,"0004950000","0066900000","0004000000","0048000000","0000500000","0007500000","4500000","55500000"
1180061006,"02",1,"2320","8021",3,"4",6,"0000700000","0004200000","0000700000","0004200000","0","0","700000","4200000"
1180009014,"01",1,"9141","7512",1,"8",6,"0004578000","0054936000","0002930000","0035160000","0001270000","0018240000","4200000","53400000"
1180117106,"01",1,"8324","6023",3,"8",7,"0005000000","0060000000","0005000000","0060000000","0","0","5000000","60000000"
1180029015,"01",1,"8332","6023",3,"8",6,"0003000000","0036000000","0003000000","0036000000","0","0","3000000","36000000"
1180029009,"04",1,"4190","7512",1,"8",6,"0006420000","0077040000","0004800000","0057600000","0001200000","0017400000","6000000","75000000"
1180029012,"02",1,"9132","1723",3,"8",6,"0003210000","0039000000","0002700000","0032400000","0000300000","0006600000","3000000","39000000"
1180117111,"01",1,"8324","6023",3,"8",6,"0001500000","0018000000","0001500000","0018000000","0","0","1500000","18000000"
1180117114,"01",1,"5220","5229",3,"8",6,"0003000000","0036000000","0003000000","0036000000","0","0","3000000","36000000"
1180117105,"01",1,"9152","1110",3,"8",7,"0003868000","0053416000","0003118000","0037416000","0000300000","0007000000","3418000","44416000"
1180057061,"01",1,"0111","7523",1,"8",6,"0005450000","0065400000","0003700000","0044400000","0001300000","0018600000","5000000","63000000"
1180057058,"01",1,"8340","6023",3,"6",4,"0003210000","0038520000","0003000000","0036000000","0","0","3000000","36000000"
1180041114,"03",1,"2320","7512",1,"8",6,"0005450000","0065400000","0003550000","0042600000","0001450000","0020400000","5000000","63000000"
1180041114,"05",1,"4111","6512",1,"8",6,"0003424000","0041400000","0002600000","0031200000","0000600000","0010200000","3200000","41400000"
1180041115,"01",1,"4134","7511",1,"8",6,"0005350000","0064200000","0003900000","0046800000","0001100000","0016200000","5000000","63000000"
1180057065,"01",1,"9314","4521",3,"8",6,"0002400000","0028800000","0002400000","0028800000","0","0","2400000","28800000"
1180057065,"03",1,"9314","4521",3,"8",4,"0002000000","0024000000","0002000000","0024000000","0","0","2000000","24000000"
1180089315,"01",1,"0111","7523",1,"8",6,"0004368000","0061416000","0003518000","0042216000","0000500000","0009000000","4018000","51216000"
1180089315,"03",1,"0112","7522",1,"8",6,"0000800000","0009600000","0000800000","0009600000","0","0","800000","9600000"
1180009003,"05",1,"9314","4522",3,"9",6,"0005000000","0060000000","0005000000","0060000000","0","0","5000000","60000000"
1180089309,"01",1,"8324","6023",3,"8",7,"0005000000","0060000000","0005000000","0060000000","0","0","5000000","60000000"
1180021199,"03",1,"9132","2699",3,"8",6,"0001000000","0012000000","0001000000","0012000000","0","0","1000000","12000000"
1180041106,"03",1,"8333","7310",3,"8",6,"0006634000","0079608000","0004300000","0051600000","0001900000","0025800000","6200000","77400000"
1180089312,"01",1,"4212","6512",1,"8",6,"0005316000","0076392000","0004216000","0050592000","0000800000","0012600000","5016000","63192000"
1180089317,"01",1,"9314","4521",3,"8",3,"0001200000","0014400000","0001200000","0014400000","0","0","1200000","14400000"
1180057053,"01",1,"9132","2022",3,"8",6,"0001000000","0012000000","0001000000","0012000000","0","0","1000000","12000000"
1180078160,"01",1,"8324","6023",3,"8",6,"0004950000","0061400000","0004500000","0054000000",NA,"0002000000","4500000","56000000"
1180078163,"01",1,"0111","7523",1,"8",6,"0005368000","0076616000","0004318000","0052616000","0000700000","0011400000","5018000","64016000"
1180078168,"01",1,"0111","7523",1,"8",6,"0004918000","0072416000","0003718000","0045416000","0000800000","0012600000","4518000","58016000"
1180078174,"01",1,"9132","0112",3,"3",3,"0000500000","0006000000","0000500000","0006000000",NA,NA,"500000","6000000"
1180078174,"01",1,"9152","8021",3,"5",6,"0001000000","0012000000","0001000000","0012000000",NA,NA,"1000000","12000000"
1180006206,"01",1,"9132","5221",3,"8",6,"0003745000","0042245000","0003500000","0042000000","0","0","3500000","42000000"
1180106060,"05",1,"9132","2811",3,"10",7,"0001200000","0001200000","0001200000","0001200000",NA,NA,"1200000","1200000"
1180106052,"01",1,"8340","6110",3,"10",3,"0003675000","0044252000","0002500000","0027500000","0001000000","0013800000","3500000","41300000"
1180106052,"03",1,"8340","6110",3,"10",3,"0003675000","0044335200","0002500000","0028760000","0001000000","0012600000","3500000","41360000"
1180106052,"04",1,"8340","6110",3,"12",4,"0003582000","0045929500","0002600000","0031200000","0000800000","0011650000","3400000","42850000"
1180006199,"01",1,"1410","6512",1,"8",6,"0007373000","0091476000","0004700000","0056400000","0002250000","0030000000","6950000","86400000"
1180006199,"02",1,"2320","7512",1,"8",6,"0004620000","0058548000","0003100000","0037200000","0001250000","0018000000","4350000","55200000"
1180106063,"01",1,"8340","6110",3,"5",3,"0001000000","0009500000","0001000000","0009500000","0","0","1000000","9500000"
1180106055,"03",1,"3114","6421",3,"10",4,"0004198700","0053535200","0002840000","0034080000","0001150000","0016820000","3990000","50900000"
1180106055,"04",1,"4223","6421",3,"12",7,"0004671800","0059281600","0003100000","0037200000","0001350000","0019240000","4450000","56440000"
1180034112,"01",1,"1425","3511",1,"8",6,"0005045000","0063540000","0003500000","0042000000","0001300000","0018600000","4800000","60600000"
1180062015,"01",1,"9314","4521",3,"7",3,"0001100000","0014500000","0001100000","0014500000","0","0","1100000","14500000"
1180062015,"01",2,"9152","4531",3,NA,NA,"0002000000","0006000000","0002000000","0006000000","0","0","2000000","6000000"
1180122056,"03",1,"2441","7511",1,"8",6,"0005020000","0071640000","0003600000","0043200000","0000700000","0011400000","4300000","54600000"
1180122056,"04",1,"5220","5223",3,"8",6,"0002500000","0030000000","0002500000","0030000000",NA,NA,"2500000","30000000"
1180122061,"01",1,"8340","6110",3,"8",6,"0003000000","0036000000","0003000000","0036000000",NA,NA,"3000000","36000000"
1180122063,"01",1,"8340","6023",3,"8",6,"0002250000","0027000000","0002250000","0027000000",NA,NA,"2250000","27000000"
1180062011,"03",1,"9314","4521",3,"9",3,"0001200000","0012500000","0001200000","0012500000","0","0","1200000","12500000"
1180062011,"04",1,"9314","4521",3,"9",4,"0001400000","0013800000","0001400000","0013800000","0","0","1400000","13800000"
1180034104,"01",1,"0111","7523",1,"8",6,"0004352000","0055224000","0002800000","0033600000","0001300000","0018600000","4100000","52200000"
1180058105,"03",1,"7241","5147",3,"12",4,"0005000000","0060000000","0005000000","0060000000",NA,NA,"5000000","60000000"
1180126066,"01",1,"8332","8513",1,"8",6,"0005294300","0067708200","0003480000","0041760000","0001490000","0021885000","4970000","63645000"
1180126059,"01",1,"9132","4522",3,"12",6,"0004015600","0052335200","0003050000","0036650000","0000740000","0012882000","3790000","49532000"
1180126055,"01",1,"0111","7523",1,"8",5,"0008458000","0104528000","0005260000","0063120000","0002700000","0035420000","7960000","98540000"
1180122053,"04",1,"6155","0502",3,"8",6,"0002270000","0027240000","0002000000","0024000000",NA,NA,"2000000","24000000"
1180034115,"01",1,"4190","4100",3,"8",6,"0005809000","0072700000","0003700000","0044400000","0001850000","0025200000","5550000","69600000"
1180118067,"01",1,"9132","4020",3,"9",6,"0005687000","0068244000","0004100000","0049200000","0001300000","0015600000","5400000","64800000"
1180070165,"01",1,"8324","6023",3,"8",6,"0004724000","0060688000","0003200000","0038400000","0001300000","0019600000","4500000","58000000"
1180018205,"03",1,"9132","5221",3,"8",7,"0003560000","0044520000","0003000000","0036000000","0000350000","0006000000","3350000","42000000"
1180018205,"04",1,"9132","4531",3,"8",6,"0003250000","0039000000","0003000000","0036000000","0000250000","0003000000","3250000","39000000"
1180070168,"01",1,"8332","4100",3,"8",6,"0005020500","0063246000","0003150000","0037800000","0001650000","0022800000","4800000","60600000"
1180118061,"01",1,"2320","8021",3,"8",6,"0004724000","0056688000","0003200000","0038400000","0001300000","0015600000","4500000","54000000"
1180070155,"01",1,"9132","7511",3,"8",6,"0003080000","0036960000","0002330000","0027960000","0","0007000000","2330000","34960000"
1180058101,"01",1,"8323","6023",3,"8",6,"0004500000","0055000000","0004500000","0055000000",NA,NA,"4500000","55000000"
1180082355,"03",1,"9314","4521",3,"8",5,"0002400000","0021600000","0002400000","0021600000",NA,NA,"2400000","21600000"
1180082355,"04",1,"9314","4521",3,"8",4,"0001920000","0017280000","0001920000","0017280000",NA,NA,"1920000","17280000"
1180094274,"01",1,"6111","0130",3,"12",6,"0003500000","0035000000","0003500000","0035000000","0","0","3500000","35000000"
1180094268,"03",1,"6155","0502",3,"8",6,"0004000000","0048000000","0004000000","0048000000","0","0","4000000","48000000"
1180094268,"04",1,"6155","0502",3,"8",6,"0004000000","0048000000","0004000000","0048000000","0","0","4000000","048000000"
1180066053,"01",1,"1427","7512",1,"8",6,"0069000000","0073158000","0003850000","0046200000","0001650000","0022800000","5500000","69000000"
1180066057,"01",1,"0111","7523",1,"8",6,"0004449000","0056388000","0003100000","0037200000","0001070000","0015840000","4170000","53040000"
1180066057,"03",1,"0111","7523",1,"8",6,"0003812000","0048744000","0002800000","0033600000","0000760000","0012120000","3560000","45720000"
1180066062,"03",1,"5220","5223",3,"9",6,"0002500000","0030000000","0002500000","0030000000",NA,NA,"2500000","30000000"
1180066067,"01",1,"9132","5222",3,"8",6,"0002000000","0024000000","0002000000","0024000000",NA,NA,"2000000","24000000"
1180010103,"01",1,"5220","5050",3,"8",6,"0004396000","0055752000","0002800000","0033600000","0001400000","0019800000","4200000","53400000"
1180046189,"01",1,"9314","4521",3,"8",5,"0002400000","0028800000","0002400000","0028800000","0","0","2400000","28800000"
1180010100,"01",1,"9132","4531",3,"8",4,"0002000000","0024000000","0002000000","0024000000",NA,NA,"2000000","24000000"
1180010094,"01",1,"3211","8515",1,"8",6,"0005836000","0073032000","0004800000","0057600000","0000700000","0011400000","5500000","69000000"
1180046192,"01",1,"2149","9112",1,"8",6,"0006959000","0086508000","0005100000","0061200000","0001400000","0019800000","6500000","81000000"
1180010106,"01",1,"4134","4010",3,"8",6,"0005226000","0066212000","0002800000","0033600000","0002230000","0030260000","5030000","63860000"
1180094277,"01",1,"9152","7523",3,"8",6,"0005794000","0069528000","0004200000","0050400000","0001300000","0015600000","5500000","66000000"
1180094268,"05",1,"9314","4521",3,"8",4,"0002500000","0030000000","0002500000","0030000000","0",NA,"2500000","30000000"
1180046201,"03",1,"9152","7511",3,"8",6,"0003446000","0017230000","0002800000","0014000000","0000450000","0002250000","3250000","16250000"
1180046198,"01",1,"7221","2892",3,"8",6,"0003460000","0044520000","0003000000","0036000000","0000250000","0006000000","3250000","42000000"
1180046192,"02",1,"1427","9112",1,"8",6,"0005001500","0063018000","0003350000","0040200000","0001350000","0019200000","4700000","59400000"
1180070159,"01",1,"7224","2922",3,"8",6,"0003710000","0047520000","0003000000","0036000000","0000500000","0009000000","3500000","45000000"
1180070159,"02",1,"9132","2699",3,"8",6,"0003710000","0047520000","0003000000","0036000000","0000500000","0009000000","3500000","45000000"
1180126058,"01",1,"5123","4522",3,"12",6,"0005982600","0076678000","0004180000","0050160000","0001500000","0022750000","5680000","72910000"
1180058103,"01",1,"9152","7512",3,"18",7,"0005245000","0067196800","0003500000","0042000000","0001480000","0021760000","4980000","63760000"
1180058103,"02",1,"5122","7512",3,"8",6,"0004183400","0053391600","0002850000","0034200000","0001120000","0016470000","3970000","50670000"
1180126058,"04",1,"9132","4522",3,"12",6,"0005456400","0068671800","0003870000","0046445000","0001300000","0018640000","5170000","65085000"
1180078169,"03",1,"9211","0112",3,"8",2,"0000400000","0004800000","0000400000","0004800000","0","0","400000","4800000"
1180026150,"01",1,"5220","5147",3,"8",6,"0007026000","0087312000","0004600000","0055200000","0002150000","0028800000","6750000","84000000"
1180026152,"01",1,"2222","8517",3,"6",6,"0006700000","0083400000","0006000000","0072000000","0000700000","0011400000","6700000","83400000"
1180026146,"06",1,"0111","7523",1,"9",7,"0000500000","0003000000","0000500000","0003000000","0","0","500000","3000000"
1180026144,"01",1,"2221","8513",1,"8",6,"0006621000","0082452000","0005300000","0063600000","0000950000","0014400000","6250000","78000000"
1180090049,"03",1,"6155","0502",3,"6",4,"0002000000","0025000000","0002000000","0025000000","0","0","2000000","25000000"
1180090060,"01",1,"6155","0502",3,"9",4,"0002022000","0028288000","0001500000","0022100000","0000400000","0004700000","1900000","26800000"
1180074257,"01",1,"8340","6110",3,"5",5,"0004438000","0056382000","0003300000","0039600000","0000900000","0013800000","4200000","53400000"
1180074256,"01",1,"8340","6110",3,"7",4,"0002500000","0024000000","0002500000","0024000000","0","0","2500000","24000000"
1180074261,"01",1,"8332","8520",3,"8",6,"0004055000","0052964000","0003500000","0042000000","0000300000","0007760000","3800000","49760000"
1180098051,"01",1,"9132","2694",3,"8",7,"0004962600","0063853200","0003180000","0038160000","0001550000","0022650000","4730000","60810000"
1180098062,"01",1,"7221","4522",3,"8",6,"0005953000","0075626800","0003900000","0046800000","0001780000","0025360000","5680000","72160000"
1180038125,"01",1,"7241","4532",3,"8",6,"0005266100","0066193200","0003230000","0038760000","0001810000","0024720000","5040000","63480000"
1180038114,"01",1,"9314","4521",3,"8",5,"0003700000","0044400000","0003700000","0044400000","0","0","3700000","44400000"
1180038111,"01",1,"9314","4521",3,"8",6,"0003600000","0043200000","0003600000","0043200000","0","0","3600000","43200000"
1180098053,"01",1,"9333","6023",3,"5",3,"0001000000","0008500000","0001000000","0008500000","0","0","1000000","8500000"
1180050066,"01",1,"9314","4521",3,"9",3,"0001500000","0009500000","0001500000","0009500000","0","0","1500000","9500000"
1180050066,"03",1,"7218","4010",3,"7",6,"0003000000","0009000000","0003000000","0009000000","0","0","3000000","9000000"
1180054193,"01",1,"9314","4521",3,"10",3,"0001500000","0013800000","0001500000","0013800000","0","0","1500000","13800000"
1180054187,"01",1,"8332","4100",3,"9",7,"0005149800","0066187800","0003750000","0045000000","0001120000","0017790000","4870000","62790000"
1180054185,"01",1,"6112","0112",3,"5",3,"0000600000","0005700000","0000600000","0005700000","0","0","600000","5700000"
1180054185,"02",1,"9314","4521",3,"9",3,"0001800000","0021500000","0001800000","0021500000","0","0","1800000","21500000"
1180054183,"01",1,"8331","7513",3,"10",6,"0004500000","0054000000","0004500000","0054000000","0","0","4500000","54000000"
1180110007,"01",1,"4190","7511",1,"8",6,"0004380000","0639720000","0003500000","0042000000","0000500000","0009000000","4000000","51000000"
1180110001,"01",1,"4142","6512",1,"8",6,"0006200000","0083400000","0005000000","0060000000","0000500000","0009000000","5500000","69000000"
1180114011,"01",1,"8324","6023",3,"8",6,"0005500000","0066000000","0005500000","0066000000","0","0","5500000","66000000"
1180114009,"03",1,"8332","6022",3,"8",6,"0003500000","0042000000","0003500000","0042000000","0","0","3500000","42000000"
1180114009,"05",1,"5122","7498",3,"8",6,"0002000000","0012000000","0002000000","0012000000","0","0","2000000","12000000"
1180114013,"01",1,"8340","6110",3,"8",6,"0001700000","0020400000","0001700000","0020400000","0","0","1700000","20400000"
1180086162,"01",1,"5169","8511",1,"8",6,"0004550000","0064800000","0003600000","0043200000","0000600000","0010200000","4200000","53400000"
1180086162,"02",1,"4223","8511",1,"8",6,"0004350000","0061200000","0003500000","0042000000","0000500000","0009000000","4000000","51000000"
1180086163,"01",1,"7417","1545",3,"8",6,"0004500000","0054000000","0004000000","0048000000","0","0","4000000","48000000"
1180086159,"01",1,"9314","4521",3,"8",3,"0001800000","0021600000","0001800000","0021600000","0","0","1800000","21600000"
1180086166,"01",1,"9132","7511",3,"8",6,"0003650000","0045800000","0003300000","0039600000","0","0002000000","3300000","41600000"
1180102143,"01",1,"3142","0502",3,"10",4,"0005000000","0062000000","0005000000","0062000000","0","0","5000000","62000000"
1180102143,"03",1,"5123","4521",3,"9",7,"0001500000","0003000000","0001500000","0003000000","0","0","1500000","3000000"
1180102145,"05",1,"4223","8513",3,"8",6,"0002500000","0015000000","0002500000","0015000000","0","0","2500000","15000000"
1180102151,"01",1,"6155","0502",3,"7",5,"0003607000","0045344000","0002100000","0025200000","0001360000","0018320000","3460000","43520000"
1180102149,"01",1,"4142","7511",3,"9",6,"0002650000","0034470000","0002650000","0034470000","0","0","2650000","34470000"
1180022063,"01",1,"7141","4540",3,"8",5,"0003000000","0036000000","0003000000","0036000000","0","0","3000000","36000000"
1180022057,"01",1,"2490","6512",3,"8",6,"0004836500","0061038000","0002850000","0034200000","0001730000","0023760000","4580000","57960000"
1180022067,"01",1,"7122","4521",3,"8",5,"0006200000","0074400000","0006200000","0074400000","0","0","6200000","74400000"
1180022067,"02",1,"9314","4531",3,"8",5,"0003300000","0039600000","0003300000","0039600000","0","0","3300000","39600000"
1180050057,"01",1,"9314","4521",3,"8",6,"0003600000","0035000000","0003600000","0035000000","0","0","3600000","35000000"
1180002110,"03",1,"9333","7511",3,"8",6,"0003869000","0050428000","0002700000","0032400000","0000980000","0015760000","3680000","48160000"
1180002105,"01",1,"9314","4521",3,"8",5,"0003500000","0042000000","0003500000","0042000000","0","0","3500000","42000000"
1180002108,"01",1,"9132","7530",3,"8",6,"0006323000","0078876000","0003900000","0046800000","0002150000","0028800000","6050000","75600000"
1180014059,"01",1,"5220","5221",3,"9",6,"0003000000","0036000000","0003000000","0036000000","0","0","3000000","36000000"
1180014067,"01",1,"4190","7511",1,"8",6,"0005370700","0067448400","0003230000","0038760000","0001850000","0025200000","5080000","63960000"
1180042069,"01",1,"0111","7522",1,"8",6,"0003965500","0050586000","0002950000","0035400000","0000750000","0012000000","3700000","47400000"
1180042058,"01",1,"0111","7523",1,"8",6,"0006419000","0080028000","0004100000","0049200000","0001950000","0026400000","6050000","75600000"
1180042061,"01",1,"0111","7523",1,"8",6,"0006485500","0077826000","0003950000","0047400000","0002180000","0026160000","6130000","73560000"
1180042064,"01",1,"0111","7523",1,"8",6,"0006328000","0078936000","0004200000","0050400000","0001750000","0024000000","5950000","74400000"
1180042066,"01",1,"0111","7523",1,"8",6,"0006401000","0079812000","0003900000","0046800000","0002150000","0028800000","6050000","75600000"
1180123107,"01",1,"4134","8021",1,"6",6,"0005873000","0075720800","0003860000","0046320000","0001720000","0025640000","5580000","71960000"
1180123107,"03",1,"2429","7513",3,"8",6,"0005146000","0030924000","0003720000","0022320000","0001150000","0006900000","4870000","29220000"
1180123107,"04",1,"2320","8021",1,"5",6,"0004462600","0057880400","0003350000","0040250000","0000800000","0013620000","4150000","53870000"
1180123107,"05",1,"4190","7530",3,"8",6,"0005169000","0066971600","0003600000","0043260000","0001300000","0020270000","4900000","63530000"
1180099057,"01",1,"8340","6110",3,"16",7,"0003500000","0031500000","0003500000","0031500000","0","0","3500000","31500000"
1180039057,"01",1,"8332","4010",3,"8",6,"0006370500","0079446000","0003150000","0037800000","0003000000","0039000000","6150000","76800000"
1180039067,"01",1,"9132","7511",3,"8",6,"0004006500","0051078000","0002950000","0035400000","0000850000","0013200000","3800000","48600000"
1180123106,"01",1,"9333","6023",3,"10",7,"0004000000","0045000000","0004000000","0045000000","0","0","4000000","45000000"
1180123106,"03",1,"9132","4522",3,"10",5,"0003000000","0034700000","0003000000","0034700000","0","0","3000000","34700000"
1180039064,"01",1,"2320","7512",1,"8",6,"0005230000","0065856000","0003200000","0038400000","0001750000","0024000000","4950000","62400000"
1180039064,"02",1,"2320","7512",1,"8",6,"0005230000","0065856000","0003200000","0038400000","0001750000","0024000000","4950000","62400000"
1180099053,"01",1,"9314","4521",3,"8",6,"0003360000","0030240000","0003360000","0030240000","0","0","3360000","30240000"
1180099058,"01",1,"8340","6110",3,"16",7,"0003000000","0030000000","0003000000","0030000000","0","0","3000000","30000000"
1180099062,"01",1,"8340","6110",3,"16",7,"0003000000","0030000000","0003000000","0030000000","0","0","3000000","30000000"
1180087060,"01",1,"9314","4521",3,"8",6,"0003600000","0028800000","0003600000","0028800000","0","0","3600000","28800000"
1180111118,"04",1,"6155","0502",3,"3",3,"0001000000","0009500000","0001000000","0009500000","0","0","1000000","9500000"
1180111118,"04",1,"5220","2699",3,"10",7,"0002000000","0024000000","0002000000","0024000000","0","0","2000000","24000000"
1180111112,"01",1,"6155","0502",3,"5",3,"0002000000","0022500000","0002000000","0022500000","0","0","2000000","22500000"
1180111115,"02",1,"6155","0502",3,"9",5,"0001800000","0024000000","0001800000","0024000000","0","0","1800000","24000000"
1180111115,"02",1,"8340","6110",3,"5",2,"0002000000","0004500000","0002000000","0004500000","0","0","2000000","4500000"
1180111123,"01",1,"9132","7020",3,"12",7,"0002500000","0030000000","0002500000","0030000000","0","0","2500000","30000000"
1180063006,"01",1,"8332","6023",3,"8",6,"0005496000","0069120000","0004000000","0048000000","0001200000","0017400000","5200000","65400000"
1180003147,"01",1,"9132","7511",3,"8",6,"0003350000","0043200000","0003000000","0036000000","0000350000","0007200000","3350000","43200000"
1180027010,"01",1,"9132","6429",3,"8",6,"0002500000","0030000000","0002500000","0030000000","0","0","2500000","30000000"
1180003150,"01",1,"6155","0502",3,"8",5,"0002440000","0029280000","0002000000","0024000000","0000300000","0003600000","2300000","27600000"
1180027013,"01",1,"9132","5236",3,"8",6,"0003410000","0040920000","0003000000","0036000000","0000200000","0002400000","3200000","38400000"
1180015170,"01",1,"4190","1711",3,"8",6,"0003910000","0049920000","0003000000","0036000000","0000700000","0011400000","3700000","47400000"
1180015161,"01",1,"8340","1110",1,"8",6,"0006210000","0077520000","0003500000","0042000000","0002500000","0033000000","6000000","75000000"
1180099062,"05",1,"5220","5223",3,"10",6,"0003000000","0024000000","0003000000","0024000000","0","0","3000000","24000000"
1180099062,"06",1,"9314","4521",3,"8",5,"0002800000","0019600000","0002800000","0019600000","0","0","2800000","19600000"
1180007189,"05",1,"4134","1110",3,"8",6,"0004717000","0059604000","0003100000","0037200000","0001400000","0019800000","4500000","57000000"
1180007198,"01",1,"3111","5147",1,"8",6,"0012624000","0154488000","0003200000","0038400000","0009200000","0113400000","12400000","151800000"
1180007195,"01",1,"4190","7511",1,"8",6,"0005208200","0065498400","0003260000","0039120000","0001720000","0023640000","4980000","62760000"
1180067003,"03",1,"9314","4521",3,"8",5,"0003000000","0024000000","0003000000","0024000000","0","0","3000000","24000000"
1180115057,"01",1,"3115","1110",3,"12",4,"0006894000","0086908000","0004150000","0049800000","0002380000","0032560000","6530000","82360000"
1180031191,"01",1,"3480","9197",1,"8",6,"0004060000","0051720000","0003000000","0036000000","0000850000","0013200000","3850000","49200000"
1180031190,"01",1,"1100","7511",1,"8",6,"0008605000","0106260000","0004500000","0054000000","0003700000","0047400000","8200000","101400000"
1180031190,"03",1,"2441","8031",1,"8",6,"0004203000","0053436000","0002900000","0034800000","0001100000","0016200000","4000000","51000000"
1180031186,"01",1,"3417","7511",3,"4",3,"0003000000","0036000000","0003000000","0036000000","0","0","3000000","36000000"
1180031186,"01",1,"3222","8517",3,"12",4,"0006291500","0078498000","0003450000","0041400000","0002600000","0034200000","6050000","75600000"
1180031191,"03",1,"4190","9120",3,"8",6,"0003706500","0047478000","0002950000","0035400000","0000550000","0009600000","3500000","45000000"
1180119215,"01",1,"4212","7512",1,"8",6,"0005002100","0064648000","0002950000","0035400000","0001470000","0021640000","4420000","57040000"
1180107152,"01",1,"8324","6023",3,"7",5,"0003500000","0038000000","0003500000","0038000000","0","0","3500000","38000000"
1180107159,"01",1,"8324","6023",3,"10",6,"0007500000","0090000000","0007500000","0090000000","0","0","7500000","90000000"
1180107161,"01",1,"9132","4521",3,"9",5,"0004500000","0049600000","0004500000","0049600000","0","0","4500000","49600000"
1180107164,"01",1,"9132","4100",3,"6",7,"0004000000","0048000000","0004000000","0048000000","0","0","4000000","48000000"
1180107155,"01",1,"9211","0140",3,"12",7,"0004000000","0048000000","0004000000","0048000000","0","0","4000000","48000000"
1180115063,"01",1,"3222","8511",1,"8",6,"0006740000","0087380000","0004200000","0050400000","0001650000","0024620000","5850000","75020000"
1180115063,"02",1,"2230","8513",1,"8",6,"0005986000","0077942000","0003750000","0045000000","0001400000","0021830000","5150000","66830000"
1180115064,"01",1,"2320","8021",1,"4",6,"0005993000","0077188000","0004150000","0049800000","0001200000","0019420000","5350000","69220000"
1180115064,"02",1,"2320","8021",1,"4",6,"0005648000","0073023200","0004080000","0048960000","0000950000","0016400000","5030000","65360000"
1180119219,"01",1,"9152","7511",1,"12",7,"0006784000","0087210000","0004800000","0057600000","0001120000","0018450000","5920000","76050000"
1180095102,"01",1,"9333","9305",3,"10",6,"0004000000","0040000000","0004000000","0040000000","0","0","4000000","40000000"
1180095110,"01",1,"6111","5221",3,"12",6,"0003400000","0027200000","0003400000","0027200000","0","0","3400000","27200000"
1180095106,"01",1,"3152","4010",1,"12",7,"0006350000","0076200000","0005000000","0060000000","0001000000","0012000000","6000000","72000000"
1180047195,"02",1,"9314","4521",3,"8",5,"0003000000","0027000000","0003000000","0027000000","0","0","3000000","27000000"
1180035011,"01",1,"0111","7523",1,"8",6,"0009513000","0118156000","0005700000","0068400000","0003300000","0043600000","9000000","112000000"
1180087064,"01",1,"4190","6021",1,"8",6,"0004724000","0056688000","0003200000","0038400000","0001300000","0015600000","4500000","54000000"
1180031199,"01",1,"4115","7512",3,"8",6,"0004217000","0053604000","0003100000","0037200000","0000900000","0013800000","4000000","51000000"
1180035008,"01",1,"1427","6512",3,"8",6,"0006365000","0079380000","0003500000","0042000000","0002550000","0033600000","6050000","75600000"
1180035004,"01",1,"0111","7523",3,"8",6,"0005919000","0074028000","0004100000","0049200000","0001450000","0020400000","5550000","69600000"
1180007202,"01",1,"3472","9213",1,"8",6,"0005642000","0070704000","0003800000","0045600000","0001500000","0021000000","5300000","66600000"
1180007202,"02",1,"2451","7512",3,"8",6,"0004510000","0057120000","0003000000","0036000000","0001300000","0018600000","4300000","54600000"
1180031195,"01",1,"2351","7512",1,"8",6,"0009236500","0113838000","0004850000","0058200000","0003950000","0050400000","8800000","0108600000"
1180031195,"02",1,"4115","7511",1,"8",6,"0006745000","0083940000","0003500000","0042000000","0003000000","0039000000","6500000","81000000"
1180051308,"03",1,"9314","4521",3,"8",5,"0002800000","0019600000","0002800000","0019600000",NA,NA,"2800000","19600000"
1180051304,"01",1,"8332","4100",1,"8",6,"0005366000","0064392000","0003800000","0045600000","0001300000","0015600000","5100000","61200000"
1180051304,"03",1,"9314","4521",3,"8",5,"0002800000","0016800000","0002800000","0016800000",NA,NA,"2800000","16800000"
1180043008,"01",1,"0111","7523",1,"8",6,"0002267200","0032206400","0002080000","0024960000",NA,"0005000000","2080000","29960000"
1180043001,"01",1,"0111","7523",1,"8",6,"0004338000","0055056000","0003200000","0038400000","0000850000","0013200000","4050000","51600000"
1180043013,"01",1,"0111","7523",1,"8",6,"0003883500","0049602000","0003150000","0037800000","0000450000","0008400000","3600000","46200000"
1180043013,"02",1,"2320","8021",3,"8",5,"0001500000","0018000000","0001500000","0018000000",NA,NA,"1500000","18000000"
1180043010,"01",1,"0111","7523",1,"8",6,"0005121500","0064458000","0003350000","0040200000","0001470000","0020640000","4820000","60840000"
1180071058,"04",1,"4190","1110",3,"8",6,"0007731000","0098772000","0003850000","0046200000","0003650000","0049800000","7500000","96000000"
1180127179,"01",1,"3413","7020",3,"6",6,"0003500000","0042100000","0003500000","0042100000",NA,NA,"3500000","42100000"
1180071051,"01",1,"4113","8520",3,"8",6,"0004274000","0054288000","0003200000","0038400000","0000850000","0013200000","4050000","51600000"
1180071051,"02",1,"4141","7523",1,"8",6,"0004948500","0062382000","0003550000","0042600000","0001150000","0016800000","4700000","59400000"
1180079110,"03",1,"7311","4020",3,"8",6,"0007067500","0087810000","0005250000","0063000000","0001450000","0020400000","6700000","83400000"
1180079102,"01",1,"8333","7511",3,"8",6,"0004781000","0060372000","0003300000","0039600000","0001250000","0018000000","4550000","57600000"
1180055267,"03",1,"7233","6301",3,"8",6,"0010160000","0121920000","0008000000","0096000000","0001600000","0019200000","9600000","115200000"
1180055267,"04",1,"6111","0130",3,"10",6,"0003000000","0021000000","0003000000","0021000000",NA,NA,"3000000","21000000"
1180055262,"01",1,"9314","4521",3,"8",6,"0003600000","0028800000","0003600000","0028800000",NA,NA,"3600000","28800000"
1180055256,"03",1,"9314","4521",3,"8",6,"0003600000","0028800000","0003600000","0028800000",NA,NA,"3600000","28800000"
1180127182,"01",1,"5169","4020",3,"12",5,"0010970000","0135190000","0006500000","0078000000","0003400000","0043750000","9900000","121750000"
1180127173,"01",1,"9132","4020",3,"12",5,"0004768000","0052449000","0003600000","0036000000","0000900000","0013750000","4500000","49750000"
1180055269,"01",1,"9314","4521",3,"8",4,"0002400000","0021600000","0002400000","0021600000",NA,NA,"2400000","21600000"
1180055261,"01",1,"5122","5521",3,"10",6,"0006315000","0075780000","0004500000","0054000000","0001500000","0018000000","6000000","72000000"
1180103011,"03",1,"9333","9305",3,"9",5,"0003500000","0042000000","0003500000","0042000000",NA,NA,"3500000","42000000"
1180103011,"04",1,"9314","4521",3,"8",5,"0002800000","0022400000","0002800000","0022400000",NA,NA,"2800000","22400000"
1180091171,"01",1,"0111","7523",1,"12",6,"0009760000","0117120000","0008000000","0096000000","0001200000","0014400000","9200000","110400000"
1180091167,"01",1,"4111","6421",1,"8",6,"0004724000","0056688000","0003200000","0038400000","0001300000","0015600000","4500000","54000000"
1180091159,"01",1,"6155","0502",3,"10",6,"0003500000","0031500000","0003500000","0031500000",NA,NA,"3500000","31500000"
1180103009,"01",1,"8332","7511",1,"8",6,"0005780000","0069360000","0004000000","0048000000","0001500000","0018000000","5500000","66000000"
1180103003,"01",1,"3112","7513",3,"8",6,"0009960000","0119520000","0008000000","0096000000","0001400000","0016800000","9400000","112800000"
1180103006,"01",1,"6155","0502",3,"12",6,"0003000000","0027000000","0003000000","0027000000",NA,NA,"3000000","27000000"
1180103013,"01",1,"8281","3511",3,"8",6,"0005580000","0066960000","0004000000","0048000000","0001300000","0015600000","5300000","63600000"
1180019255,"01",1,"4134","2710",3,"8",6,"0003820500","0048846000","0003150000","0037800000","0000450000","0008400000","3600000","46200000"
1180019259,"01",1,"9152","4531",3,"8",6,"0005292500","0066510000","0003750000","0045000000","0001280000","0018360000","5030000","63360000"
1180019254,"01",1,"2145","6303",3,"8",6,"0003546000","0045552000","0002800000","0033600000","0000550000","0009600000","3350000","43200000"
1180011047,"01",1,"8332","8513",3,"8",6,"0004006500","0051078000","0002950000","0035400000","0000850000","0013200000","3800000","48600000"
1180011047,"02",1,"4222","8513",3,"8",6,"0005067000","0063804000","0003300000","0039600000","0001470000","0020640000","4770000","60240000"
1180011058,"01",1,"8340","0502",3,"8",5,"0002940000","0035580000","0002500000","0030000000","0000200000","0003900000","2700000","33900000"
1180011054,"01",1,"9132","9120",3,"9",6,"0002000000","0024000000","0002000000","0024000000",NA,NA,"2000000","24000000"
1180023055,"01",1,"0111","7522",1,"8",6,"0005483000","0068796000","0003700000","0044400000","0001450000","0020400000","5150000","64800000"
1180023055,"02",1,"2320","7512",1,"8",6,"0004683500","0059202000","0003150000","0037800000","0001250000","0018000000","4400000","55800000"
1180023064,"03",1,"9132","5240",3,"8",6,"0000700000","0008400000","0000700000","0008400000",NA,NA,"700000","8400000"
1180011051,"01",1,"2411","7512",1,"8",6,"0005901000","0073812000","0003900000","0046800000","0001650000","0022800000","5550000","69600000"
1180011051,"02",1,"3231","8511",1,"8",6,"0004306500","0054678000","0002850000","0034200000","0001200000","0017400000","4050000","51600000"
1180023068,"01",1,"4212","6512",3,"8",6,"0007293000","0090516000","0002700000","0032400000","0004350000","0055200000","7050000","87600000"
1180023068,"02",1,"4190","6411",3,"8",6,"0006100000","0076200000","0003700000","0044400000","0002400000","0031800000","6100000","76200000"
1180083054,"01",1,"2320","8021",1,"7",6,"0008055000","0096660000","0006500000","0078000000","0001100000","0013200000","7600000","91200000"
1180083061,"01",1,"0111","7523",1,"8",6,"0008790000","0105480000","0007000000","0084000000","0001300000","0015600000","8300000","99600000"
1180083064,"01",1,"2320","8021",1,"8",6,"0006550000","0078600000","0005000000","0060000000","0001200000","0014400000","6200000","74400000"
1180043004,"01",1,"0111","7523",1,"8",6,"0005058000","0063696000","0003200000","0038400000","0001570000","0021840000","4770000","60240000"
1180052105,"05",1,"9314","4521",3,"10",3,"0001500000","0020750000","0001500000","0020750000","0","0","1500000","20750000"
1180052108,"02",1,"7137","4532",3,"5",5,"0003400000","0042500000","0003400000","0042500000","0","0","3400000","42500000"
1180052108,"03",1,"7137","4532",3,"5",5,"0003400000","0040000000","0003400000","0040000000","0","0","3400000","40000000"
1180052096,"01",1,"6112","0112",3,"7",7,"0001700000","0020400000","0001700000","0020400000","0","0","1700000","20400000"
1180052096,"02",1,"2320","8021",1,"6",4,"0005064000","0065356000","0003150000","0037800000","0001400000","0020800000","4550000","58600000"
1180052101,"01",1,"9132","4531",3,"6",5,"0005000000","0057000000","0005000000","0057000000","0","0","5000000","57000000"
1180124298,"03",1,"9132","7511",3,"7",4,"0001500000","0018200000","0001500000","0018200000","0","0","1500000","18200000"
1180124298,"04",1,"9314","4521",3,"10",4,"0002100000","0023000000","0002100000","0023000000","0","0","2100000","23000000"
1180124297,"03",1,"9132","7511",3,"7",3,"0001800000","0022500000","0001800000","0022500000","0","0","1800000","22500000"
1180016008,"01",1,"5122","8031",3,"8",6,"0004274000","0054288000","0003200000","0038400000","0000850000","0013200000","4050000","51600000"
1180016015,"01",1,"9152","6110",3,"8",6,"0007230300","0089763600","0003290000","0039480000","0003710000","0047520000","7000000","87000000"
1180016015,"03",1,"8340","6023",3,"8",6,"0004000000","0048000000","0004000000","0048000000","0","0","4000000","48000000"
1180040006,"01",1,"9132","7513",3,"9",6,"0009085000","0114020000","0005500000","0066000000","0003200000","0043400000","8700000","109400000"
1180040006,"03",1,"9132","7513",3,"8",6,"0003000000","0036000000","0002500000","0030000000","0000500000","0006000000","3000000","36000000"
1180040013,"01",1,"9152","3511",3,"8",6,"0004225000","0055700000","0002500000","0030000000","0001550000","0023600000","4050000","53600000"
1180124302,"03",1,"6155","0502",3,"6",4,"0002000000","0025000000","0002000000","0025000000","0","0","2000000","25000000"
1180124302,"04",1,"8340","6110",3,"12",4,"0002500000","0028000000","0002500000","0028000000","0","0","2500000","28000000"
1180124308,"01",1,"9152","9305",3,"4",7,"0000950000","0012350000","0000950000","0012350000","0","0","950000","12350000"
1180124308,"03",1,"5220","5223",3,"10",7,"0003000000","0031000000","0003000000","0031000000","0","0","3000000","31000000"
1180088215,"01",1,"2412","7523",1,"8",6,"0006650000","0079800000","0005000000","0060000000","0001300000","0015600000","6300000","75600000"
1180112191,"01",1,"8340","6023",3,"14",7,"0003000000","0021000000","0003000000","0021000000","0","0","3000000","21000000"
1180112201,"01",1,"8332","6022",3,"14",5,"0006115000","0073380000","0004500000","0054000000","0001300000","0015600000","5800000","69600000"
1180112197,"06",1,"5220","5238",3,"12",6,"0004000000","0048000000","0004000000","0048000000","0","0","4000000","48000000"
1180112198,"01",1,"9314","4521",3,"8",6,"0003600000","0036000000","0003600000","0036000000","0","0","3600000","36000000"
1180088205,"01",1,"2320","8021",1,"8",6,"0004724000","0056688000","0003200000","0038400000","0001300000","0015600000","4500000","54000000"
1180088205,"02",1,"2320","8021",1,"8",6,"0004724000","0056688000","0003200000","0038400000","0001300000","0015600000","4500000","54000000"
1180016002,"03",1,"9132","5229",3,"8",6,"0005350000","0069200000","0005000000","0006000000","0","0005000000","5000000","11000000"
1180016002,"04",1,"0111","7522",1,"9",6,"0000250000","0001000000","0000250000","0001000000","0","0","250000","1000000"
1180080117,"03",1,"9314","4521",3,"8",5,"0003000000","0021000000","0003000000","0021000000","0","0","3000000","21000000"
1180056014,"03",1,"9314","4521",3,"8",5,"0003000000","0024000000","0003000000","0024000000","0","0","3000000","24000000"
1180104118,"03",1,"9314","4521",3,"8",4,"0002400000","0014400000","0002400000","0014400000","0","0","2400000","14400000"
1180104116,"01",1,"8332","7513",1,"8",6,"0004724000","0056688000","0003200000","0038400000","0001300000","0015600000","4500000","54000000"
1180104116,"03",1,"9314","4521",3,"8",5,"0003000000","0024000000","0003000000","0024000000","0","0","3000000","24000000"
1180104108,"02",1,"2320","8021",1,"8",6,"0005994000","0071928000","0004200000","0050400000","0001500000","0018000000","5700000","68400000"
1180080112,"03",1,"5220","5223",3,"10",6,"0002500000","0015000000","0002500000","0015000000","0","0","2500000","15000000"
1180080112,"04",1,"5220","5223",3,"10",6,"0002500000","0017500000","0002500000","0017500000","0","0","2500000","17500000"
1180080115,"01",1,"4134","8532",1,"8",6,"0006815000","0081780000","0004500000","0054000000","0002000000","0024000000","6500000","78000000"
1180080115,"03",1,"4190","7511",1,"8",6,"0001770000","0021240000","0001000000","0012000000","0000700000","0008400000","1700000","20400000"
1180080115,"04",1,"9314","4521",3,"8",6,"0003600000","0032400000","0003600000","0032400000","0","0","3600000","32400000"
1180056006,"01",1,"9132","7511",1,"10",6,"0004817000","0057804000","0003100000","0037200000","0001500000","0018000000","4600000","55200000"
1180060113,"01",1,"9314","4521",3,"8",6,"0003840000","0034560000","0003840000","0034560000","0","0","3840000","34560000"
1180060113,"02",1,"2320","8021",1,"8",6,"0007815000","0093780000","0004500000","0054000000","0003000000","0036000000","7500000","90000000"
1180060122,"01",1,"9314","4521",3,"8",6,"0003840000","0034560000","0003840000","0034560000","0","0","3840000","34560000"
1180060122,"03",1,"9314","4521",3,"8",4,"0002400000","0019200000","0002400000","0019200000","0","0","2400000","19200000"
1180072063,"01",1,"9132","7513",3,"9",6,"0007500000","0079000000","0007500000","0079000000","0","0","7500000","79000000"
1180072068,"02",1,"2320","8021",1,"5",6,"0005586000","0076485200","0004150000","0049850000","0000800000","0018240000","4950000","68090000"
1180060119,"02",1,"2320","8021",1,"8",6,"0007815000","0093780000","0004500000","0054000000","0003000000","0036000000","7500000","90000000"
1180072060,"01",1,"1100","7513",1,"8",6,"0008670000","0112760000","0004700000","0056400000","0003050000","0044600000","7750000","101000000"
1180060116,"01",1,"9314","4521",3,"8",6,"0003750000","0037500000","0003750000","0037500000","0","0","3750000","37500000"
1180060123,"01",1,"9152","6512",1,"8",6,"0009420000","0113040000","0006000000","0072000000","0003000000","0036000000","9000000","108000000"
1180096066,"01",1,"0111","7523",1,"8",6,"0008350000","0100200000","0005000000","0060000000","0003000000","0036000000","8000000","96000000"
1180128106,"01",1,"4134","1110",3,"8",6,"0005926000","0077438000","0004300000","0051600000","0000950000","0017450000","5250000","69050000"
1180128103,"01",1,"8332","1110",3,"8",6,"0005816000","0076848000","0004200000","0050400000","0000980000","0017760000","5180000","68160000"
1180128100,"01",1,"4190","1110",1,"10",6,"0011326000","0142850000","0006500000","0078000000","0003840000","0052070000","10340000","130070000"
1180096059,"02",1,"9314","4521",3,"8",6,"0003600000","0028800000","0003600000","0028800000","0","0","3600000","28800000"
1180096059,"03",1,"9314","4521",3,"8",4,"0002400000","0019200000","0002400000","0019200000","0","0","2400000","19200000"
1180128097,"01",1,"9132","4020",1,"8",5,"0005978000","0079716000","0003850000","0046200000","0001500000","0024360000","5350000","70560000"
1180128095,"01",1,"4190","4020",1,"8",5,"0008186000","0104388000","0005200000","0062400000","0002150000","0032400000","7350000","94800000"
1180084104,"01",1,"9314","4521",3,"8",5,"0003200000","0025600000","0003200000","0025600000","0","0","3200000","25600000"
1180048057,"01",1,"4121","7512",3,"8",6,"0007198000","0093826000","0004600000","0055200000","0002050000","0031570000","6650000","86770000"
1180084107,"01",1,"0111","7522",1,"8",6,"0008350000","0100200000","0005000000","0060000000","0003000000","0036000000","8000000","96000000"
1180048050,"01",1,"8332","6022",3,"7",5,"0004500000","0052000000","0004500000","0052000000","0","0","4500000","52000000"
1180048050,"02",1,"9120","8021",1,"6",6,"0005946000","0077156000","0004250000","0051000000","0001200000","0019400000","5450000","70400000"
1180048047,"01",1,"9314","4521",3,"9",5,"0004000000","0051000000","0004000000","0051000000","0","0","4000000","51000000"
1180056001,"01",1,"0111","7523",1,"8",6,"0005245000","0062940000","0003500000","0042000000","0001500000","0018000000","05000000","60000000"
1180072064,"01",1,"1100","7513",1,"8",6,"0008106000","0125216000","0005850000","0070200000","0001360000","0022340000","7210000","92540000"
1180072064,"02",1,"2320","8021",1,"6",6,"0007858000","0101724000","0005620000","0067440000","0001500000","0024360000","7120000","91800000"
1180004166,"01",1,"2490","6512",1,"8",6,"0007277000","0090324000","0003570000","0042840000","0003350000","0043200000","6920000","86040000"
1180004173,"03",1,"0111","7522",1,"9",6,"0000200000","0001000000","0000200000","0001000000",NA,NA,"200000","1000000"
1180004177,"02",1,"9132","0502",3,"8",6,"0002675000","0032100000","0002500000","0003000000",NA,NA,"2500000","3000000"
1180076110,"01",1,"7136","4531",3,"10",4,"0004000000","0036000000","0004000000","0036000000",NA,NA,"4000000","36000000"
1180076107,"01",1,"9314","4521",3,"8",6,"0003600000","0032400000","0003600000","0032400000",NA,NA,"3600000","32400000"
1180100109,"03",1,"2320","8021",1,"6",4,"0004696000","0061336000","0003400000","0041800000","0000900000","0014220000","4300000","56020000"
1180076101,"03",1,"9314","4521",3,"8",4,"0002400000","0014400000","0002400000","0014400000",NA,NA,"2400000","14400000"
1180076098,"01",1,"9152","9249",1,"16",7,"0005045000","0060540000","0003500000","0042000000","0001300000","0015600000","4800000","57600000"
1180004180,"03",1,"9132","2699",3,"8",6,"0002000000","0024000000","0002000000","0024000000",NA,NA,"2000000","24000000"
1180100112,"01",1,"4121","4522",3,"5",4,"0001500000","0016600000","0001500000","0016600000",NA,NA,"1500000","16600000"
1180100112,"05",1,"5123","5147",3,"12",6,"0006332000","0080953200","0004200000","0050400000","0001700000","0024750000","5900000","75150000"
1180028162,"03",1,"9132","7513",3,"8",6,"0001800000","0021600000","0001800000","0021600000",NA,NA,"1800000","21600000"
1180028151,"01",1,"3114","6421",1,"8",6,"0007465000","0092580000","0004500000","0054000000","0002650000","0034800000","7150000","88800000"
1180028151,"02",1,"3211","7530",1,"8",6,"0007030000","0087360000","0005000000","0060000000","0001680000","0023160000","6680000","83160000"
1180064008,"01",1,"0111","7522",1,"8",6,"0007914000","0097968000","0004600000","0055200000","0002900000","0037800000","7500000","93000000"
1180064012,"03",1,"8332","6023",3,"8",6,"0002000000","0024000000","0002000000","0024000000",NA,NA,"2000000","24000000"
1180064012,"04",1,"0111","7523",1,"8",6,"0004329000","0054948000","0003100000","0037200000","0000950000","0014400000","4050000","51600000"
1180028149,"01",1,"2320","7512",1,"8",6,"0004950000","0062400000","0003900000","0046800000","0001050000","0015600000","4950000","62400000"
1180028149,"02",1,"2320","7512",1,"8",6,"0005422000","0068064000","0003800000","0045600000","0001280000","0018360000","5080000","63960000"
1180044067,"01",1,"0111","7523",1,"8",6,"0004867000","0061404000","0003300000","0039600000","0001270000","0018240000","4570000","57840000"
1180044060,"01",1,"0111","7523",1,"8",6,"0005358500","0067302000","0003650000","0043800000","0001380000","0019560000","5030000","63360000"
1180044062,"01",1,"0111","7523",1,"8",6,"0004883000","0061596000","0003700000","0044400000","0000850000","0013200000","4550000","57600000"
1180044055,"01",1,"0111","7523",1,"8",6,"0004860500","0061326000","0003450000","0041400000","0001100000","0016200000","4550000","57600000"
1180044055,"02",1,"8322","8090",3,"9",6,"0003300000","0041600000","0002700000","0032400000","0000600000","0009200000","3300000","41600000"
1180020156,"02",1,"4190","6421",3,"8",6,"0002500000","0005000000","0002500000","0005000000",NA,NA,"2500000","5000000"
1180020151,"03",1,"7141","4540",3,"8",5,"0004700000","0056400000","0004700000","0056400000",NA,NA,"4700000","56400000"
1180020159,"02",1,"2320","7512",3,"8",6,"0004338000","0055056000","0003200000","0038400000","0000850000","0013200000","4050000","51600000"
1180008053,"01",1,"4190","7498",3,"8",6,"0006665000","0084980000","0004500000","0054000000","0001850000","0027200000","6350000","81200000"
1180008058,"01",1,"2320","8021",1,"8",6,"0008178000","0101136000","0004200000","0050400000","0003600000","0046200000","7800000","96600000"
1180008058,"02",1,"2320","8021",1,"8",6,"0006851000","0085212000","0003900000","0046800000","0002600000","0034200000","6500000","81000000"
1180044065,"01",1,"0111","7523",3,"8",6,"0005685500","0071226000","0003950000","0047400000","0001380000","0019560000","5330000","66960000"
1180092249,"03",1,"9152","1110",3,"10",7,"0006115000","0083380000","0004500000","0054000000","0001300000","0015600000","5800000","69600000"
1180092249,"05",1,"2320","8021",1,"8",6,"0005245000","0062940000","0003500000","0042000000","0001500000","0018000000","5000000","60000000"
1180068006,"03",1,"8332","6022",3,"14",6,"0004710000","0056520000","0003000000","0036000000","0001500000","0018000000","4500000","54000000"
1180068001,"01",1,"8324","7513",3,"10",6,"0006850000","0082200000","0005000000","0060000000","0001500000","0018000000","6500000","78000000"
1180068013,"01",1,"8324","6023",3,"10",6,"0008000000","0096000000","0008000000","0096000000",NA,NA,"8000000","96000000"
1180032093,"05",1,"4190","5223",3,"8",6,"0004000000","0004000000","0004000000","0004000000","0","0","4000000","4000000"
1180032104,"01",1,"2222","7530",1,"6",6,"0021379000","0261548000","0009700000","0116400000","0011000000","0137000000","20700000","253400000"
1180092257,"01",1,"6155","0502",3,"14",5,"0004000000","0032000000","0004000000","0032000000",NA,NA,"4000000","32000000"
1180120141,"03",1,"7137","4532",3,"8",6,"0002500000","0015000000","0002500000","0015000000",NA,NA,"2500000","15000000"
1180120153,"01",1,"4190","8513",1,"8",6,"0006684000","0086518000","0004350000","0052200000","0001600000","0024850000","5950000","77050000"
1180036013,"01",1,"0111","7522",1,"8",6,"0005948000","0074576000","0004200000","0050400000","0001370000","0019640000","5570000","70040000"
1180036012,"01",1,"0111","7522",1,"8",6,"0005958000","0074676000","0004200000","0050400000","0001380000","0019740000","5580000","70140000"
1180036006,"01",1,"0111","7522",1,"8",6,"0005238000","0066036000","0003200000","0038400000","0001750000","0024180000","4950000","62580000"
1180012062,"01",1,"8340","0502",3,"8",5,"0003460000","0043420000","0003000000","0036000000","0000250000","0004900000","3250000","40900000"
1180012065,"01",1,"9132","6411",3,"8",6,"0005101000","0064412000","0003900000","0046800000","0000850000","0013400000","4750000","60200000"
1180036009,"01",1,"0111","7522",1,"8",6,"0007045500","0087726000","0004950000","0059400000","0001650000","0022980000","6600000","82380000"
1180036001,"01",1,"0111","7522",1,"8",6,"0006991000","0087072000","0004900000","0058800000","0001650000","0022980000","6550000","81780000"
1180024164,"03",1,"4142","6304",3,"8",6,"0002000000","0024000000","0002000000","0024000000",NA,NA,"2000000","24000000"
1180116202,"01",1,"5220","5237",3,"10",6,"0005266000","0066705000","0004150000","0049850000","0000800000","0012640000","4950000","62490000"
1180108243,"02",1,"2320","8021",1,"5",5,"0005833000","0076272000","0004520000","0054240000","0000700000","0014280000","5220000","68520000"
1180108247,"01",1,"2320","8021",1,"6",5,"0004960000","0050400000","0004200000","0050400000","0000760000","0","4960000","50400000"
1180116197,"01",1,"9333","6023",3,"6",5,"0002600000","0029500000","0002600000","0029500000",NA,NA,"2600000","29500000"
1180116203,"03",1,"2441","8532",3,"6",6,"0001850000","0009500000","0001850000","0009500000",NA,NA,"1850000","9500000"
1180116203,"04",1,"8340","6110",3,"7",4,"0003610000","0046180000","0002800000","0033600000","0000600000","0009600000","3400000","43200000"
1180024162,"01",1,"4113","7512",1,"8",6,"0005243000","0065916000","0003900000","0046800000","0001070000","0015840000","4970000","62640000"
1180024166,"01",1,"9132","7310",3,"8",6,"0005306500","0068678000","0003950000","0047400000","0001080000","0017960000","5030000","65360000"
1180024171,"02",1,"3320","8011",3,"8",6,"0001500000","0018000000","0001500000","0018000000",NA,NA,"1500000","18000000"
1180024171,"03",1,"4190","6603",3,"8",6,"0002500000","0005000000","0002500000","0005000000",NA,NA,"2500000","5000000"
1180116203,"05",1,"6155","0502",3,"6",5,"0003700000","0044100000","0003200000","0038400000","0000500000","0005700000","3700000","44100000"
1180116203,"08",1,"9314","4521",3,"8",6,"0003750000","0041800000","0003750000","0041800000",NA,NA,"3750000","41800000"
1180116206,"01",1,"9152","9241",3,"5",7,"0000700000","0008500000","0000700000","0008500000",NA,NA,"700000","8500000"
1180116211,"01",1,"4190","7530",3,"8",6,"0005416000","0071844000","0003850000","0046200000","0001140000","0019680000","4990000","65880000"
1180012058,"01",1,"7141","4540",3,"8",6,"0004500000","0054000000","0004500000","0054000000",NA,NA,"4500000","54000000"
1180012058,"03",1,"4190","4531",3,"8",6,"0002500000","0030000000","0002500000","0030000000",NA,NA,"2500000","30000000"
1190125249,"01",1,"4222","5513",1,"12",6,"0005540498","0066485976","0003036000","0036432000",NA,"0005000000","3036000","41432000"
1190081067,"01",1,"4115","4521",1,"12",6,"0004400000","0043800000","0002800000","0033600000","0001000000","0003000000","3800000","36600000"
1190081065,"01",1,"7411","1515",3,"14",6,"0003000000","0041000000","0002600000","0031200000",NA,"0005000000","2600000","36200000"
1190081059,"03",1,"4134","4521",3,"10",6,"0003000000","0038500000","0002500000","0030000000",NA,"0002500000","2500000","32500000"
1190057152,"01",1,"4133","7512",1,"8",6,"0005000000","0063000000","0004000000","0048000000",NA,"0003000000","4000000","51000000"
1190113112,"03",1,"7123","4521",3,"8",7,"0004000000","0040000000","0004000000","0040000000",NA,NA,"4000000","40000000"
1190093117,"05",1,"7241","5020",3,"12",6,"0001900000","0023800000","0001500000","0018000000",NA,"0001000000","1500000","19000000"
1190045104,"01",1,"9160","7511",1,"10",7,"0003988000","0048960000","0003030000","0036360000","0000608000","0008400000","3638000","44760000"
1190105013,"01",1,"1429","9213",1,"12",6,"0006800000","0093000000","0005300000","0063600000","0001200000","0017400000","6500000","81000000"
1190105013,"02",1,"1429","8021",1,"6",6,"0005550000","0069600000","0004500000","0054000000","0000300000","0006600000","4800000","60600000"
1190105008,"01",1,"2121","6603",3,"10",6,"0005300000","0066600000","0003500000","0042000000","0001000000","0015000000","4500000","57000000"
1190001096,"01",1,"2461","7512",1,"6",6,"0007600000","0094200000","0006500000","0078000000","0000800000","0012600000","7300000","90600000"
1190001104,"04",1,"7417","1545",3,"10",6,"0003000000","0009000000","0003000000","0009000000",NA,NA,"3000000","9000000"
1190001100,"01",1,"9314","4521",3,"8",6,"0003500000","0014000000","0003500000","0014000000",NA,NA,"3500000","14000000"
1190097212,"01",1,"7417","1545",1,"8",6,"0003500000","0042000000","0003000000","0036000000",NA,NA,"3000000","36000000"
1190061100,"01",1,"7221","2893",3,"12",7,"0004000000","0048000000","0004000000","0048000000",NA,NA,"4000000","48000000"
1190049067,"01",1,"7221","2892",3,"8",6,"0003510000","0042620000","0003200000","0038400000",NA,"0000500000","3200000","38900000"
1190065010,"01",1,"2429","7514",1,"8",6,"0005800000","0077200000","0005200000","0062400000",NA,"0003000000","5200000","65400000"
1190065004,"01",1,"2429","7523",1,"8",6,"0008400000","0103800000","0006000000","0072000000","0001000000","0015000000","7000000","87000000"
1190065004,"02",1,"2320","8021",1,"6",4,"0005200000","0065400000","0004000000","0048000000",NA,"0003000000","4000000","51000000"
1190109069,"01",1,"8322","6022",1,"12",6,"0003500000","0041530000","0003000000","0030030000",NA,"0005500000","3000000","35530000"
1190109066,"01",1,"5123","5511",3,"12",7,"0003130000","0041560000","0002630000","0031560000",NA,"0004000000","2630000","35560000"
1190109062,"01",1,"8112","1320",3,"12",7,"0004500000","0055000000","0003000000","0036000000","0001000000","0013000000","4000000","49000000"
1190101049,"05",1,"2331","8012",1,"4",6,"0002300000","0029100000","0002000000","0024000000",NA,"0001500000","2000000","25500000"
1190065003,"01",1,"5169","7511",1,"8",6,"0011000000","0135000000","0009000000","0108000000","0002000000","0027000000","11000000","135000000"
1190105004,"01",1,"8324","1410",3,"14",7,"0004500000","0054000000","0004000000","0048000000",NA,NA,"4000000","48000000"
1190105011,"01",1,"5162","7522",1,"13",7,"0005000000","0053000000","0003500000","0042000000","0001000000","0005000000","4500000","47000000"
1190105003,"01",1,"5111","6023",3,"12",1,"0002000000","0024000000","0002000000","0024000000",NA,NA,"2000000","24000000"
1190029205,"01",1,"5162","7522",1,"8",5,"0008500000","0106000000","0008000000","0096000000",NA,"0004000000","8000000","100000000"
1190029208,"01",1,"9141","8012",1,"10",6,"0004500000","0058000000","0004000000","0048000000",NA,"0004000000","4000000","52000000"
1190017009,"01",1,"9211","0130",3,"8",6,"0004000000","0032000000","0004000000","0032000000",NA,NA,"4000000","32000000"
1190017011,"01",1,"9314","4521",3,"8",6,"0004000000","0024000000","0004000000","0024000000",NA,NA,"4000000","24000000"
1190017002,"01",1,"7212","2892",3,"8",6,"0003600000","0043200000","0003600000","0043200000",NA,NA,"3600000","43200000"
1190045093,"03",1,"3112","9003",3,"8",3,"0002000000","0029000000","0002000000","0026000000",NA,"0003000000","2000000","29000000"
1190053051,"01",1,"7241","3110",1,"10",7,"0004130000","0056560000","0003130000","0037560000",NA,"0007000000","3130000","44560000"
1190029213,"01",1,"2331","8012",1,"5",6,"0005400000","0066800000","0005000000","0060000000",NA,"0003000000","5000000","63000000"
1190029213,"02",1,"2331","8012",1,"5",6,"0004200000","0053400000","0003800000","0045600000",NA,"0003000000","3800000","48600000"
1190017005,"01",1,"9141","8012",1,"5",6,"0001500000","0018000000","0001500000","0018000000",NA,NA,"1500000","18000000"
1190029218,"01",1,"6121","0124",3,"12",7,"0001500000","0013500000","0001500000","0013500000",NA,NA,"1500000","13500000"
1190025167,"01",1,"4190","7512",1,"6",6,"0005700000","0072400000","0005000000","0060000000",NA,"0004000000","5000000","64000000"
1190025164,"03",1,"2320","8021",1,"6",6,"0004500000","0058000000","0003500000","0042000000",NA,"0004000000","3500000","46000000"
1190033071,"01",1,"9314","4521",3,"14",7,"0000750000","0013000000","0000750000","0013000000",NA,NA,"750000","13000000"
1190033063,"01",1,"5123","7514",1,"13",6,"0003600000","0049700000","0003000000","0036000000",NA,"0006500000","3000000","42500000"
1190033066,"01",1,"5123","7523",1,"10",6,"0003500000","0045000000","0002800000","0033600000","0000200000","0005400000","3000000","39000000"
1190085203,"03",1,"2230","8511",1,"10",5,"0009000000","0108000000","0006000000","0072000000","0002000000","0017000000","8000000","89000000"
1190121182,"01",1,"6122","0126",3,"8",6,"0004300000","0056600000","0004000000","0048000000",NA,"0005000000","4000000","53000000"
1190121180,"01",1,"9314","4521",3,"8",6,"0","0025000000","0","0025000000",NA,NA,"0","25000000"
1190005205,"01",1,"3212","0201",1,"8",6,"0005000000","0060000000","0004500000","0054000000",NA,"0002000000","4500000","56000000"
1190005210,"02",1,"4113","6512",3,"8",6,"0001000000","0012000000","0001000000","0012000000",NA,NA,"1000000","12000000"
1190121171,"01",1,"7438","1711",3,"8",6,"0003800000","0050600000","0003500000","0042000000",NA,"0005000000","3500000","47000000"
1190121176,"01",1,"7414","1546",3,"8",6,"0003000000","0043000000","0002600000","0031200000",NA,"0007000000","2600000","38200000"
1190121174,"01",1,"9320","1546",3,"8",6,"0003000000","0046000000","0002600000","0031200000",NA,"0010000000","2600000","41200000"
1190009153,"01",1,"7431","1711",3,"8",6,"0003500000","0047000000","0003000000","0036000000",NA,"0005000000","3000000","41000000"
1190009159,"01",1,"4134","5154",3,"8",6,"0004200000","0052400000","0003500000","0042000000",NA,"0002000000","3500000","44000000"
1190009156,"01",1,"5123","3530",3,"8",6,"0004200000","0052400000","0003500000","0042000000",NA,"0002000000","3500000","44000000"
1190009161,"01",1,"7431","1711",3,"8",6,"0003500000","0044000000","0003000000","0036000000",NA,"0002000000","3000000","38000000"
1190117164,"01",1,"9314","4521",3,"8",6,"0004000000","0028000000","0004000000","0028000000",NA,NA,"4000000","28000000"
1190117158,"01",1,"2149","3130",3,"8",6,"0004600000","0055200000","0004100000","0049200000",NA,"0004000000","4100000","53200000"
1190117167,"01",1,"9314","4521",3,"8",6,"0004000000","0032000000","0004000000","0032000000",NA,NA,"4000000","32000000"
1190117170,"01",1,"9314","4521",3,"8",6,"0004000000","0020000000","0004000000","0020000000",NA,NA,"4000000","20000000"
1190077060,"01",1,"9314","4521",3,"12",7,"0002250000","0027000000","0002250000","0027000000",NA,NA,"2250000","27000000"
1190089108,"01",1,"3417","7513",1,"9",7,"0004650000","0058800000","0004150000","0049800000",NA,"0003000000","4150000","52800000"
1190089114,"01",1,"7212","3110",3,"9",5,"0004800000","0063800000","0004000000","0049000000",NA,"0005200000","4000000","54200000"
1190089116,"02",1,"7501","1724",3,"6",7,"0","0010000000","0","0010000000",NA,NA,"0","10000000"
1190073111,"01",1,"2213","7310",1,"8",6,"0007700000","0098900000","0006500000","0078000000",NA,"0006500000","6500000","84500000"
1190077071,"01",1,"7431","1711",3,"8",7,"0004280000","0056360000","0003030000","0036360000","0000750000","0014000000","3780000","50360000"
1190073109,"01",1,"4134","3110",3,"8",6,"0004500000","0058000000","0003000000","0036000000","0001000000","0016000000","4000000","52000000"
1190073109,"03",1,"3471","3110",3,"8",6,"0003500000","0010500000","0003000000","0009000000",NA,NA,"3000000","9000000"
1190041202,"05",1,"7417","1545",3,"9",6,"0002000000","0004000000","0002000000","0004000000",NA,NA,"2000000","4000000"
1190041194,"01",1,"9152","1515",3,"12",7,"0005500000","0072000000","0004500000","0054000000",NA,"0006000000","4500000","60000000"
1190041197,"01",1,"9314","4521",3,"14",6,"0002250000","0018000000","0002250000","0018000000",NA,NA,"2250000","18000000"
1190073117,"01",2,"8322","6421",1,NA,NA,"0000780000","0012500000","0000780000","0012500000",NA,NA,"780000","12500000"
1190069117,"01",1,"1427","2430",3,"9",6,"0006200000","0081400000","0005500000","0066000000",NA,"0007000000","5500000","73000000"
1190069104,"01",1,"7218","3610",3,"12",7,"0003500000","0043000000","0003500000","0043000000",NA,NA,"3500000","43000000"
1190037054,"01",1,"8125","1320",3,"8",7,"0003100000","0042600000","0002600000","0031200000",NA,"0005400000","2600000","36600000"
1190037056,"01",1,"9160","7511",1,"12",7,"0003130000","0042960000","0002630000","0031560000",NA,"0005400000","2630000","36960000"
1190002005,"01",1,"5123","6010",3,"12",6,"0003100000","0039200000","0002500000","0030000000",NA,"0002000000","2500000","32000000"
1190022004,"02",1,"9314","4521",3,"10",6,"0004200000","0029400000","0004200000","0029400000",NA,NA,"4200000","29400000"
1190022012,"02",1,"2320","8021",1,"6",5,"0005500000","0070000000","0005000000","0060000000",NA,"0004000000","5000000","64000000"
1190042147,"03",1,"9314","4521",3,"12",7,"0004200000","0016800000","0004200000","0016800000",NA,NA,"4200000","16800000"
1190090056,"01",1,"8324","6023",3,"14",7,"0004100000","0049200000","0003500000","0042000000",NA,NA,"3500000","42000000"
1190090066,"01",1,"9314","4521",3,"12",3,"0001000000","0025000000","0001000000","0025000000",NA,NA,"1000000","25000000"
1190126333,"03",1,"9211","0130",3,"8",6,"0004500000","0027000000","0004500000","0027000000",NA,NA,"4500000","27000000"
1190126342,"02",1,"9211","0130",3,"8",7,"0004500000","0018000000","0004500000","0018000000",NA,NA,"4500000","18000000"
1190126330,"01",1,"7126","4521",3,"8",6,"0006000000","0030000000","0006000000","0030000000",NA,NA,"6000000","30000000"
1190090054,"01",2,"7417","1545",3,NA,NA,"0","0007200000","0","0004800000","0",NA,"0","4800000"
1190006211,"02",1,"2331","8012",1,"4",6,"0003500000","0042000000","0003000000","0036000000",NA,"0002000000","3000000","38000000"
1190018057,"02",1,"2331","8012",1,"6",6,"0004300000","0051600000","0004000000","0048000000",NA,"0003000000","4000000","51000000"
1190018053,"01",1,"3435","7511",1,"8",6,"0007000000","0084000000","0006500000","0078000000",NA,"0004000000","6500000","82000000"
1190018063,"01",1,"2411","8031",1,"8",6,"0006600000","0079200000","0006150000","0073800000",NA,"0004000000","6150000","77800000"
1190018063,"02",1,"2340","8012",1,"6",6,"0003500000","0042000000","0003200000","0038400000",NA,"0003000000","3200000","41400000"
1190026049,"01",1,"3221","8511",1,"8",6,"0005050000","0060600000","0004480000","0053760000",NA,"0004000000","4480000","57760000"
1190086053,"01",1,"5220","5237",3,"10",6,"0003200000","0006400000","0003200000","0006400000",NA,NA,"3200000","6400000"
1190014277,"01",1,"5161","7523",1,"8",6,"0004200000","0054600000","0003900000","0046800000",NA,"0004000000","3900000","50800000"
1190110115,"01",1,"3221","8511",1,"8",6,"0004400000","0061300000","0004000000","0048000000",NA,"0008500000","4000000","56500000"
1190066154,"01",1,"8324","4522",3,"12",7,"0005100000","0065200000","0004500000","0054000000",NA,"0004000000","4500000","58000000"
1190054161,"01",1,"2310","8031",1,"8",4,"0014500000","0177000000","0013000000","0156000000",NA,"0003000000","13000000","159000000"
1190054161,"02",1,"2310","8031",1,"8",1,"0001000000","0014000000","0001000000","0014000000",NA,NA,"1000000","14000000"
1190114167,"01",1,"5169","7512",1,"8",6,"0005000000","0060000000","0004600000","0055200000",NA,"0003000000","4600000","58200000"
1190114167,"02",1,"2320","8021",1,"6",6,"0003400000","0040800000","0003000000","0036000000",NA,"0003000000","3000000","39000000"
1190114163,"01",1,"6122","0126",3,"10",6,"0003000000","0036000000","0002600000","0031200000",NA,"0004000000","2600000","35200000"
1190114174,"04",1,"9320","1546",3,"8",6,"0005000000","0060000000","0004500000","0054000000",NA,"0004000000","4500000","58000000"
1190054165,"01",1,"1410","4010",1,"10",6,"0009220000","0101140000","0007000000","0084000000","0000720000","0015640000","7720000","99640000"
1190062174,"03",1,"8324","6023",3,"10",3,"0003000000","0024000000","0003000000","0024000000",NA,NA,"3000000","24000000"
1190038103,"01",1,"9314","4521",3,"12",3,"0002250000","0034500000","0002250000","0034500000",NA,NA,"2250000","34500000"
1190086064,"01",1,"9314","4521",3,"12",7,"0002000000","0018000000","0002000000","0018000000",NA,NA,"2000000","18000000"
1190050003,"01",1,"9132","8511",1,"8",6,"0004380000","0058060000","0003200000","0038400000","0000800000","0015100000","4000000","53500000"
1190050012,"01",1,"7231","7513",1,"10",6,"0004400000","0103900000","0002200000","0026400000","0001600000","0024700000","3800000","51100000"
1190102002,"01",1,"8267","1711",3,"8",6,"0003900000","0053800000","0003200000","0038400000","0000100000","0008200000","3300000","46600000"
1190030107,"01",1,"7137","4010",3,"12",6,"0006750000","0096000000","0005500000","0066000000","0000750000","0015000000","6250000","81000000"
1190030110,"01",1,"2331","8021",1,"4",6,"0006200000","0086900000","0005800000","0069600000",NA,"0012500000","5800000","82100000"
1190110121,"03",1,"3222","8511",1,"5",4,"0001200000","0018400000","0001200000","0014400000",NA,"0002000000","1200000","16400000"
1190042147,"01",1,"9314","4521",3,"12",2,"0000480000","0003500000","0000480000","0003500000",NA,NA,"480000","3500000"
1190042151,"01",1,"9132","8511",1,"8",7,"0004400000","0058800000","0003100000","0037200000","0000700000","0014400000","3800000","51600000"
1190110115,"02",1,"5220","5222",1,"8",4,"0001500000","0018000000","0001500000","0018000000",NA,NA,"1500000","18000000"
1190102011,"03",1,"9152","6512",1,"12",7,"0003000000","0039000000","0002200000","0026400000",NA,"0003000000","2200000","29400000"
1190086053,"02",1,"5220","5223",3,"10",6,"0001600000","0019200000","0001600000","0019200000",NA,NA,"1600000","19200000"
1190114171,"03",1,"8125","2710",3,"8",6,"0","0","0","0",NA,NA,"0","0"
1190038106,"01",1,"7224","3591",3,"10",6,"0003050000","0036600000","0002500000","0030000000","0000150000","0001800000","2650000","31800000"
1190038094,"04",1,"3435","1320",3,"8",7,"0004900000","0063800000","0003500000","0042000000","0000800000","0014600000","4300000","56600000"
1190002003,"03",1,"9211","0130",3,"8",6,"0004500000","0022500000","0004500000","0022500000",NA,NA,"4500000","22500000"
1190002003,"04",1,"9211","0130",3,"8",6,"0004500000","0022500000","0004500000","0022500000",NA,NA,"4500000","22500000"
1190002007,"01",1,"8324","6023",3,"12",6,"0004500000","0045000000","0004500000","0045000000",NA,NA,"4500000","45000000"
1190074166,"01",1,"3429","1555",3,"8",6,"0005000000","0025000000","0004200000","0021000000",NA,NA,"4200000","21000000"
1190034150,"01",1,"8324","6022",1,"8",6,"0005700000","0068400000","0004200000","0050400000","0000500000","0006000000","4700000","56400000"
1190034147,"01",1,"7224","2892",3,"10",6,"0004100000","0054200000","0003300000","0039600000",NA,"0005000000","3300000","44600000"
1190034140,"01",1,"5162","7522",1,"8",6,"0004400000","0053400000","0003800000","0045600000",NA,"0003000000","3800000","48600000"
1190118056,"01",1,"3152","1546",3,"8",6,"0006100000","0073200000","0005600000","0067200000",NA,"0004000000","5600000","71200000"
1190118056,"02",1,"2331","8012",1,"6",6,"0005700000","0068400000","0005000000","0060000000",NA,"0003000000","5000000","63000000"
1190118048,"01",1,"3439","5141",1,"8",6,"0004100000","0054460000","0003710000","0044520000",NA,"0005260000","3710000","49780000"
1190106116,"01",1,"3471","4540",3,"10",5,"0002400000","0029500000","0002400000","0029000000",NA,"0000500000","2400000","29500000"
1190106116,"02",1,"7502","8090",3,"5",6,"0001200000","0014400000","0001200000","0014400000",NA,NA,"1200000","14400000"
1190106115,"01",1,"8141","2010",3,"6",4,"0004500000","0055000000","0004500000","0055000000",NA,NA,"4500000","55000000"
1190106111,"01",1,"9314","4521",3,"10",1,"0000120000","0000120000","0000120000","0000120000",NA,NA,"120000","120000"
1190106111,"01",2,"7141","4540",3,NA,NA,"0002000000","0013000000","0002000000","0013000000",NA,NA,"2000000","13000000"
1190106111,"01",2,"7232","5020",3,NA,NA,"0002500000","0030000000","0002500000","0030000000",NA,NA,"2500000","30000000"
1190118050,"04",1,"3152","3130",3,"8",6,"0004100000","0049200000","0003600000","0043200000",NA,"0005000000","3600000","48200000"
1190118052,"03",1,"9314","4521",3,"8",6,"0005000000","0020000000","0005000000","0020000000",NA,NA,"5000000","20000000"
1190122009,"03",1,"1429","8012",1,"6",6,"0005200000","0062400000","0004800000","0057600000",NA,"0004000000","4800000","61600000"
1190074171,"01",1,"3422","7511",3,"10",6,"0004000000","0048000000","0004000000","0048000000",NA,NA,"4000000","48000000"
1190074162,"01",1,"3435","6302",3,"10",6,"0004930000","0064160000","0003130000","0037560000","0001000000","0017000000","4130000","54560000"
1190078002,"04",1,"3435","8511",1,"14",7,"0003300000","0009900000","0003000000","0009000000",NA,NA,"3000000","9000000"
1190078002,"05",1,"7241","3110",1,"12",7,"0003600000","0046200000","0003100000","0037200000",NA,"0003000000","3100000","40200000"
1190082145,"01",1,"5123","4010",1,"12",7,"0005470000","0055440000","0003470000","0041640000","0001200000","0004200000","4670000","45840000"
1190058101,"01",1,"9314","4521",3,"10",3,"0001800000","0025000000","0001800000","0025000000",NA,NA,"1800000","25000000"
1190070013,"01",1,"2320","8021",1,"6",4,"0006800000","0084600000","0006000000","0072000000",NA,"0003000000","6000000","75000000"
1190070007,"01",1,"2429","7511",1,"8",6,"0005600000","0070200000","0003000000","0036000000","0001800000","0024600000","4800000","60600000"
1190070007,"02",1,"2111","8031",1,"8",5,"0005520000","0069240000","0004000000","0048000000","0000720000","0011640000","4720000","59640000"
1190082158,"01",1,"7133","4521",3,"12",7,"0003840000","0046000000","0003840000","0046000000",NA,NA,"3840000","46000000"
1190058097,"01",1,"7222","2893",3,"10",7,"0003000000","0036000000","0003000000","0036000000",NA,NA,"3000000","36000000"
1190058105,"01",1,"7417","1545",3,"7",6,"0003600000","0043200000","0003600000","0043200000",NA,NA,"3600000","43200000"
1190046059,"01",1,"9314","4521",3,"13",6,"0001800000","0024000000","0001800000","0024000000",NA,NA,"1800000","24000000"
1190010099,"01",1,"9314","4521",3,"8",6,"0004500000","0027000000","0004500000","0027000000",NA,NA,"4500000","27000000"
1190010107,"01",1,"9314","4521",3,"8",6,"0004500000","0027000000","0004500000","0027000000",NA,NA,"4500000","27000000"
1190010100,"01",1,"9314","4521",3,"8",7,"0004600000","0023000000","0004600000","0023000000",NA,NA,"4600000","23000000"
1190010109,"01",1,"1410","8031",1,"8",6,"0007000000","0084000000","0006400000","0076000000",NA,"0004000000","6400000","80000000"
1190046056,"01",1,"7417","1545",3,"12",6,"0002500000","0024500000","0002000000","0024000000",NA,NA,"2000000","24000000"
1190074166,"01",2,"3429","1516",3,NA,NA,"0005300000","0037100000","0004500000","0031500000",NA,NA,"4500000","31500000"
1190043048,"01",1,"9314","4521",3,"12",6,"0003360000","0028800000","0003360000","0028800000",NA,NA,"3360000","28800000"
1190079006,"03",1,"9314","4521",3,"10",7,"0002000000","0026000000","0002000000","0026000000",NA,NA,"2000000","26000000"
1190079006,"04",1,"9314","4521",3,"10",7,"0002250000","0020250000","0002250000","0020250000",NA,NA,"2250000","20250000"
1190079006,"05",1,"7224","2892",3,"10",6,"0000800000","0004800000","0000800000","0004800000",NA,NA,"800000","4800000"
1190079002,"01",1,"8223","2811",3,"8",6,"0003500000","0047000000","0003000000","0036000000",NA,"0005000000","3000000","41000000"
1190043052,"01",1,"9314","4521",3,"10",2,"0000960000","0010200000","0000960000","0010200000",NA,NA,"960000","10200000"
1190043052,"04",1,"3231","8511",1,"8",7,"0003600000","0043200000","0003000000","0036000000",NA,NA,"3000000","36000000"
1190043056,"01",1,"9152","2710",3,"12",7,"0004700000","0062400000","0003100000","0037200000","0001000000","0018000000","4100000","55200000"
1190091177,"01",1,"9314","4521",3,"12",3,"0001800000","0016000000","0001800000","0016000000",NA,NA,"1800000","16000000"
1190091163,"01",1,"9132","8511",1,"10",7,"0004900000","0050800000","0003100000","0037200000","0001000000","0004000000","4100000","41200000"
1190091171,"01",1,"7501","1724",3,"10",3,"0002160000","0025000000","0002160000","0025000000",NA,NA,"2160000","25000000"
1190003068,"01",1,"9314","4521",3,"8",6,"0005000000","0025000000","0005000000","0025000000",NA,NA,"5000000","25000000"
1190003059,"03",1,"7132","4521",3,"10",6,"0003500000","0017500000","0003500000","0017500000",NA,NA,"3500000","17500000"
1190003059,"04",1,"7123","4521",3,"10",6,"0003500000","0017500000","0003500000","0017500000",NA,NA,"3500000","17500000"
1190007149,"01",1,"3152","3430",3,"8",6,"0006400000","0080000000","0005000000","0060000000","0000800000","0004160000","5800000","64160000"
1190027049,"01",1,"9314","4521",3,"8",6,"0004500000","0027000000","0004500000","0027000000",NA,NA,"4500000","27000000"
1190039193,"01",2,"6113","7511",1,NA,NA,"0","0010000000","0","0010000000",NA,NA,"0","10000000"
1190039207,"01",1,"8324","6023",1,"12",7,"0005200000","0067400000","0003200000","0038400000","0001000000","0019000000","4200000","57400000"
1190027058,"01",1,"5162","7522",1,"8",6,"0005800000","0076100000","0005000000","0060000000",NA,"0006500000","5000000","66500000"
1190103217,"01",1,"4223","6421",1,"7",6,"0003870000","0055440000","0003000000","0036000000",NA,"0009000000","3000000","45000000"
1190103207,"01",1,"5162","7522",1,"8",6,"0009600000","0128200000","0007600000","0103200000","0001000000","0013000000","8600000","116200000"
1190103212,"01",1,"2320","8021",1,"7",6,"0009500000","0117000000","0008000000","0096000000",NA,"0003000000","8000000","99000000"
1190103214,"01",1,"7132","4521",3,"12",7,"0004300000","0025800000","0004300000","0025800000",NA,NA,"4300000","25800000"
1190103214,"01",2,"7224","2722",3,NA,NA,"0","0021700000","0","0015600000","0","0003100000","0","18700000"
1190027055,"01",1,"5220","5235",3,"10",6,"0004200000","0052400000","0003900000","0046800000",NA,"0002000000","3900000","48800000"
1190103210,"01",1,"1423","4522",3,"13",6,"0004000000","0052000000","0004000000","0052000000",NA,NA,"4000000","52000000"
1190035121,"01",1,"9314","4521",3,"10",2,"0001500000","0013500000","0001500000","0013500000",NA,NA,"1500000","13500000"
1190035117,"01",1,"9314","4521",3,"10",2,"0001200000","0032000000","0001200000","0032000000",NA,NA,"1200000","32000000"
1190035115,"01",1,"8211","1320",3,"8",7,"0004700000","0053700000","0003500000","0042000000","0000600000","0004500000","4100000","46500000"
1190035111,"01",1,"8125","1320",3,"10",6,"0005500000","0070000000","0005000000","0060000000",NA,"0004000000","5000000","64000000"
1190107118,"01",1,"1429","8031",1,"8",6,"0006000000","0075000000","0004500000","0054000000","0001000000","0015000000","5500000","69000000"
1190107113,"01",1,"1427","6512",1,"8",6,"0004500000","0058500000","0004000000","0049500000",NA,"0003000000","4000000","52500000"
1190107111,"01",1,"3152","2430",3,"7",6,"0005000000","0066000000","0003500000","0042000000","0001000000","0018000000","4500000","60000000"
1190127204,"01",1,"9311","1320",3,"8",6,"0005000000","0065000000","0004500000","0054000000",NA,"0005000000","4500000","59000000"
1190127212,"01",1,"6113","7511",3,"9",7,"0003900000","0050000000","0003300000","0039600000","0000250000","0003200000","3550000","42800000"
1190127202,"02",1,"2230","8511",1,"8",5,"0004000000","0050000000","0003500000","0042000000",NA,"0002000000","3500000","44000000"
1190007143,"01",1,"4212","6512",1,"8",6,"0004800000","0062600000","0004200000","0050400000",NA,"0005000000","4200000","55400000"
1190015258,"01",1,"9314","4521",3,"10",6,"0004500000","0022500000","0004500000","0022500000",NA,NA,"4500000","22500000"
1190011189,"04",1,"8323","6023",3,"12",6,"0007000000","0086000000","0006500000","0078000000",NA,"0002000000","6500000","80000000"
1190115319,"01",1,"9314","4521",3,"8",6,"0004000000","0020000000","0004000000","0020000000",NA,NA,"4000000","20000000"
1190011194,"01",1,"8322","5127",3,"10",6,"0003000000","0021000000","0003000000","0021000000",NA,NA,"3000000","21000000"
1190107118,"02",1,"2310","8031",1,"8",6,"0004800000","0060600000","0003500000","0042000000","0000800000","0012600000","4300000","54600000"
1190071096,"01",1,"3231","8511",1,"12",6,"0005340000","0067080000","0004000000","0048000000","0000840000","0013080000","4840000","61080000"
1190071108,"01",1,"7231","4521",3,"10",7,"0006800000","0067600000","0004500000","0054000000","0001500000","0004000000","6000000","58000000"
1190051107,"01",1,"8324","2699",1,"9",7,"0006100000","0072600000","0004500000","0054000000","0000800000","0009000000","5300000","63000000"
1190051110,"01",1,"7126","4521",3,"10",6,"0012000000","0096000000","0012000000","0096000000",NA,NA,"12000000","96000000"
1190051111,"01",1,"1423","4522",1,"12",6,"0010000000","0012500000","0010000000","0012500000",NA,NA,"10000000","12500000"
1190055057,"01",1,"7417","1545",3,"10",3,"0001560000","0012480000","0001560000","0012480000",NA,NA,"1560000","12480000"
1190055057,"01",2,"7417","1545",3,NA,NA,"0003600000","0014400000","0003600000","0014400000",NA,NA,"3600000","14400000"
1190115310,"01",1,"9314","4521",3,"8",6,"0005000000","0030000000","0005000000","0030000000",NA,NA,"5000000","30000000"
1190115313,"01",1,"9314","4521",3,"8",6,"0005000000","0025000000","0005000000","0025000000",NA,NA,"5000000","25000000"
1190115317,"01",1,"8322","7511",1,"8",6,"0045000000","0054000000","0004000000","0048000000",NA,"0005000000","4000000","53000000"
1190083253,"01",1,"9314","4521",3,"12",4,"0","0032000000","0","0032000000",NA,NA,"0","32000000"
1190083247,"01",1,"1423","4522",3,"10",7,"0","0072000000","0","0072000000",NA,NA,"0","72000000"
1190083243,"01",1,"1410","7512",1,"12",7,"0011000000","0111000000","0007000000","0084000000","0003000000","0015000000","10000000","99000000"
1190083243,"02",1,"3475","7512",1,"8",3,"0006700000","0083400000","0006000000","0072000000",NA,"0003000000","6000000","75000000"
1190083245,"01",1,"7431","1711",3,"8",5,"0004300000","0054600000","0003200000","0038400000","0000600000","0010200000","3800000","48600000"
1190119183,"01",1,"4190","8031",1,"11",6,"0006500000","0078000000","0006000000","0072000000",NA,"0004000000","6000000","76000000"
1190059160,"03",1,"3475","7512",1,"4",6,"0004800000","0014400000","0004000000","0012000000",NA,NA,"4000000","12000000"
1190059166,"01",1,"9314","4521",3,"12",4,"0001800000","0010000000","0001800000","0010000000",NA,NA,"1800000","10000000"
1190059166,"01",2,"8232","2520",3,NA,NA,"0004300000","0025800000","0003000000","0018000000","0000800000","0004800000","3800000","22800000"
1190119195,"01",1,"5162","7523",1,"10",7,"0004600000","0055200000","0004200000","0050400000",NA,"0003000000","4200000","53400000"
1190119195,"02",1,"2320","8021",1,"6",5,"0004200000","0050400000","0003800000","0045600000",NA,"0003000000","3800000","48600000"
1190119186,"02",1,"3211","8513",1,"8",6,"0004400000","0052800000","0004000000","0048000000",NA,"0003000000","4000000","51000000"
1190059158,"03",1,"4113","7513",1,"8",6,"0005800000","0072600000","0004000000","0048000000","0001000000","0015000000","5000000","63000000"
1190059158,"04",1,"0111","7522",1,"8",6,"0005000000","0046000000","0003500000","0028000000","0001000000","0012000000","4500000","40000000"
1190063152,"01",1,"9333","1542",3,"8",7,"0003500000","0046500000","0002500000","0030000000","0000500000","0010500000","3000000","40500000"
1190063147,"03",1,"7125","6010",3,"12",6,"0004100000","0049200000","0003000000","0036000000","0000500000","0006000000","3500000","42000000"
1190111070,"01",1,"7222","2893",3,"6",6,"0003500000","0042000000","0003000000","0036000000",NA,NA,"3000000","36000000"
1190111070,"01",2,"7137","4532",3,NA,NA,"0","0010000000","0","0010000000",NA,NA,"0","10000000"
1190063156,"02",1,"9152","7522",1,"8",7,"0004100000","0052200000","0003500000","0042000000",NA,"0003000000","3500000","45000000"
1190111067,"04",1,"7221","3110",3,"8",6,"0004600000","0052100000","0003000000","0036000000","0000800000","0006500000","3800000","42500000"
1190111058,"01",1,"2331","8012",1,"5",6,"0006400000","0079800000","0005200000","0062400000",NA,"0003000000","5200000","65400000"
1190023001,"04",1,"0111","7522",1,"8",6,"0003500000","0046000000","0003300000","0039600000",NA,"0004000000","3300000","43600000"
1190123119,"01",1,"9314","4521",3,"8",6,"0005000000","0020000000","0005000000","0020000000",NA,NA,"5000000","20000000"
1190123125,"01",1,"9314","4521",3,"8",6,"0005000000","0040000000","0005000000","0040000000",NA,NA,"5000000","40000000"
1190123121,"01",1,"9211","0130",3,"8",6,"0004000000","0028000000","0004000000","0028000000",NA,NA,"4000000","28000000"
1190075106,"01",1,"2142","4100",3,"10",6,"0016500000","0141000000","0010000000","0120000000","0005000000","0003000000","15000000","123000000"
1190075106,"01",1,"2142","4521",1,"4",3,"0","0080000000","0","0080000000",NA,NA,"0","80000000"
1190075113,"01",1,"9333","3110",3,"9",6,"0004000000","0053200000","0003000000","0036000000","0000500000","0011200000","3500000","47200000"
1190075115,"01",1,"2144","2430",3,"12",6,"0008280000","0086200000","0005800000","0069600000","0001680000","0007000000","7480000","76600000"
1190075115,"02",1,"2144","2430",3,"8",6,"0003700000","0048900000","0003100000","0037200000",NA,"0004500000","3100000","41700000"
1190047005,"01",1,"9112","5259",3,"12",6,"0003600000","0040000000","0003600000","0040000000",NA,NA,"3600000","40000000"
1190075106,"02",1,"3224","8511",1,"8",6,"0006000000","0075000000","0005200000","0062400000",NA,"0003000000","5200000","65400000"
1190047013,"01",1,"9152","4521",3,"12",7,"0003500000","0044000000","0003500000","0042000000",NA,"0002000000","3500000","44000000"
1190047010,"03",1,"7111","1320",3,"12",7,"0003648500","0046382000","0003090000","0037080000","0000058500","0003302000","3148500","40382000"
1190047001,"01",1,"9314","4521",3,"10",2,"0","0020000000","0","0020000000",NA,NA,"0","20000000"
1190095198,"04",1,"9314","4521",3,"10",2,"0","0011000000","0","0011000000",NA,NA,"0","11000000"
1190095198,"05",1,"9314","4521",3,"10",2,"0","0008100000","0","0008100000",NA,NA,"0","8100000"
1190095189,"01",1,"9314","4521",3,"8",3,"0002700000","0019800000","0002700000","0019800000",NA,NA,"2700000","19800000"
1190031206,"01",1,"5220","5222",1,"6",7,"0005500000","0066000000","0005000000","0060000000",NA,"0003000000","5000000","63000000"
1190019107,"01",1,"7212","3520",3,"8",6,"0005500000","0066000000","0005200000","0062400000",NA,"0003000000","5200000","65400000"
1190099243,"03",1,"7417","1546",3,"10",6,"0005200000","0065400000","0003500000","0042000000","0001200000","0017400000","4700000","59400000"
1190099235,"07",1,"3431","2520",3,"8",6,"0004600000","0061200000","0003300000","0039600000","0000700000","0014400000","4000000","54000000"
1190087003,"01",1,"2320","8090",3,"4",6,"0","0049500000","0","0049500000",NA,NA,"0","49500000"
1190087009,"01",1,"7141","4540",3,"9",4,"0002500000","0004000000","0002500000","0004000000",NA,NA,"2500000","4000000"
1190087009,"01",2,"7142","2320",3,NA,NA,"0","0050400000","0","0032400000","0","0006000000","0","38400000"
1190087015,"03",1,"2445","7512",1,"8",6,"0004850000","0070000000","0004500000","0058000000",NA,"0003200000","4500000","61200000"
1190120067,"03",1,"8322","6022",3,"12",6,"0002500000","0030000000","0002500000","0030000000",NA,NA,"2500000","30000000"
1190116197,"01",1,"9314","4521",3,"8",6,"0005000000","0035000000","0005000000","0035000000",NA,NA,"5000000","35000000"
1190116187,"01",1,"9132","8511",1,"12",7,"0004700000","0056400000","0004300000","0051600000",NA,"0004000000","4300000","55600000"
1190016004,"01",1,"9314","4521",3,"8",6,"0004000000","0020000000","0004000000","0020000000",NA,NA,"4000000","20000000"
1190100191,"01",1,"5220","5232",3,"10",6,"0002000000","0024000000","0002000000","0024000000",NA,NA,"2000000","24000000"
1190120061,"03",1,"5220","5234",3,"8",6,"0004600000","0033200000","0002000000","0024000000","0002000000","0002000000","4000000","26000000"
1190016007,"01",1,"7142","3520",3,"8",6,"0004300000","0051600000","0003600000","0043200000","0000300000","0007600000","3900000","50800000"
1190016012,"01",1,"7221","2893",3,"10",6,"0004000000","0048000000","0003500000","0042000000",NA,"0004000000","3500000","46000000"
1190100199,"01",1,"7218","2812",1,"12",7,"0004000000","0056000000","0004000000","0056000000",NA,NA,"4000000","56000000"
1190040059,"01",1,"7126","4521",3,"8",4,"0003500000","0065000000","0003500000","0065000000",NA,NA,"3500000","65000000"
1190076210,"01",1,"3480","9194",3,"3",4,"0001800000","0026400000","0001800000","0026400000",NA,NA,"1800000","26400000"
1190052165,"01",1,"7132","4521",3,"8",3,"0007000000","0072000000","0007000000","0072000000",NA,NA,"7000000","72000000"
1190052161,"01",1,"7126","4521",3,"12",3,"0003000000","0063000000","0003000000","0063000000",NA,NA,"3000000","63000000"
1190052159,"01",2,"5220","5522",3,NA,NA,"0","0015000000","0","0015000000",NA,NA,"0","15000000"
1190076207,"02",1,"5220","5236",3,"10",6,"0002500000","0030000000","0002500000","0030000000",NA,NA,"2500000","30000000"
1190076211,"01",1,"7126","4521",3,"12",3,"0","0048000000","0","0048000000",NA,NA,"0","48000000"
1190076217,"01",1,"2421","5129",2,"3",4,"0001000000","0012000000","0001000000","0012000000",NA,NA,"1000000","12000000"
1190076217,"01",1,"5169","7513",1,"8",7,"0004280000","0054360000","0003180000","0038160000","0000300000","0006600000","3480000","44760000"
1190048052,"01",1,"9314","4521",3,"10",3,"0","0030000000","0","0030000000",NA,NA,"0","30000000"
1190048060,"01",1,"4142","7523",1,"8",6,"0004100000","0049200000","0003500000","0042000000",NA,NA,"3500000","42000000"
1190048050,"01",1,"9152","8021",1,"12",7,"0005500000","0069000000","0003500000","0042000000","0001500000","0021000000","5000000","63000000"
1190028201,"01",1,"9314","4521",3,"10",6,"0004500000","0027000000","0004500000","0027000000",NA,NA,"4500000","27000000"
1190036140,"01",1,"9152","7511",1,"12",7,"0006000000","0078000000","0003800000","0045600000","0001500000","0024000000","5300000","69600000"
1190036140,"03",1,"5162","7522",1,"8",6,"0004300000","0053100000","0003500000","0042000000",NA,"0001500000","3500000","43500000"
1190036144,"01",1,"5123","7511",1,"12",6,"0005800000","0069600000","0004000000","0048000000","0001200000","0014400000","5200000","62400000"
1190036146,"01",1,"6113","7511",1,"9",6,"0005000000","0060000000","0003500000","0042000000","0001000000","0012000000","4500000","54000000"
1190028189,"01",1,"9152","2731",3,"10",6,"0003000000","0033000000","0003000000","0033000000",NA,NA,"3000000","33000000"
1190004063,"04",1,"2121","7514",1,"8",6,"0003500000","0044000000","0003100000","0037200000",NA,"0002000000","3100000","39200000"
1190124005,"01",1,"5220","8513",1,"10",5,"0007500000","0090000000","0007000000","0084000000",NA,"0003000000","7000000","87000000"
1190124005,"02",1,"2331","7512",1,"6",6,"0005400000","0064800000","0005000000","0060000000",NA,"0003000000","5000000","63000000"
1190108058,"01",1,"3439","7511",1,"8",6,"0007000000","0087000000","0004500000","0054000000","0001500000","0021000000","6000000","75000000"
1190112010,"01",1,"9141","8032",3,"8",6,"0004840000","0058080000","0004500000","0054000000",NA,"0002500000","4500000","56500000"
1190112007,"01",1,"9141","8032",1,"8",6,"0004300000","0051600000","0003910000","0046920000",NA,"0004000000","3910000","50920000"
1190112013,"01",1,"4222","5513",1,"12",5,"0005700000","0069900000","0005200000","0062400000","0","0004500000","5200000","66900000"
1190112002,"01",1,"9152","7513",1,"7",6,"0003900000","0046800000","0003400000","0040800000",NA,"0003000000","3400000","43800000"
1190124014,"01",1,"2320","8021",1,"6",6,"0006400000","0076800000","0006100000","0073200000",NA,"0003000000","6100000","76200000"
1190124007,"02",1,"8232","2520",3,"8",6,"0003300000","0039600000","0003000000","0036000000",NA,"0003000000","3000000","39000000"
1190124007,"04",1,"2411","8511",1,"7",6,"0004000000","0048000000","0003500000","0042000000",NA,"0003000000","3500000","45000000"
1190084108,"01",1,"2490","6512",1,"8",6,"0008000000","0099000000","0005000000","0060000000","0002000000","0027000000","7000000","87000000"
1190052151,"01",1,"9314","4521",3,"10",4,"0000800000","0041000000","0000800000","0041000000",NA,NA,"800000","41000000"
1190048062,"01",1,"9314","4521",3,"10",3,"0","0025000000","0","0025000000",NA,NA,"0","25000000"
1190072198,"01",1,"9314","4521",3,"10",3,"0","0025000000","0","0025000000",NA,NA,"0","25000000"
1190096146,"01",1,"9314","4521",3,"10",2,"0","0015000000","0","0015000000",NA,NA,"0","15000000"
1190072201,"03",1,"5220","5233",3,"10",6,"0004000000","0048000000","0004000000","0048000000",NA,NA,"4000000","48000000"
1190072201,"05",1,"5220","5233",3,"10",6,"0004000000","0048000000","0004000000","0048000000",NA,NA,"4000000","48000000"
1190072211,"03",1,"2320","8021",1,"8",3,"0005500000","0022000000","0004700000","0018800000",NA,NA,"4700000","18800000"
1190032245,"03",1,"5122","5521",3,"10",6,"0003000000","0006000000","0003000000","0006000000",NA,NA,"3000000","6000000"
1190088058,"03",1,"7431","1711",3,"8",6,"0005400000","0061500000","0003800000","0045600000","0000800000","0015100000","4600000","60700000"
1190096139,"01",1,"9314","4521",1,"10",7,"0004000000","0041000000","0003500000","0035000000",NA,NA,"3500000","35000000"
1190008113,"01",1,"7212","2892",3,"10",6,"0004200000","0029400000","0004200000","0029400000",NA,NA,"4200000","29400000"
1190008110,"02",1,"9314","4521",3,"8",6,"0003600000","0021600000","0003600000","0021600000",NA,NA,"3600000","21600000"
1190008110,"03",1,"5220","5222",3,"10",6,"0002500000","0030000000","0002500000","0030000000",NA,NA,"2500000","30000000"
1190008107,"02",1,"9314","4521",3,"10",6,"0003000000","0024000000","0003000000","0024000000",NA,NA,"3000000","24000000"
1190008107,"06",1,"9314","4521",3,"10",6,"0003000000","0024000000","0003000000","0024000000",NA,NA,"3000000","24000000"
1190008113,"03",1,"9314","4521",3,"10",6,"0004000000","0028000000","0004000000","0028000000",NA,NA,"4000000","28000000"
1190128015,"01",1,"9314","4521",3,"10",6,"0004500000","0027000000","0004500000","0027000000",NA,NA,"4500000","27000000"
1190020059,"01",1,"9160","7511",1,"8",6,"0003900000","0046800000","0003500000","0042000000",NA,"0004000000","3500000","46000000"
1190100188,"01",1,"1423","4521",3,"10",4,"0005000000","0070000000","0005000000","0070000000",NA,NA,"5000000","70000000"
1190064004,"01",1,"9314","4521",3,"10",3,"0001500000","0032000000","0001500000","0032000000",NA,NA,"1500000","32000000"
1190064004,"04",1,"9314","4521",3,"8",4,"0001500000","0010500000","0001500000","0010500000",NA,NA,"1500000","10500000"
1190064004,"05",1,"9314","4521",3,"7",4,"0001500000","0010500000","0001500000","0010500000",NA,NA,"1500000","10500000"
1190064014,"01",1,"9314","4521",3,"10",6,"0000900000","0030000000","0000900000","0030000000",NA,NA,"900000","30000000"
1190064014,"03",1,"9314","4521",3,"10",7,"0001350000","0023000000","0001350000","0023000000",NA,NA,"1350000","23000000"
1190064014,"04",1,"9314","4521",3,"10",7,"0001200000","0001850000","0001200000","0001850000",NA,NA,"1200000","1850000"
1190080010,"04",1,"2332","8011",3,"8",6,"0000500000","0007000000","0000500000","0006000000",NA,"0001000000","500000","7000000"
1190080010,"05",1,"5162","7522",1,"8",6,"0005400000","0067980000","0003500000","0042000000","0000900000","0013980000","4400000","55980000"
1190064001,"01",1,"9152","7511",1,"12",7,"0006500000","0081000000","0004500000","0054000000","0001000000","0015000000","5500000","69000000"
1190068206,"03",1,"2121","8511",1,"8",6,"0006000000","0075180000","0004000000","0048000000","0001000000","0015180000","5000000","63180000"
1190068207,"03",1,"5220","5030",3,"10",6,"0004000000","0049000000","0004000000","0048000000",NA,"0001000000","4000000","49000000"
1190068211,"02",1,"3152","1546",3,"7",6,"0003300000","0019600000","0002500000","0010000000",NA,"0004000000","2500000","14000000"
1190068202,"01",1,"7125","6010",1,"12",7,"0007000000","0087180000","0005000000","0060000000","0001000000","0015180000","6000000","75180000"
1190044006,"01",1,"9314","4521",3,"10",6,"0000900000","0034500000","0000900000","0034500000",NA,NA,"900000","34500000"
1190044001,"01",1,"9314","4521",3,"10",2,"0","0030000000","0","0030000000",NA,NA,"0","30000000"
1190044012,"01",1,"5123","9214",1,"8",6,"0004000000","0051180000","0003300000","0039600000",NA,"0003180000","3300000","42780000"
1190044013,"01",1,"5123","3110",3,"8",6,"0003830000","0053960000","0003030000","0036360000",NA,"0008000000","3030000","44360000"
1190012149,"01",1,"8322","6022",1,"8",6,"0008580000","0064800000","0005000000","0060000000","0003180000","0003180000","8180000","63180000"
1190080005,"01",1,"9152","1320",3,"12",7,"0006300000","0081600000","0004500000","0054000000","0000800000","0015600000","5300000","69600000"
1190080003,"01",1,"7113","2696",3,"10",6,"0003300000","0040600000","0002500000","0030000000",NA,"0001000000","2500000","31000000"
1190012156,"01",1,"5220","5233",3,"12",6,"0006200000","0074400000","0005800000","0069600000",NA,"0004000000","5800000","73600000"
1190056057,"04",1,"7224","3110",3,"10",6,"0004800000","0055000000","0003500000","0035000000","0000500000","0012000000","4000000","47000000"
1190056051,"01",1,"7122","4522",3,"12",6,"0005000000","0052000000","0004000000","0040000000",NA,NA,"4000000","40000000"
1190128003,"01",2,"9314","4521",3,NA,NA,"0","0009000000","0","0009000000",NA,NA,"0","9000000"
1190092066,"01",1,"9314","4521",3,"10",2,"0","0032000000","0","0032000000",NA,NA,"0","32000000"
1190092055,"01",1,"9314","4521",3,"5",2,"0000600000","0030000000","0000600000","0030000000",NA,NA,"600000","30000000"
1190012149,"02",1,"4190","7511",1,"8",6,"0008580000","0064800000","0005000000","0060000000","0003180000","0003180000","8180000","63180000"
1190120058,"01",1,"2320","8021",1,"6",7,"0009480000","0078780000","0005300000","0063600000","0003180000","0003180000","8480000","66780000"
1190092059,"01",1,"9314","4521",3,"10",6,"0004500000","0057500000","0003500000","0042000000",NA,"0003500000","3500000","45500000"
1190104008,"01",1,"4190","1320",3,"8",6,"0005600000","0075700000","0004600000","0055200000",NA,"0008500000","4600000","63700000"
1190128010,"01",1,"9311","1320",3,"10",6,"0004000000","0020000000","0004000000","0020000000",NA,NA,"4000000","20000000"
1200085005,"01",1,"9314","4521",3,"8",4,"0004200000","0029400000","0004200000","0029400000","0","0","4200000","29400000"
1200085012,"01",1,"9314","4521",3,"8",7,"0006000000","0048000000","0006000000","0048000000","0","0","6000000","48000000"
1200085009,"01",1,"9314","4521",3,"8",7,"0003600000","0007200000","0003600000","0007200000","0","0","3600000","7200000"
1200005169,"01",1,"2490","7512",1,"8",6,"0004900000","0061800000","0004671333","0056055996","0","0003000000","4671333","59055996"
1200065152,"01",1,"2320","8021",1,"5",4,"0006000000","0075000000","0005202501","0062430012","0","0003000000","5202501","65430012"
1200065152,"02",1,"2320","8021",1,"6",4,"0004000000","0051000000","0003489167","0041870004","0","0003000000","3489167","44870004"
1200037065,"01",1,"3435","8511",1,"7",6,"0005000000","0062500000","0003813333","0045760000","0001000000","0014500000","4813333","60260000"
1200013109,"01",1,"7411","1515",3,"8",6,"0003000000","0037500000","0003000000","0036000000","0","0001500000","3000000","37500000"
1200013098,"01",1,"9314","4521",3,"8",7,"0003600000","0028800000","0003600000","0028800000","0","0","3600000","28800000"
1200013102,"01",1,"8333","1712",3,"8",6,"0003400000","0046200000","0003241334","0038896008","0","0005400000","3241334","44296008"
1200037068,"01",2,"3429","3699",3,NA,NA,"0","0027400000","0","0026121333","0","0","0","26121333"
1200037064,"01",1,"5162","7523",1,"7",6,"0004500000","0056500000","0004095000","0049140000","0","0002500000","4095000","51640000"
1200025007,"03",1,"7141","4540",3,"10",7,"0001200000","0006000000","0001200000","0006000000","0","0","1200000","6000000"
1200061063,"01",1,"4134","2422",3,"8",6,"0001000000","0012000000","0001000000","0012000000","0","0","1000000","12000000"
1200061069,"01",1,"2142","7421",3,"5",6,"0003000000","0036000000","0003000000","0036000000","0","0","3000000","36000000"
1200061069,"01",1,"2142","7511",1,"8",6,"0005000000","0063000000","0003859168","0046310016","0000500000","0009000000","4359168","55310016"
1200061065,"01",1,"8322","2320",1,"8",6,"0004000000","0051000000","0003090501","0037086012","0000400000","0007800000","3490501","44886012"
1200001011,"01",1,"8332","7511",1,"8",6,"0003200000","0043400000","0002764666","0033175992","0000300000","0008600000","3064666","41775992"
1200001006,"01",1,"9160","7511",1,"8",6,"0002900000","0039800000","0002764666","0033175992","0","0005000000","2764666","38175992"
1200049147,"01",1,"7231","5020",3,"8",6,"0003500000","0045500000","0003336666","0040040000","0","0003500000","3336666","43540000"
1200049151,"01",1,"3115","2694",3,"10",7,"0008500000","0109000000","0005720000","0068640000","0002500000","0037000000","8220000","105640000"
1200049143,"03",1,"5220","5238",3,"8",6,"0003500000","0042000000","0003336666","0040040000","0","0","3336666","40040000"
1200073216,"02",1,"9320","1548",3,"8",6,"0002700000","0033600000","0002574000","0030888000","0","0001200000","2574000","32088000"
1200073216,"03",1,"9320","1548",3,"8",6,"0002700000","0005400000","0002700000","0005400000","0","0","2700000","5400000"
1200025015,"01",1,"8324","6023",3,"8",7,"0004000000","0048000000","0004000000","0048000000","0","0","4000000","48000000"
1200085013,"01",1,"9314","4521",3,"8",7,"0004500000","0027000000","0004500000","0027000000","0","0","4500000","27000000"
1200041102,"01",1,"5122","5521",3,"10",7,"0004000000","0050500000","0003336666","0040040000","0000500000","0002500000","3836666","42540000"
1200041103,"01",1,"7417","1545",3,"8",7,"0003000000","0037000000","0002860000","0034320000","0","0001000000","2860000","35320000"
1200053057,"01",1,"2320","8021",1,"6",4,"0005000000","0063000000","0004275835","0051310020","0","0003000000","4275835","54310020"
1200053064,"01",1,"9314","4521",3,"8",5,"0002400000","0024000000","0002400000","0024000000","0","0","2400000","24000000"
1200041107,"01",1,"2490","6512",1,"8",6,"0002800000","0036600000","0002470501","0029646012","0","0003000000","2470501","32646012"
1200041107,"02",1,"2320","8021",1,"4",6,"0003600000","0046200000","0003137167","0037646004","0","0003000000","3137167","40646004"
1200077014,"01",1,"3118","4522",3,"8",6,"0004000000","0048000000","0003813333","0045760000","0","0","3813333","45760000"
1200077012,"02",1,"4190","6599",1,"7",6,"0003500000","0044500000","0003336667","0040040004","0","0002500000","3336667","42540004"
1200017105,"01",1,"9314","4521",3,"8",7,"0004500000","0036000000","0004500000","0036000000","0","0","4500000","36000000"
1200017098,"01",1,"5220","5233",3,"10",6,"0003000000","0036000000","0002700000","0032400000","0","0","2700000","32400000"
1200041110,"01",1,"7111","1010",3,"8",6,"0003000000","0040500000","0002860000","0034320000","0","0004500000","2860000","38820000"
1200005162,"03",1,"3113","6421",1,"8",6,"0005200000","0065400000","0004766666","0057199992","0000200000","0005400000","4966666","62599992"
1200045164,"03",1,"3475","9241",3,"2",3,"0000500000","0006000000","0000500000","0006000000","0","0","500000","6000000"
1200057015,"01",1,"7501","1724",3,"8",6,"0000700000","0002100000","0000700000","0002100000","0","0","700000","2100000"
1200045154,"01",1,"0111","7522",1,"8",6,"0005200000","0065400000","0003426668","0041120016","0001200000","0017400000","4626668","58520016"
1200045162,"03",1,"7125","6010",1,"8",6,"0003130000","0040560000","0002983933","0035807196","0","0003000000","2983933","38807196"
1200045157,"03",2,"9320","2710",3,NA,NA,"0","0020090000","0","0020090000","0","0","0","20090000"
1200081164,"01",1,"6111","0130",3,"8",7,"0003000000","0030000000","0003000000","0030000000","0","0","3000000","30000000"
1200069063,"01",1,"2421","2694",3,"8",6,"0005500000","0016500000","0005243333","0015729999","0","0","5243333","15729999"
1200069063,"01",2,"3432","8532",1,NA,NA,"0","0040500000","0","0040500000","0","0","0","40500000"
1200009330,"01",1,"8324","6023",3,"8",6,"0003500000","0042000000","0003500000","0042000000","0","0","3500000","42000000"
1200009327,"01",1,"2320","8021",1,"6",4,"0005000000","0063000000","0004198055","0050376660","0","0003000000","4198055","53376660"
1200009333,"01",1,"2331","8012",1,"5",6,"0006900000","0085800000","0005971168","0071654016","0","0003000000","5971168","74654016"
1200021050,"01",1,"9314","4521",3,"8",7,"0003900000","0031200000","0003900000","0031200000","0","0","3900000","31200000"
1200069064,"01",1,"8163","8031",1,"8",6,"0004500000","0057000000","0004095000","0049140000","0","0003000000","4095000","52140000"
1200033008,"01",1,"8324","6023",3,"10",7,"0004000000","0048000000","0004000000","0048000000","0","0","4000000","48000000"
1200021058,"01",1,"9314","4521",3,"8",7,"0004500000","0031500000","0004500000","0031500000","0","0","4500000","31500000"
1200021064,"01",1,"3222","2892",3,"10",6,"0005000000","0066000000","0003813333","0045760000","0001000000","0018000000","4813333","63760000"
1200021064,"02",1,"2490","7512",3,"7",6,"0004980000","0062260000","0004746600","0056971200","0","0002500000","4746600","59471200"
1200033004,"01",1,"3114","6421",3,"10",6,"0004500000","0057000000","0003813333","0045760000","0000500000","0009000000","4313333","54760000"
1200033010,"01",1,"9320","2899",3,"8",6,"0004000000","0054000000","0003813333","0045759996","0","0006000000","3813333","51759996"
1200033010,"02",1,"4222","8514",3,"8",6,"0004000000","0052000000","0003813333","0045759996","0","0004000000","3813333","49759996"
1200021055,"01",1,"8322","6023",3,"10",7,"0003000000","0036000000","0003000000","0036000000","0","0","3000000","36000000"
1200006119,"01",1,"2411","9120",3,"3",6,"0002000000","0024000000","0002000000","0024000000","0","0","2000000","24000000"
1200006114,"01",1,"2332","8012",1,"5",4,"0005500000","0069500000","0004564001","0054768012","0","0003500000","4564001","58268012"
1200006114,"02",1,"2320","8021",1,"6",4,"0005000000","0063500000","0004300667","0051608004","0","0003500000","4300667","55108004"
1200054198,"01",1,"7121","4522",3,"8",6,"0003300000","0039600000","0003146000","0037752000","0","0","3146000","37752000"
1200054191,"01",2,"7124","2022",3,NA,NA,"0","0031500000","0","0030029994","0","0","0","30029994"
1200042162,"01",1,"9314","4521",3,"8",5,"0002800000","0022400000","0002800000","0022400000","0","0","2800000","22400000"
1200042162,"06",1,"7132","4540",3,"8",6,"0000600000","0001200000","0000600000","0001200000","0","0","600000","1200000"
1200066158,"01",1,"2310","8031",3,"4",1,"0000480000","0002000000","0000480000","0002000000","0","0","480000","2000000"
1200066158,"02",1,"4115","7498",3,"6",7,"0000500000","0006000000","0000500000","0006000000","0","0","500000","6000000"
1200066160,"01",1,"4212","6512",1,"8",6,"0005000000","0063000000","0003640000","0043680000","0001000000","0015000000","4640000","58680000"
1200066152,"01",1,"8322","4100",1,"8",6,"0005000000","0063000000","0004100000","0049200000","0","0003000000","4100000","52200000"
1200066152,"03",1,"5220","5232",3,"8",6,"0000800000","0009600000","0000800000","0009600000","0","0","800000","9600000"
1200066163,"02",1,"5220","5233",3,"8",6,"0000500000","0006000000","0000500000","0006000000","0","0","500000","6000000"
1200066163,"03",1,"9131","7493",3,"4",1,"0000500000","0006000000","0000500000","0006000000","0","0","500000","6000000"
1200074065,"01",1,"6111","0130",3,"8",7,"0004000000","0048000000","0004000000","0048000000","0","0","4000000","48000000"
1200038059,"01",1,"0111","7522",1,"7",6,"0005000000","0063000000","0004550000","0054600000","0","0003000000","4550000","57600000"
1200038064,"01",1,"7221","2811",3,"10",6,"0004500000","0054000000","0004500000","0054000000","0","0","4500000","54000000"
1200038063,"03",1,"9132","6512",1,"7",6,"0003200000","0041400000","0003050666","0036607992","0","0003000000","3050666","39607992"
1200038068,"01",1,"8322","6022",3,"10",7,"0003500000","0042000000","0003500000","0042000000","0","0","3500000","42000000"
1200086185,"01",1,"9314","4521",3,"8",7,"0003600000","0028800000","0003600000","0028800000","0","0","3600000","28800000"
1200086190,"03",1,"9314","4521",3,"8",7,"0003900000","0027300000","0003900000","0027300000","0","0","3900000","27300000"
1200042164,"01",1,"9211","0124",3,"10",7,"0003000000","0036000000","0003000000","0036000000","0","0","3000000","36000000"
1200042167,"03",1,"2332","8012",1,"4",6,"0000800000","0006400000","0000800000","0006400000","0","0","800000","6400000"
1200014222,"01",1,"5220","5521",3,"10",7,"0004500000","0054000000","0004500000","0054000000","0","0","4500000","54000000"
1200026013,"01",1,"9320","2710",3,"8",6,"0003500000","0048000000","0003336667","0040040004","0","0006000000","3336667","46040004"
1200026007,"01",1,"8322","6023",3,"10",7,"0004500000","0054000000","0004500000","0054000000","0","0","4500000","54000000"
1200026001,"01",1,"8163","8511",3,"10",6,"0004500000","0057000000","0002860000","0034320000","0001500000","0021000000","4360000","55320000"
1200014225,"01",1,"7218","3610",3,"8",6,"0003500000","0042000000","0003500000","0042000000","0","0","3500000","42000000"
1200086193,"01",1,"9314","4521",3,"8",7,"0004500000","0036000000","0004500000","0036000000","0","0","4500000","36000000"
1200050008,"01",1,"4111","7512",1,"8",6,"0003200000","0041400000","0002770501","0033246012","0","0003000000","2770501","36246012"
1200050014,"01",1,"3416","7512",1,"8",6,"0004500000","0057000000","0003859168","0046310016","0","0003000000","3859168","49310016"
1200062195,"01",1,"2310","8031",1,"8",6,"0016000000","0195000000","0013509000","0162108000","0","0003000000","13509000","165108000"
1200062205,"01",1,"4134","0201",1,"8",6,"0006200000","0077400000","0004209168","0050510016","0001200000","0017400000","5409168","67910016"
1200074069,"03",1,"9320","2023",3,"8",6,"0003300000","0044600000","0003146000","0037752000","0","0005000000","3146000","42752000"
1200074058,"01",1,"8324","4522",3,"10",7,"0004000000","0048000000","0003813333","0045760000","0","0","3813333","45760000"
1200002216,"01",1,"9311","1010",3,"8",6,"0005000000","0066000000","0004766666","0057199992","0","0006000000","4766666","63199992"
1200062195,"02",1,"2320","8021",1,"4",6,"0005000000","0063000000","0004365667","0052388004","0","0003000000","4365667","55388004"
1200018109,"01",1,"1427","6512",1,"10",6,"0006000000","0075000000","0004671333","0056056000","0001100000","0016200000","5771333","72256000"
1200018109,"02",1,"2230","8511",1,"8",6,"0005300000","0066600000","0004957333","0059487996","0000100000","0004200000","5057333","63687996"
1200030015,"01",1,"2411","8031",1,"7",6,"0002500000","0033000000","0002500000","0030000000","0","0003000000","2500000","33000000"
1200030015,"03",1,"0112","7522",1,"8",6,"0000380000","0004560000","0000380000","0004560000","0","0","380000","4560000"
1200030002,"01",1,"8322","6022",1,"10",6,"0008500000","0105000000","0006370000","0076440000","0001500000","0021000000","7870000","97440000"
1200078052,"01",1,"7233","7421",3,"8",6,"0003300000","0045600000","0003146000","0037752000","0","0006000000","3146000","43752000"
1200078050,"01",1,"2411","4010",1,"8",6,"0009000000","0111000000","0007280000","0087360000","0001000000","0015000000","8280000","102360000"
1200030011,"01",1,"1100","7511",1,"16",6,"0011000000","0135000000","0008190000","0098280000","0002000000","0027000000","10190000","125280000"
1200030011,"02",1,"2221","8511",1,"8",6,"0020000000","0243000000","0008580000","0102960000","0011000000","0135000000","19580000","237960000"
1200078057,"01",1,"3431","7513",1,"7",6,"0005700000","0071400000","0004823000","0057876000","0000400000","0007800000","5223000","65676000"
1200078062,"01",1,"2320","8021",1,"6",6,"0006000000","0075000000","0005460000","0065520000","0","0003000000","5460000","68520000"
1200022113,"03",1,"7417","1545",3,"10",7,"0003100000","0037700000","0003100000","0037200000","0","0000500000","3100000","37700000"
1200070004,"01",1,"8324","7511",3,"8",6,"0003600000","0043200000","0003432000","0041184000","0","0","3432000","41184000"
1200058177,"01",1,"9314","4521",3,"8",2,"0001000000","0009000000","0001000000","0009000000","0","0","1000000","9000000"
1200058177,"02",1,"9131","9500",3,"7",2,"0000600000","0003500000","0000600000","0003500000","0","0","600000","3500000"
1200010322,"01",1,"3231","8513",1,"8",6,"0006000000","0075000000","0005350800","0064209600","0","0003000000","5350800","67209600"
1200046176,"01",1,"9314","4521",3,"8",5,"0002000000","0020000000","0002000000","0020000000","0","0","2000000","20000000"
1200046165,"03",1,"7231","5020",3,"8",6,"0001000000","0012000000","0001000000","0012000000","0","0","1000000","12000000"
1200022127,"01",1,"5220","5231",3,"10",6,"0003000000","0042000000","0003000000","0036000000","0","0006000000","3000000","42000000"
1200034059,"01",1,"4190","6023",3,"10",6,"0004600000","0062000000","0003813334","0045760008","0000600000","0014000000","4413334","59760008"
1200034053,"01",1,"9320","1410",3,"8",6,"0003000000","0036000000","0003000000","0036000000","0","0","3000000","36000000"
1200034053,"03",1,"9320","1410",3,"8",6,"0003200000","0044400000","0003050668","0036608016","0","0006000000","3050668","42608016"
1200034055,"01",1,"5220","5010",3,"10",6,"0003000000","0036000000","0003000000","0036000000","0","0","3000000","36000000"
1200082211,"01",1,"3480","9193",3,"8",7,"0002200000","0026400000","0002200000","0026400000",NA,NA,"2200000","26400000"
1200082206,"01",1,"7141","4540",3,"8",6,"0003500000","0042000000","0003500000","0042000000","0","0","3500000","42000000"
1200058179,"01",1,"8322","8031",1,"8",6,"0003500000","0045000000","0003050666","0036607992","0000300000","0006600000","3350666","43207992"
1200070013,"01",1,"8324","6023",3,"8",6,"0003500000","0043000000","0003336666","0040039992","0","0001000000","3336666","41039992"
1200070011,"01",1,"9311","1010",3,"8",6,"0003800000","0050600000","0003622666","0043471992","0","0005000000","3622666","48471992"
1200039068,"01",1,"9320","3130",3,"8",6,"0003500000","0048000000","0003050668","0036608016","0000300000","0009600000","3350668","46208016"
1200027011,"01",1,"8322","7511",3,"10",6,"0006000000","0078000000","0004766668","0057200016","0001000000","0018000000","5766668","75200016"
1200027013,"01",1,"2429","8532",1,"7",6,"0006000000","0075000000","0005720000","0068640000","0","0003000000","5720000","71640000"
1200027001,"01",1,"9152","7523",1,"8",6,"0004000000","0055000000","0003336668","0040040016","0000500000","0013000000","3836668","53040016"
1200027009,"01",1,"9314","4521",3,"8",7,"0006000000","0048000000","0006000000","0048000000","0","0","6000000","48000000"
1200075203,"01",1,"3113","4010",1,"8",6,"0004500000","0057000000","0003640000","0043680000","0000500000","0009000000","4140000","52680000"
1200075195,"01",1,"3222","8513",1,"7",6,"0005500000","0069000000","0004766668","0057200016","0000500000","0009000000","5266668","66200016"
1200087001,"01",1,"9152","7513",3,"7",6,"0003000000","0039000000","0003000000","0036000000","0","0003000000","3000000","39000000"
1200039063,"01",2,"9320","1532",3,NA,NA,"0","0014157336","0","0014157336","0","0","0","14157336"
1200039057,"01",1,"9320","2710",3,"8",6,"0003500000","0049000000","0003336668","0040040016","0","0007000000","3336668","47040016"
1200087001,"04",1,"9320","2930",3,"7",6,"0003200000","0044400000","0003050668","0036608016","0","0006000000","3050668","42608016"
1200015013,"01",1,"9320","1410",3,"10",6,"0005000000","0067000000","0003813334","0045760008","0001000000","0019000000","4813334","64760008"
1200087011,"01",1,"9320","3430",3,"8",6,"0003000000","0042000000","0002860000","0034320000","0","0006000000","2860000","40320000"
1200087007,"01",1,"2320","8090",1,"7",6,"0004300000","0054600000","0003367000","0040404000","0000600000","0010200000","3967000","50604000"
1200015011,"01",1,"7418","1546",3,"10",6,"0003500000","0042000000","0003336668","0040040016","0","0","3336668","40040016"
1200015007,"01",1,"7224","2698",3,"10",6,"0004000000","0055000000","0003336668","0040040016","0000500000","0013000000","3836668","53040016"
1200079167,"01",1,"4190","6603",3,"10",6,"0005000000","0063000000","0004099334","0049192008","0000700000","0011400000","4799334","60592008"
1200031060,"01",1,"7241","5260",3,"10",6,"0006000000","0072000000","0006000000","0072000000","0","0","6000000","72000000"
1200019124,"03",1,"0112","7523",1,"8",6,"0000450000","0005400000","0000450000","0005400000","0","0","450000","5400000"
1200019126,"01",1,"8312","6010",1,"8",6,"0005300000","0066600000","0005052668","0060632016","0","0003000000","5052668","63632016"
1200019115,"02",1,"7137","4532",3,"7",7,"0002500000","0030000000","0002500000","0030000000","0","0","2500000","30000000"
1200019115,"04",1,"9320","3150",3,"8",6,"0002000000","0024000000","0002000000","0024000000","0","0","2000000","24000000"
1200031064,"01",1,"5220","5232",3,"10",6,"0003000000","0037000000","0003000000","0036000000","0","0001000000","3000000","37000000"
1200031064,"03",1,"5220","5232",3,"10",6,"0000800000","0010400000","0000800000","0009600000","0","0000800000","800000","10400000"
1200079159,"01",1,"5162","7523",1,"7",6,"0005000000","0063000000","0004095000","0049140000","0000500000","0009000000","4595000","58140000"
1200079163,"01",1,"9320","2411",3,"10",6,"0005000000","0066000000","0003813334","0045760008","0001000000","0018000000","4813334","63760008"
1200079155,"01",1,"6111","0130",3,"8",7,"0003600000","0025200000","0003600000","0025200000","0","0","3600000","25200000"
1200051211,"02",1,"7134","4521",3,"8",4,"0002000000","0012000000","0002000000","0012000000","0","0","2000000","12000000"
1200063061,"01",1,"9314","4521",3,"8",6,"0003600000","0028800000","0003600000","0028800000","0","0","3600000","28800000"
1200051206,"01",1,"9314","4521",3,"8",5,"0003000000","0021000000","0003000000","0021000000","0","0","3000000","21000000"
1200051206,"02",1,"2411","2320",3,"8",6,"0003200000","0041400000","0003050666","0036607992","0","0003000000","3050666","39607992"
1200051201,"01",1,"0111","7522",1,"8",6,"0005030000","0063360000","0004334854","0052018248","0","0003000000","4334854","55018248"
1200063057,"01",1,"4212","6512",1,"8",6,"0005000000","0063000000","0004436250","0053235000","0","0003000000","4436250","56235000"
1200063054,"01",1,"5220","5110",3,"8",6,"0003100000","0039200000","0002955333","0035463996","0","0002000000","2955333","37463996"
1200003313,"01",1,"7245","4010",1,"12",5,"0007000000","0091300000","0005720000","0068640000","0001000000","0019300000","6720000","87940000"
1200003321,"01",1,"3320","8021",1,"4",6,"0005400000","0064800000","0004494150","0053929800","0","0003000000","4494150","56929800"
1200003321,"02",1,"3320","8021",1,"4",6,"0005000000","0063000000","0004329250","0051951000","0","0003000000","4329250","54951000"
1200043164,"01",1,"6111","0130",3,"8",2,"0002000000","0024000000","0001906666","0022879992",NA,NA,"1906666","22879992"
1200043160,"03",1,"8332","4510",3,"8",6,"0003000000","0036000000","0003000000","0036000000",NA,NA,"3000000","36000000"
1200055120,"01",1,"4222","5513",3,"8",6,"0005000000","0060000000","0005000000","0060000000",NA,NA,"5000000","60000000"
1200055114,"01",1,"8324","1110",1,"8",7,"0004500000","0054000000","0004500000","0054000000",NA,NA,"4500000","54000000"
1200055118,"01",1,"0111","7522",1,"8",6,"0006000000","0075000000","0005350800","0064209600",NA,"0003000000","5350800","67209600"
1200067010,"01",1,"8324","6023",3,"10",6,"0005000000","0063000000","0004766666","0057199992",NA,"0003000000","4766666","60199992"
1200067008,"05",1,"5220","5222",3,"8",6,"0000700000","0008400000","0000700000","0008400000",NA,NA,"700000","8400000"
1200007207,"01",1,"5220","5238",3,"8",6,"0001500000","0018000000","0001500000","0018000000",NA,NA,"1500000","18000000"
1200007207,"03",1,"5220","5238",3,"8",6,"0002500000","0030000000","0002383333","0028599996",NA,NA,"2383333","28599996"
1200083146,"01",1,"9320","3430",3,"10",6,"0003530000","0048360000","0002888600","0034663200","0000500000","0012000000","3388600","46663200"
1200007199,"03",1,"4211","6592",3,"10",6,"0003100000","0037200000","0002955333","0035463996","0","0","2955333","35463996"
1200007199,"05",1,"4223","6421",3,"8",6,"0002200000","0026400000","0002097333","0025168000","0","0","2097333","25168000"
1200035064,"01",1,"7126","4521",3,"8",7,"0009000000","0054000000","0009000000","0054000000","0","0","9000000","54000000"
1200035060,"01",1,"9320","3610",3,"10",6,"0003500000","0049000000","0003336668","0040040016","0","0007000000","3336668","47040016"
1200083149,"01",1,"8322","6022",3,"10",7,"0002300000","0027600000","0002300000","0027600000","0","0","2300000","27600000"
1200083143,"03",1,"9320","2022",3,"8",6,"0003200000","0044400000","0003050668","0036608016","0","0006000000","3050668","42608016"
1200083143,"04",1,"9320","3430",3,"10",6,"0003700000","0050400000","0003050668","0036608016","0000500000","0012000000","3550668","48608016"
1200083140,"01",1,"9320","1711",3,"10",6,"0005000000","0069000000","0003813334","0045760008","0001000000","0021000000","4813334","66760008"
1200071005,"01",1,"9320","2694",3,"8",6,"0003200000","0045400000","0003050668","0036608016","0","0007000000","3050668","43608016"
1200023149,"01",1,"7126","4521",3,"8",7,"0006000000","0048000000","0006000000","0048000000","0","0","6000000","48000000"
1200023152,"01",1,"9320","2424",3,"10",6,"0004000000","0055000000","0003146000","0037752000","0000700000","0015400000","3846000","53152000"
1200047164,"01",1,"8324","6023",3,"10",6,"0004000000","0048000000","0004000000","0048000000","0","0","4000000","48000000"
1200047174,"01",1,"7136","8031",3,"12",7,"0004500000","0061300000","0004290000","0051480000","0","0007300000","4290000","58780000"
1200047161,"01",1,"3416","2710",3,"12",7,"0003500000","0045000000","0003050666","0036607992","0000300000","0006600000","3350666","43207992"
1200011002,"01",1,"9314","4521",3,"8",5,"0003000000","0030000000","0003000000","0030000000",NA,NA,"3000000","30000000"
1200011008,"03",1,"9314","4521",3,"8",6,"0003000000","0036000000","0003000000","0036000000",NA,NA,"3000000","36000000"
1200011008,"04",1,"9314","4521",3,"8",6,"0003000000","0036000000","0003000000","0036000000",NA,NA,"3000000","36000000"
1200011008,"05",1,"5220","5222",3,"8",6,"0000700000","0008400000","0000700000","0008400000",NA,NA,"700000","8400000"
1200011008,"06",1,"9314","4521",3,"8",6,"0003000000","0036000000","0003000000","0036000000",NA,NA,"3000000","36000000"
1200011011,"01",1,"2351","7512",1,"8",6,"0007000000","0087000000","0004309000","0051708000","0002000000","0027000000","6309000","78708000"
1200059051,"01",1,"2320","8022",1,"6",6,"0008900000","0109800000","0007051760","0084621120","0000700000","0011400000","7751760","96021120"
1200011014,"01",1,"8223","2893",3,"8",6,"0004800000","0060100000","0004576000","0054912000","0","0002500000","4576000","57412000"
1200011006,"01",1,"9314","4521",3,"8",4,"0003120000","0031200000","0003120000","0031200000",NA,NA,"3120000","31200000"
1200059051,"02",1,"1429","8021",1,"6",6,"0007800000","0096600000","0006189960","0074279520","0000600000","0010200000","6789960","84479520"
1200047170,"03",1,"5141","9302",3,"8",6,"0000500000","0006000000","0000500000","0006000000","0","0","0500000","6000000"
1200028197,"01",1,"5162","7523",1,"8",6,"0006600000","0082200000","0005460000","0065520000","0000600000","0010200000","6060000","75720000"
1200076064,"01",1,"9320","2412",3,"10",6,"0004000000","0054000000","0003050668","0036608016","0000800000","0015600000","3850668","52208016"
1200076055,"02",1,"4190","8031",3,"8",6,"0003900000","0049800000","0003336668","0040040016","0000400000","0007800000","3736668","47840016"
1200076061,"01",1,"7126","4521",3,"8",6,"0006000000","0036000000","0006000000","0036000000","0","0","6000000","36000000"
1200028194,"01",1,"5162","7523",1,"7",6,"0005000000","0063000000","0004550000","0054600000","0","0003000000","4550000","57600000"
1200028201,"01",1,"1427","7421",1,"8",6,"0009000000","0111000000","0007626668","0091520016","0001000000","0015000000","8626668","106520016"
1200028201,"03",1,"1427","4010",1,"8",6,"0007000000","0087000000","0005720000","0068640000","0001000000","0015000000","6720000","83640000"
1200016015,"01",1,"9320","2694",3,"10",6,"0004200000","0057400000","0003050668","0036608016","0001000000","0019000000","4050668","55608016"
1200016011,"03",1,"5111","6022",1,"8",7,"0002000000","0006000000","0002000000","0006000000","0","0","2000000","6000000"
1200072351,"01",1,"0111","7522",1,"10",6,"0007000000","0087180000","0005720000","0068640000","0001000000","0015180000","6720000","83820000"
1200004305,"01",1,"5220","5238",3,"8",6,"0003200000","0038400000","0003050666","0036607992","0","0","3050666","36607992"
1200004297,"01",1,"2320","8021",1,"6",3,"0007000000","0087000000","0006178900","0074146800","0","0003000000","6178900","77146800"
1200052113,"03",1,"4134","2710",3,"8",6,"0003200000","0039900000","0003050666","0036607992","0","0001500000","3050666","38107992"
1200052105,"01",1,"5220","5232",3,"8",6,"0003300000","0039600000","0003300000","0003960000","0","0","3300000","3960000"
1200040109,"01",1,"9320","1421",3,"10",6,"0005000000","0066000000","0004290000","0051480000","0000500000","0012000000","4790000","63480000"
1200064216,"01",1,"7123","4521",3,"8",6,"0003500000","0028000000","0003500000","0028000000","0","0","3500000","28000000"
1200064216,"02",1,"7123","4521",3,"8",5,"0003000000","0021000000","0003000000","0021000000","0","0","3000000","21000000"
1200040114,"01",1,"9320","1421",3,"10",6,"0004500000","0060000000","0003813334","0045760008","0000500000","0012000000","4313334","57760008"
1200016009,"02",1,"5220","5232",3,"6",7,"0001000000","0003000000","0001000000","0003000000","0","0","1000000","3000000"
1200064215,"01",1,"9314","4521",3,"8",6,"0003000000","0030000000","0003000000","0030000000","0","0","3000000","30000000"
1200064221,"01",1,"3435","2320",1,"8",6,"0012000000","0146700000","0006370000","0076440000","0005000000","0062700000","11370000","139140000"
1200020012,"01",1,"9314","4521",3,"8",7,"0004500000","0031500000","0004500000","0031500000","0","0","4500000","31500000"
1200020012,"03",1,"9314","4521",3,"8",7,"0004500000","0027000000","0004500000","0027000000","0","0","4500000","27000000"
1200032314,"03",1,"4212","6512",1,"8",6,"0004500000","0061000000","0003640000","0043680000","0000500000","0013000000","4140000","56680000"
1200032317,"01",1,"4212","6512",3,"10",6,"0003700000","0050400000","0003050668","0036608016","0000500000","0012000000","3550668","48608016"
1200020014,"01",1,"9314","4521",3,"8",7,"0004500000","0036000000","0004500000","0036000000","0","0","4500000","36000000"
1200020002,"01",1,"9314","4521",3,"8",7,"0004500000","0027000000","0004500000","0027000000","0","0","4500000","27000000"
1200020008,"03",1,"9320","1711",3,"8",6,"0003200000","0045400000","0002709334","0032512008","0","0007000000","2709334","39512008"
1200008171,"02",1,"8322","6023",3,"8",4,"0001500000","0006000000","0001500000","0006000000","0","0","1500000","6000000"
1200008171,"04",1,"9314","4521",3,"8",1,"0000500000","0004000000","0000500000","0004000000","0","0","0500000","4000000"
1200080322,"01",1,"2411","8031",3,"10",6,"0004500000","0060000000","0003813334","0045760008","0000500000","0012000000","4313334","57760008"
1200080313,"03",1,"2331","8012",1,"6",6,"0002000000","0018000000","0002000000","0018000000","0","0","2000000","18000000"
1200068182,"01",1,"2230","8511",1,"8",6,"0005000000","0063000000","0004767000","0057204000","0","0003000000","4767000","60204000"
1200008163,"01",1,"1100","7511",1,"8",6,"0008000000","0099000000","0007627000","0091524000","0","0003000000","7627000","94524000"
1200008174,"01",1,"9314","4521",3,"8",5,"0002500000","0020000000","0002500000","0020000000","0","0","2500000","20000000"
1200008174,"01",2,"8332","4522",3,NA,NA,"0","0015000000","0","0015000000","0","0","0","15000000"
1200008162,"01",1,"2320","8021",1,"8",6,"0006000000","0075000000","0005350800","0064209600","0","0003000000","5350800","67209600"
1200084300,"01",1,"9314","4521",3,"8",7,"0004200000","0033600000","0004200000","0033600000","0","0","4200000","33600000"
1200084306,"01",1,"9211","0124",3,"10",7,"0005000000","0060000000","0005000000","0060000000","0","0","5000000","60000000"
1200036051,"01",1,"1410","3610",3,"8",6,"0005000000","0066000000","0004766668","0057200016","0","0006000000","4766668","63200016"
1200084303,"01",1,"9314","4521",3,"8",7,"0003200000","0038400000","0003050668","0036608016","0","0","3050668","36608016"
1200084295,"01",1,"8324","4522",3,"8",6,"0006000000","0077000000","0003050668","0036608016","0002800000","0039600000","5850668","76208016"
1200084295,"03",1,"9320","3430",3,"8",6,"0003700000","0051400000","0003050668","0036608016","0000500000","0013000000","3550668","49608016"
1200036057,"02",1,"2490","7512",1,"7",6,"0005200000","0065580000","0004277000","0051324000","0000500000","0009180000","4777000","60504000"
1200036054,"01",1,"7126","4521",3,"8",7,"0006000000","0042000000","0006000000","0042000000","0","0","6000000","42000000"
1200056171,"01",1,"4211","6512",3,"10",6,"0007000000","0091000000","0004767000","0057204000","0002000000","0031000000","6767000","88204000"
1200072364,"01",1,"6111","0130",3,"10",7,"0004500000","0036000000","0004500000","0036000000","0","0","4500000","36000000"
1200072362,"01",1,"9314","4521",3,"8",7,"0005400000","0037800000","0005400000","0037800000","0","0","5400000","37800000"
1200048002,"03",1,"7123","4521",3,"10",4,"0001500000","0020000000","0001500000","0020000000","0","0","1500000","20000000"
1200044055,"01",1,"4121","5234",3,"8",6,"0004200000","0057400000","0004004000","0048048000",NA,"0007000000","4004000","55048000"
1200060057,"01",1,"5220","5237",3,"8",6,"0003200000","0038400000","0003050666","0036607992",NA,NA,"3050666","36607992"
1200060063,"01",1,"8322","6022",3,"10",7,"0001700000","0020400000","0001700000","0020400000",NA,NA,"1700000","20400000"
1200060063,"02",1,"2331","8012",1,"4",6,"0004600000","0058380000","0003956500","0047478000",NA,"0003180000","3956500","50658000"
1200060057,"02",1,"2411","3430",3,"8",6,"0003200000","0044900000","0003050666","0036607992",NA,"0006500000","3050666","43107992"
1200060066,"01",1,"7222","2899",3,"8",6,"0003500000","0051000000","0003336666","0040039992",NA,"0009000000","3336666","49039992"
1200060069,"01",1,"8322","6022",3,"12",6,"0004800000","0066600000","0003050666","0036607992","0001500000","0027000000","4550666","63607992"
1210121002,"01",1,"4113","8511",1,"8",6,"0004851610","0061219680","0004409540","0052914480","0000250000","0006000000","4659540","58914480"
1210121008,"01",1,"2331","8012",1,"4",6,"0007131136","0089073632","0006494904","0077938848","0","0003500000","6494904","81438848"
1210125313,"01",1,"4212","6512",1,"8",6,"0005420000","0068040000","0004932200","0059186400","0","0003000000","4932200","62186400"
1210125317,"01",1,"7126","4521",3,"8",6,"0007500000","0070000000","0007500000","0070000000","0","0","7500000","70000000"
1210125317,"03",1,"9314","4521",3,"8",6,"0003000000","0036000000","0003000000","0036000000","0","0","3000000","36000000"
1210125317,"04",1,"9314","4521",3,"8",6,"0003000000","0036000000","0003000000","0036000000","0","0","3000000","36000000"
1210125321,"01",1,"3449","7511",1,"8",6,"0008013600","0094627200","0007439493","0084737916","0","0003000000","7439493","87737916"
1210125327,"01",1,"1100","7512",1,"8",6,"0010830000","0132960000","0007310000","0087720000","0002500000","0033000000","9810000","120720000"
1210125327,"03",1,"0112","7522",1,"8",6,"0000320000","0004160000","0000320000","0003840000","0","0000320000","320000","4160000"
1210041103,"02",1,"1427","2612",3,"8",6,"0005000000","0060000000","0004250000","0051000000","0","0002000000","4250000","53000000"
1210041108,"01",1,"7233","2914",3,"8",6,"0003000000","0036000000","0003000000","0036000000","0","0","3000000","36000000"
1210053186,"01",1,"2411","7511",1,"8",6,"0006500000","0078000000","0005450000","0065400000","0","0002000000","5450000","67400000"
1210053188,"02",1,"4190","7512",1,"8",6,"0003200000","0038400000","0003050000","0036000000","0","0002000000","3050000","38000000"
1210053188,"05",1,"3435","1711",3,"8",6,"0003500000","0042000000","0003050000","0036600000","0","0002000000","3050000","38600000"
1210053188,"06",1,"7418","1546",3,"10",6,"0003000000","0036000000","0003000000","0036000000","0","0","3000000","36000000"
1210053191,"01",1,"7231","5020",3,"8",6,"0003800000","0045600000","0003800000","0045600000","0","0","3800000","45600000"
1210001112,"01",1,"7126","4521",3,"8",4,"0002500000","0025000000","0002500000","0025000000","0","0","2500000","25000000"
1210021148,"03",1,"7221","2811",3,"8",6,"0004000000","0049000000","0004000000","0048000000","0","0001000000","4000000","49000000"
1210065297,"01",1,"4190","8511",1,"8",6,"0004500000","0054000000","0003950000","0047400000","0","0002000000","3950000","49400000"
1210065305,"01",1,"4222","8514",3,"8",6,"0001500000","0018000000","0001500000","0018000000","0","0","1500000","18000000"
1210065305,"01",1,"3114","8031",1,"8",6,"0003800000","0045600000","0003250000","0039360000","0","0002000000","3250000","41360000"
1210109190,"02",1,"2320","8021",1,"6",6,"0006000000","0075000000","0005400000","0064000000","0","0003000000","5400000","67000000"
1210109190,"03",1,"0112","7522",1,"8",6,"0000450000","0001800000","0000450000","0001800000","0","0","450000","1800000"
1210001108,"01",1,"7326","2698",3,"8",6,"0003200000","0041000000","0002950000","0035000000","0","0003000000","2950000","38000000"
1210001118,"01",1,"2461","9194",1,"10",7,"0002900000","0035000000","0002900000","0035000000","0","0","2900000","35000000"
1210113149,"01",1,"4190","8513",1,"8",6,"0005000000","0064000000","0004500000","0054000000","0","0004000000","4500000","58000000"
1210113153,"01",1,"7417","1545",3,"7",6,"0002800000","0032000000","0002800000","0032000000","0","0","2800000","32000000"
1210113153,"03",1,"7411","1516",3,"8",6,"0002750000","0037000000","0002500000","0030000000","0","0004000000","2500000","34000000"
1210021157,"01",1,"6111","0140",3,"4",6,"0000300000","0002700000","0000300000","0002700000","0","0","300000","2700000"
1210113140,"03",1,"8322","6023",3,"7",6,"0003500000","0040000000","0003500000","0040000000","0","0","3500000","40000000"
1210021155,"01",2,"8324","6023",3,NA,NA,"0","0023500000","0","0023500000","0","0","0","23500000"
1210069296,"02",1,"7422","3610",3,"8",6,"0001000000","0012000000","0001000000","0012000000","0","0","1000000","12000000"
1210069308,"03",1,"7231","5020",3,"8",6,"0001900000","0022800000","0001900000","0022800000","0","0","1900000","22800000"
1210069308,"04",1,"9314","4521",3,"8",6,"0001850000","0022200000","0001850000","0022200000","0","0","1850000","22200000"
1210013193,"01",1,"9311","1421",3,"8",6,"0004400000","0055800000","0003850000","0046200000","0","0003000000","3850000","49200000"
1210013196,"01",1,"8324","1310",3,"8",6,"0004500000","0054000000","0004500000","0054000000","0","0","4500000","54000000"
1210013200,"01",1,"8324","1320",3,"8",6,"0005100000","0065200000","0004800000","0057600000","0","0004000000","4800000","61600000"
1210013202,"01",1,"2145","6010",1,"8",6,"0004500000","0058000000","0004150000","0049800000","0","0004000000","4150000","53800000"
1210013205,"01",1,"5162","8031",1,"8",6,"0004500000","0057500000","0004100000","0049200000","0","0003500000","4100000","52700000"
1210017002,"01",1,"4190","6010",3,"8",6,"0003600000","0048400000","0003150000","0039000000","0","0004000000","3150000","43000000"
1210017004,"01",1,"4190","7513",1,"8",6,"0004200000","0054400000","0003750000","0045000000","0","0004000000","3750000","49000000"
1210017007,"03",1,"8323","6022",3,"8",4,"0002500000","0027500000","0002500000","0027500000","0","0","2500000","27500000"
1210017012,"03",1,"5220","1546",3,"8",6,"0001200000","0014400000","0001200000","0014400000","0","0","1200000","14400000"
1210065303,"01",1,"8261","1711",3,"8",6,"0003850000","0046200000","0003455000","0041460000","0","0002000000","3455000","43460000"
1210065307,"01",2,"3435","0126",3,NA,NA,"0","0048000000","0","0042500000","0","0002000000","0","44500000"
1210073005,"01",1,"7126","4521",3,"8",6,"0004500000","0072000000","0004500000","0072000000","0","0","4500000","72000000"
1210073007,"01",1,"9152","4522",3,"8",7,"0004350000","0013050000","0004000000","0012000000","0000300000","0001000000","4300000","13000000"
1210073010,"01",1,"9160","7511",1,"7",7,"0003850000","0046200000","0003000000","0036000000","0000500000","0006600000","3500000","42600000"
1210073014,"01",1,"8322","6022",3,"12",7,"0006000000","0072000000","0005500000","0066000000","0","0","5500000","66000000"
1210081001,"01",1,"4134","8031",1,"8",5,"0004800000","0057600000","0003700000","0044400000","0000500000","0013000000","4200000","57400000"
1210081005,"01",1,"7212","2892",3,"8",6,"0003500000","0042000000","0003000000","0036000000","0","0002000000","3000000","38000000"
1210081010,"01",1,"8261","1711",1,"8",6,"0006000000","0072000000","0005100000","0061200000","0000800000","0010800000","5900000","72000000"
1210081015,"01",1,"4134","6303",3,"8",6,"0003837800","0046053600","0003569200","0042830400","0000260000","0003200000","3829200","46030400"
1210089094,"01",1,"8311","6010",1,"10",7,"0005414431","0064973172","0004402325","0052827900","0","0003000000","4402325","55827900"
1210089094,"03",1,"5111","6010",3,"12",4,"0002812280","0033747360","0002615240","0031382880","0","0002000000","2615240","33382880"
1210089096,"01",1,"7126","4521",3,"8",6,"0005000000","0060000000","0005000000","0060000000","0","0","5000000","60000000"
1210089096,"03",1,"7241","3120",3,"8",6,"0003720000","0044640000","0003460000","0041520000","0","0003000000","3460000","44520000"
1210081007,"01",1,"7241","3150",3,"7",6,"0004021677","0048260124","0003496960","0041962520","0000520000","0005000000","4016960","46962520"
1210089104,"02",1,"2320","8021",1,"6",3,"0005300000","0063600000","0004900000","0058800000","0","0003000000","4900000","61800000"
1210037182,"03",1,"4212","6512",1,"10",6,"0007260000","0088520000","0007235000","0080220000","0","0008000000","7235000","88220000"
1210037186,"01",1,"4190","7512",1,"8",6,"0006800000","0081600000","0005300000","0063600000","0","0003000000","5300000","66600000"
1210037186,"02",1,"2331","8012",1,"6",6,"0007300000","0087600000","0006300000","0075600000","0","0003000000","6300000","78600000"
1210037189,"01",1,"3416","1721",1,"8",6,"0006130000","0074320000","0005130000","0053320000","0","0009000000","5130000","62320000"
1210037189,"03",1,"0112","7522",1,"8",7,"0000400000","0002000000","0000400000","0002000000","0","0","400000","2000000"
1210037189,"04",1,"3152","1512",3,"8",6,"0003444000","0041328000","0003200000","0038400000","0","0002000000","3200000","40400000"
1210037191,"03",1,"0112","7522",1,"8",7,"0000400000","0000400000","0000400000","0000400000","0","0","400000","400000"
1210037193,"02",1,"7437","1721",3,"9",6,"0002600000","0029200000","0002600000","0029200000","0","0","2600000","29200000"
1210061055,"01",1,"4190","4100",1,"7",6,"0007000000","0084000000","0005900000","0070800000","0001000000","0013000000","6900000","83800000"
1210061055,"02",1,"2331","8012",1,"7",6,"0006300000","0075600000","0006000000","0072000000","0","0003500000","6000000","75500000"
1210061056,"01",1,"4190","7513",1,"8",6,"0004500000","0054000000","0004050000","0048600000","0000300000","0005000000","4350000","53600000"
1210085012,"01",1,"5122","8031",3,"8",6,"0004600000","0055200000","0003900000","0046800000","0000536000","0007400000","4436000","54200000"
1210085003,"01",1,"9314","4521",3,"8",6,"0001950000","0023400000","0001950000","0023400000","0","0","1950000","23400000"
1210085013,"01",1,"7326","2698",3,"8",6,"0003534800","0042417600","0003308574","0039702888","0000200000","0001000000","3508574","40702888"
1210025155,"01",1,"8262","1726",3,"8",6,"0004109157","0047709884","0003046240","0034954880","0","0","3046240","34954880"
1210025160,"03",1,"4222","5513",1,"10",6,"0004249840","0050998080","0003869244","0046430928","0","0003000000","3869244","49430928"
1210049170,"01",1,"7233","5020",3,"10",6,"0006500000","0076000000","0005500000","0061500000","0","0002500000","5500000","64000000"
1210049174,"01",1,"5123","1711",1,"8",6,"0005445775","0061749300","0003493704","0038324448","0","0006000000","3493704","44324448"
1210049176,"01",1,"8324","6023",3,"8",7,"0004000000","0044500000","0004000000","0043500000","0","0001000000","4000000","44500000"
1210057057,"01",1,"5220","5525",3,"10",7,"0003500000","0042000000","0003500000","0042000000","0","0","3500000","42000000"
1210057058,"01",2,"2331","8012",1,NA,NA,"0","0024600000","0","0021270000","0","0","0","21270000"
1210057061,"04",2,"8123","2710",3,NA,NA,"0","0007918000","0","0007884000","0","00","0","7884000"
1210057065,"01",1,"7133","4540",3,"8",6,"0003263333","0039160000","0003263333","0039160000","0","0","3263333","39160000"
1210057065,"03",2,"0112","7522",1,NA,NA,"0","0000900000","0","0000900000","0","0","0","900000"
1210057065,"03",2,"7218","3610",3,NA,NA,"0","0001980000","0","0001350000","0","0000200000","0","1550000"
1210117005,"03",1,"2143","4010",1,"8",6,"0003950000","0051000000","0003650000","0038000000","0","0003000000","3650000","41000000"
1210117007,"01",1,"4121","1721",3,"8",6,"0003875000","0049500000","0003600000","0043000000","0","0003000000","3600000","46000000"
1210117013,"01",1,"3115","2698",3,"8",6,"0005500000","0069000000","0005100000","0061000000","0","0003500000","5100000","64500000"
1210029001,"01",1,"6113","7511",3,"8",6,"0003570000","0048840000","0003180000","0040160000","0","0004000000","3180000","44160000"
1210033301,"01",1,"5220","5238",3,"8",6,"0003800000","0048100000","0003800000","0045600000","0","0002500000","3800000","48100000"
1210033305,"01",1,"8324","6023",3,"10",5,"0003000000","0036000000","0003000000","0036000000","0","0","3000000","36000000"
1210033310,"01",1,"5122","5522",3,"8",7,"0004500000","0045500000","0004500000","0040500000","0","0005000000","4500000","45500000"
1210033310,"02",1,"4212","6512",1,"8",6,"0004500000","0053100000","0003100000","0033600000","0","0002700000","3100000","36300000"
1210045057,"01",1,"4214","7020",3,"12",6,"0002000000","0024000000","0002000000","0024000000","0","0","2000000","24000000"
1210045061,"01",1,"7224","2892",3,"8",6,"0003700000","0047400000","0003000000","0036000000","0","0003000000","3000000","39000000"
1210045065,"01",1,"4134","4522",3,"10",7,"0009180000","0062460000","0003000000","0033000000","0005200000","0014400000","8200000","47400000"
1210045065,"03",1,"9314","4521",3,"8",4,"0003400000","0040800000","0003400000","0040800000","0","0","3400000","40800000"
1210073007,"01",2,"8324","6023",3,NA,NA,"0","0051300000","0","0045000000","0","0003000000","0","48000000"
1210029006,"01",1,"8253","2102",3,"8",6,"0003400000","0044800000","0003150000","0037800000","0","0004000000","3150000","41800000"
1210029007,"03",1,"8123","2710",3,"8",6,"0003600000","0047200000","0003297000","0039564000","0","0004000000","3297000","43564000"
1210029012,"01",1,"4190","6592",3,"8",6,"0002900000","0037800000","0002670000","0032040000","0","0003000000","2670000","35040000"
1210029015,"04",1,"7313","3691",3,"8",6,"0003000000","0036000000","0003000000","0036000000","0","0","3000000","36000000"
1210029015,"05",1,"7313","3691",3,"8",6,"0002500000","0030000000","0002500000","0030000000","0","0","2500000","30000000"
1210029015,"06",1,"7313","3691",3,"8",6,"0002500000","0030000000","0002500000","0030000000","0","0","2500000","30000000"
1210129141,"01",1,"7442","5260",3,"8",6,"0001500000","0018000000","0001500000","0018000000","0","0","1500000","18000000"
1210129142,"03",1,"5220","5050",3,"8",6,"0003200000","0042400000","0002750000","0033000000","0","0004000000","2750000","37000000"
1210129148,"01",1,"8324","6023",3,"8",6,"0005600000","0067200000","0005600000","0067200000","0","0","5600000","67200000"
1210101057,"03",1,"3416","1711",3,"8",6,"0003950000","0047400000","0003250000","0039000000","0","0002000000","3250000","41000000"
1210105049,"01",1,"4115","8031",1,"8",6,"0006800000","0081600000","0005950000","0071400000","0","0002000000","5950000","73400000"
1210101061,"01",1,"5220","5236",3,"10",6,"0004500000","0054000000","0004500000","0054000000","0","0","4500000","54000000"
1210101063,"01",1,"1410","4521",2,"8",6,"0007500000","0090000000","0006200000","0074400000","0","0002000000","6200000","76400000"
1210101065,"01",1,"3112","4522",3,"8",6,"0005500000","0066000000","0005125000","0061500000","0","0002000000","5125000","63500000"
1210133001,"01",1,"1429","8021",1,"8",6,"0004500000","0059000000","0004100000","0049200000","0","0005000000","4100000","54200000"
1210133004,"01",1,"0112","7522",1,"8",6,"0005800000","0072600000","0005100000","0061200000","0","0","5100000","61200000"
1210133008,"01",1,"2490","1010",3,"8",6,"0004900000","0062800000","0004350000","0052200000","0","0004000000","4350000","56200000"
1210133011,"01",1,"2320","8031",1,"6",6,"0008700000","0107400000","0008100000","0097200000","0","0003000000","8100000","100200000"
1210105049,"03",1,"2142","4522",3,"8",6,"0005500000","0066000000","0004900000","0058800000","0","0002000000","4900000","60800000"
1210105057,"01",1,"4190","1310",1,"8",6,"0006250000","0075000000","0005350000","0064200000","0","0002000000","5350000","66200000"
1210093062,"01",1,"3429","5129",3,"8",6,"0003500000","0042000000","0003500000","0042000000","0","0","3500000","42000000"
1210093065,"01",1,"2142","7513",1,"8",6,"0007000000","0084000000","0006250000","0075000000","0","0002000000","6250000","77000000"
1210005004,"01",1,"7126","4521",3,"8",3,"0003000000","0025000000","0003000000","0025000000","0","0","3000000","25000000"
1210005013,"01",1,"3222","8513",1,"8",6,"0007350000","0092200000","0006580000","0078900000","0000150000","0004000000","6730000","82900000"
1210009101,"03",1,"7132","4540",3,"8",6,"0003500000","0028000000","0003500000","0028000000","0","0","3500000","28000000"
1210093060,"01",1,"8324","6023",3,"10",6,"0006500000","0078000000","0006500000","0078000000","0","0","6500000","78000000"
1210093067,"03",1,"7133","4540",3,"10",6,"0002500000","0030000000","0002500000","0030000000","0","0","2500000","30000000"
1210093067,"04",1,"7417","1545",3,"10",6,"0003000000","0036000000","0003000000","0036000000","0","0","3000000","36000000"
1210005001,"02",1,"2320","8021",1,"6",5,"0006360000","0079000000","0005700000","0068000000","0","0003000000","5700000","71000000"
1210009103,"01",1,"7132","4540",3,"8",6,"0005000000","0060000000","0005000000","0060000000","0","0","5000000","60000000"
1210097105,"01",1,"2411","1726",3,"8",6,"0011000000","0153000000","0010200000","0122400000","0","0030000000","10200000","152400000"
1210097109,"01",1,"5220","5238",3,"7",6,"0003000000","0036000000","0003000000","0036000000","0","0","3000000","36000000"
1210097114,"01",1,"2142","4522",3,"8",6,"0007000000","0098000000","0007000000","0084000000","0","0014000000","7000000","98000000"
1210077160,"06",1,"0112","7522",1,"8",6,"0000400000","0001600000","0000400000","0001600000","0","0","400000","1600000"
1210077165,"03",1,"7133","4540",3,"8",6,"0002500000","0030000000","0002500000","0030000000","0","0","2500000","30000000"
1210077168,"01",1,"7241","3110",3,"8",6,"0003000000","0036000000","0003000000","0036000000","0","0","3000000","36000000"
1210077173,"01",1,"9160","7511",1,"8",6,"0003700000","0048400000","0003380000","0040560000","0","0004000000","3380000","44560000"
1210093057,"04",1,"5220","1546",3,"8",6,"0004000000","0048000000","0004000000","0048000000","0","0","4000000","48000000"
1210113144,"01",2,"8123","2710",3,NA,NA,"0","0041000000","0","0035000000","0","0003000000","0","38000000"
1210113147,"01",1,"7126","4521",3,"8",4,"0004500000","0035000000","0004500000","0035000000","0","0","4500000","35000000"
1210122002,"05",1,"5111","6023",3,"10",6,"0004000000","0048000000","0004000000","0048000000","0","0","4000000","48000000"
1210118050,"01",1,"9211","0111",3,"8",6,"0002000000","0025000000","0002000000","0025000000",NA,NA,"2000000","25000000"
1210118050,"02",2,"7501","1724",3,NA,NA,"0","0002200000","0","0002200000","0","0","0","2200000"
1210118053,"01",1,"8324","6023",3,"10",6,"0004500000","0050100000","0004500000","0049800000",NA,"0000300000","4500000","50100000"
1210118058,"01",1,"4142","6411",1,"8",6,"0000600000","0007200000","0000600000","0007200000",NA,NA,"600000","7200000"
1210118058,"04",1,"9314","4521",3,"8",6,"0002500000","0032000000","0002500000","0032000000",NA,NA,"2500000","32000000"
1210018007,"03",1,"8261","1711",3,"12",6,"0003030000","0039450000","0002888600","0032483876","0","0005400000","2888600","37883876"
1210018007,"04",1,"3439","7498",3,"10",6,"0003030000","0039450000","0002888600","0032483876","0","0005400000","2888600","37883876"
1210018013,"01",1,"7417","1545",3,"8",6,"0004320000","0051840000","0004106668","0049280016","0","0","4106668","49280016"
1210018013,"02",2,"9132","5511",3,NA,NA,"0","0002000000","0","0002000000","0","0","0","2000000"
1210018013,"03",1,"7417","1545",3,"8",6,"0004320000","0051840000","0004106668","0049280016","0","0","4106668","49280016"
1210022171,"01",1,"7123","4540",3,"8",6,"0003000000","0060000000","0003000000","0060000000",NA,NA,"3000000","60000000"
1210022171,"03",1,"9314","4521",3,"8",6,"0001800000","0036000000","0001800000","0036000000",NA,NA,"1800000","36000000"
1210022171,"04",1,"0112","7522",3,"8",6,"0000300000","0003600000","0000282153","0003385836",NA,NA,"282153","3385836"
1210022174,"01",1,"9314","4521",3,"8",4,"0001300000","0014400000","0001300000","0014400000","0","0","1300000","14400000"
1210022174,"05",1,"9314","4521",3,"8",5,"0002250000","0015750000","0002250000","0015750000","0","0","2250000","15750000"
1210022174,"06",1,"9132","5222",3,"8",6,"0003000000","0036000000","0003000000","0036000000","0","0","3000000","36000000"
1210022174,"07",1,"9314","4521",3,"8",5,"0001560000","0019500000","0001560000","0019500000","0","0","1560000","19500000"
1210022174,"08",1,"9314","4521",3,"8",5,"0001300000","0019200000","0001300000","0019200000","0","0","1300000","19200000"
1210022177,"01",1,"2331","8012",1,"4",6,"0006388018","0071366459","0005757714","0061280141","0","0003000000","5757714","64280141"
1210022181,"01",1,"8324","6023",3,"6",7,"0002500000","0027900000","0002500000","0027900000","0","0","2500000","27900000"
1210022181,"05",1,"9314","4521",3,"8",6,"0002400000","0028800000","0002400000","0028800000","0","0","2400000","28800000"
1210046107,"03",1,"7326","2698",3,"8",6,"0003900000","0050800000","0003650000","0043800000","0","0004000000","3650000","47800000"
1210046109,"01",1,"7437","1721",3,"8",6,"0003200000","0042400000","0002850000","0034200000","0","0004000000","2850000","38200000"
1210046113,"03",1,"9311","1310",3,"8",6,"0004500000","0058000000","0003900000","0046800000","0","0004000000","3900000","50800000"
1210002163,"01",1,"2320","8021",1,"6",4,"0005250000","0066000000","0004500000","0054000000","0","0003000000","4500000","57000000"
1210074173,"01",1,"7132","4540",3,"8",6,"0004500000","0060000000","0004500000","0060000000","0","0","4500000","60000000"
1210074175,"01",1,"7122","4540",3,"5",4,"0004000000","0048000000","0004000000","0048000000","0","0","4000000","48000000"
1210074182,"01",1,"8262","1726",3,"8",6,"0005393965","0068185387","0005084108","0056738646","0","0007262494","5084108","64001140"
1210090191,"01",1,"3416","4522",3,"8",6,"0003800000","0044400000","0003800000","0042400000","0","0002000000","3800000","44400000"
1210090199,"01",2,"3435","7511",1,NA,NA,"0","0085600000","0","0039160000","0","0002000000","0","41160000"
1210050096,"01",1,"7141","4540",3,"7",6,"0004000000","0048000000","0004000000","0048000000","0","0","4000000","48000000"
1210050103,"01",1,"5123","2710",3,"8",6,"0003172333","0037381996","0003100000","0034000000","0","0002800000","3100000","36800000"
1210050108,"01",1,"7224","6010",1,"8",7,"0004100000","0044400000","0004100000","0044400000","0","0","4100000","44400000"
1210050108,"03",2,"9160","7511",3,NA,NA,"0","0008000000","0","0008000000","0","0","0","8000000"
1210054197,"03",1,"5220","7221",3,"8",6,"0003000000","0036000000","0003000000","0036000000","0","0","3000000","36000000"
1210054201,"01",1,"9314","4521",3,"10",6,"0003000000","0036000000","0003000000","0036000000","0","0","3000000","36000000"
1210054203,"03",1,"9112","5259",3,"8",6,"0003500000","0042000000","0003500000","0042000000","0","0","3500000","42000000"
1210034119,"01",1,"5220","5233",3,"10",6,"0005500000","0066000000","0005500000","0066000000","0","0","5500000","66000000"
1210054210,"01",1,"7231","5020",3,"10",6,"0005500000","0066000000","0005500000","0066000000","0","0","5500000","66000000"
1210034117,"01",1,"8212","2695",3,"8",6,"0003500000","0042000000","0003270000","0039240000","0","0002000000","3270000","41240000"
1210054207,"01",1,"8212","7511",1,"8",6,"0003600000","0043200000","0003100000","0037200000","0","0002000000","3100000","39200000"
1210034123,"01",1,"6122","0126",3,"8",6,"0005800000","0069600000","0004925000","0059100000","0","0002000000","4925000","61100000"
1210030064,"01",2,"9314","4521",3,NA,NA,"0","0027000000","0","0027000000","0","0","0","27000000"
1210030064,"03",1,"9314","4521",3,"8",6,"0002025000","0024300000","0002025000","0024300000","0","0","2025000","24300000"
1210030064,"09",1,"9314","4521",3,"8",6,"0002025000","0024300000","0002025000","0024300000","0","0","2025000","24300000"
1210030055,"01",1,"9314","4521",3,"8",6,"0002600000","0032500000","0002600000","0032500000","0","0","2600000","32500000"
1210030055,"02",1,"9314","4521",3,"8",6,"0002600000","0032500000","0002600000","0032500000","0","0","2600000","32500000"
1210030068,"01",1,"9314","4521",3,"8",6,"0002700000","0032400000","0002700000","0032400000","0","0","2700000","32400000"
1210030068,"03",1,"9314","4521",3,"8",6,"0001950000","0023400000","0001950000","0023400000","0","0","1950000","23400000"
1210030068,"04",1,"9314","4521",3,"8",6,"0001800000","0021600000","0001800000","0021600000","0","0","1800000","21600000"
1210082205,"01",1,"7438","1711",3,"8",6,"0004500000","0051480000","0003550000","0040612000","0000400000","0010300000","3950000","50912000"
1210082210,"01",1,"3152","2698",3,"8",6,"0004706000","0053836640","0003800000","0043472000","0000500000","0009000000","4300000","52472000"
1210082214,"01",1,"1427","4010",1,"9",5,"0015000000","0171600000","0008700000","0137280000","0003300000","0006700000","12000000","143980000"
1210082219,"01",1,"7232","2698",3,"8",7,"0004800000","0054912000","0003700000","0042328000","0000600000","0012000000","4300000","54328000"
1210110152,"01",1,"7326","2698",3,"8",6,"0003400000","0043000000","0003150000","0037000000","0","0003000000","3150000","40000000"
1210070106,"01",2,"2332","8011",3,NA,NA,"0","0002000000","0","0002000000","0","0","0","2000000"
1210070106,"01",1,"7133","4540",3,"8",4,"0006000000","0072000000","0006000000","0072000000","0","0","6000000","72000000"
1210070101,"01",1,"5162","7523",1,"8",6,"0006000000","0056500000","0004300000","0039500000","0","0003000000","4300000","42500000"
1210070108,"01",1,"2490","4020",3,"8",6,"0003000000","0036000000","0003000000","0036000000","0","0","3000000","36000000"
1210066117,"01",1,"1410","7512",1,"11",7,"0015000000","0172500000","0012000000","0133500000","0","0003000000","12000000","136500000"
1210066117,"02",1,"2230","8511",1,"7",6,"0008000000","0094000000","0006500000","0073000000","0","0003000000","6500000","76000000"
1210066121,"01",2,"2141","7421",3,NA,NA,"0","0031500000","0","0030000000","0","0","0","30000000"
1210066121,"01",2,"2310","8031",1,NA,NA,"0","0008500000","0","0008000000","0","0","0","8000000"
1210066121,"01",1,"2310","8031",1,"7",3,"0005500000","0063500000","0004500000","0051500000","0","0","4500000","51500000"
1210066114,"03",1,"4115","4522",3,"8",6,"0002420000","0029040000","0002000000","0024000000","0","0003000000","2000000","27000000"
1210066121,"02",2,"2141","7421",3,NA,NA,"0","0026500000","0","0025000000","0","0","0","25000000"
1210066121,"02",2,"2310","8031",1,NA,NA,"0","0012000000","0","0010800000","0","0","0","10800000"
1210042190,"01",1,"5220","6429",3,"8",6,"0004000000","0048000000","0004000000","0048000000","0","0","4000000","48000000"
1210042190,"02",1,"2331","8012",1,"5",6,"0001870000","0022440000","0001309000","0015708000","0","0001000000","1309000","16708000"
1210042194,"01",1,"4190","8031",1,"7",6,"0004980000","0059760000","0004200000","0050400000","0000300000","0005400000","4500000","55800000"
1210042196,"01",1,"1423","4522",2,"8",6,"0011000000","0118400000","0009200000","0104000000","0","0010000000","9200000","114000000"
1210106004,"03",1,"7231","5020",3,"8",6,"0003000000","0036000000","0003000000","0033500000","0","0002500000","3000000","36000000"
1210106007,"01",1,"4190","3130",3,"8",5,"0005000000","0056500000","0003575000","0042900000","0000425000","0003600000","4000000","46500000"
1210106010,"03",1,"1422","2611",3,"8",7,"0004250000","0051030000","0003650000","0041100000","0000500000","0009930000","4150000","51030000"
1210106013,"01",1,"2213","7513",1,"8",6,"0006000000","0069500000","0004500000","0051000000","0001000000","0012000000","5500000","63000000"
1210062148,"01",1,"1427","8532",1,"8",6,"0006000000","0069840000","0004500000","0052380000","0001000000","0017000000","5500000","69380000"
1210062153,"01",2,"8124","3130",3,NA,NA,"0","0077500000","0","0063700000","0","0010000000","0","73700000"
1210062161,"01",1,"7123","4540",3,"8",6,"0004500000","0054000000","0003735000","0044820000","0","0","3735000","44820000"
1210010106,"01",1,"9314","4521",3,"8",6,"0003000000","0036000000","0003000000","0036000000","0","0","3000000","36000000"
1210102168,"01",1,"3231","8511",1,"15",3,"0006700000","0072000000","0005072000","0060864000","0000528000","0006336000","5600000","67200000"
1210102168,"02",1,"2320","8021",1,"6",4,"0005000000","0058200000","0003800000","0039232000","0","0005000000","3800000","44232000"
1210102169,"01",1,"2149","2698",3,"8",7,"0005700000","0066348000","0003810000","0038950000","0000480000","0010760000","4290000","49710000"
1210102172,"01",1,"5162","7523",1,"8",7,"0015000000","0168000000","0008000000","0093120000","0004000000","0061000000","12000000","154120000"
1210102172,"02",1,"4190","6421",1,"8",6,"0007000000","0081480000","0005800000","0067512000","0000500000","0012000000","6300000","79512000"
1210102176,"01",1,"1427","7511",3,"8",6,"0005700000","0062400000","0004500000","0051000000","0000500000","0011000000","5000000","62000000"
1210102178,"01",1,"2142","4522",3,"10",7,"0015000000","0171000000","0011000000","0128040000","0002000000","0023000000","13000000","151040000"
1210062158,"01",1,"3435","6512",1,"8",6,"0007000000","0081500000","0004800000","0055872000","0001200000","0014500000","6000000","70372000"
1210074171,"01",1,"9152","6021",3,"8",6,"0005485000","0068545800","0005485000","0062045800","0","0006500000","5485000","68545800"
1210134115,"03",1,"0112","8031",1,"6",7,"0","0","0","0","0","0","0","0"
1210134121,"03",1,"4133","6010",3,"8",6,"0004200000","0054000000","0003870000","0046440000","0","0003600000","3870000","50040000"
1210126059,"02",1,"9211","0140",3,"8",6,"0003000000","0036000000","0003000000","0036000000","0","0","3000000","36000000"
1210126059,"03",1,"9211","0124",3,"10",7,"0003000000","0036000000","0003000000","0036000000","0","0","3000000","36000000"
1210126055,"01",1,"8324","6023",3,"8",6,"0004000000","0048000000","0004000000","0048000000","0","0","4000000","48000000"
1210126059,"04",1,"9211","0124",3,"10",7,"0003000000","0036000000","0003000000","0036000000","0","0","3000000","36000000"
1210038187,"03",1,"7313","3691",3,"10",6,"0003000000","0036000000","0003000000","0036000000","0","0","3000000","36000000"
1210038187,"04",1,"7231","5020",3,"8",6,"0003500000","0042000000","0003500000","0042000000","0","0","3500000","42000000"
1210038191,"01",1,"5220","5522",3,"8",6,"0005500000","0066000000","0005500000","0066000000","0","0","5500000","66000000"
1210038195,"01",1,"4190","8031",3,"8",6,"0006000000","0072000000","0005150000","0061800000","0","0002000000","5150000","63800000"
1210038197,"01",1,"8324","6023",3,"10",6,"0005000000","0060000000","0005000000","0060000000","0","0","5000000","60000000"
1210098056,"01",1,"7326","2698",3,"6",7,"0004500000","0054000000","0003750000","0045000000","0","0002000000","3750000","47000000"
1210010114,"01",1,"8324","6023",3,"8",6,"0005000000","0060000000","0004500000","0054000000","0","0","4500000","54000000"
1210010118,"01",1,"2320","8021",1,"6",6,"0006200000","0077100000","0005900000","0070800000","0","0002700000","5900000","73500000"
1210098061,"01",1,"4190","1726",3,"8",6,"0005500000","0066000000","0004650000","0055800000","0","0002000000","4650000","57800000"
1210098065,"01",1,"5220","5233",3,"10",6,"0006000000","0072000000","0006000000","0072000000","0","0","6000000","72000000"
1210026003,"01",1,"8324","6023",3,"10",6,"0005000000","0060000000","0005000000","0060000000","0","0","5000000","60000000"
1210026014,"01",1,"9314","4521",3,"8",6,"0003800000","0045600000","0003800000","0045600000","0","0","3800000","45600000"
1210078225,"01",1,"7133","4540",3,"10",6,"0005000000","0060000000","0005000000","0060000000","0","0","5000000","60000000"
1210078222,"01",1,"8323","6022",3,"10",6,"0004500000","0054000000","0004500000","0054000000","0","0","4500000","54000000"
1210078217,"01",1,"7233","2710",3,"8",6,"0003650000","0043800000","0003290000","0039480000","0","0002000000","3290000","41480000"
1210078213,"01",1,"5220","5238",3,"10",6,"0006500000","0078000000","0006500000","0078000000","0","0","6500000","78000000"
1210014320,"01",1,"4190","2710",3,"8",6,"0005200000","0066400000","0004700000","0056400000","0","0004000000","4700000","60400000"
1210014322,"01",1,"9333","2710",3,"8",6,"0005700000","0072400000","0005400000","0064800000","0","0004000000","5400000","68800000"
1210014327,"01",1,"7414","1518",3,"8",6,"0006000000","0072000000","0006000000","0072000000","0","0","6000000","72000000"
1210014330,"01",1,"8163","8031",3,"8",6,"0004600000","0059200000","0004100000","0049200000","0","0004000000","4100000","53200000"
1210014332,"01",1,"9311","1310",3,"8",6,"0004600000","0058200000","0004100000","0049200000","0","0003000000","4100000","52200000"
1210086151,"01",1,"3429","4522",3,"8",6,"0004500000","0054000000","0004500000","0054000000","0","0","4500000","54000000"
1210086154,"01",1,"9314","4521",3,"8",6,"0002250000","0028000000","0002250000","0028000000","0","0","2250000","28000000"
1210086157,"01",1,"4190","6023",1,"14",7,"0005830000","0064850000","0004007500","0051328500","0001200000","0004809000","5207500","56137500"
1210086157,"02",1,"4190","8511",1,"8",6,"0004500000","0051900000","0004100000","0048000000","0","0","4100000","48000000"
1210086162,"01",1,"4190","7511",1,"8",6,"0005500000","0062500000","0004000000","0048000000","0001000000","0012000000","5000000","60000000"
1210086165,"01",1,"8322","6022",3,"10",7,"0004500000","0054000000","0004500000","0054000000","0","0","4500000","54000000"
1210058174,"03",1,"4190","7511",2,"7",6,"0005500000","0062400000","0004500000","0049800000","0001000000","0012000000","5500000","61800000"
1210058176,"03",1,"7417","1545",3,"2",3,"0001200000","0012000000","0001200000","0012000000","0","0","1200000","12000000"
1210090190,"02",1,"2411","4100",1,"8",6,"0007125000","0087500000","0005700000","0068400000","0","0002000000","5700000","70400000"
1210090190,"03",1,"1410","7229",3,"12",7,"0001500000","0018000000","0001500000","0018000000","0","0","1500000","18000000"
1210006221,"01",1,"3416","1422",3,"8",6,"0003750000","0045000000","0003500000","0038000000","0","00","3500000","38000000"
1210114156,"01",1,"7126","4521",3,"8",6,"0005500000","0060000000","0005500000","0060000000","0","0","5500000","60000000"
1210114159,"01",1,"3435","2695",3,"8",6,"0004850000","0053000000","0003800000","0045000000","0","0003500000","3800000","48500000"
1210006212,"03",1,"4134","2698",3,"8",6,"0003000000","0036000000","0003000000","0036000000","0","0","3000000","36000000"
1210006212,"04",1,"5220","5238",3,"8",4,"0002500000","0025000000","0002500000","0025000000","0","0","2500000","25000000"
1210114164,"01",1,"7326","2698",3,"8",6,"0003950000","0050000000","0003470000","0041600000","0","0003250000","3470000","44850000"
1210114167,"01",1,"1422","2698",3,"8",6,"0008000000","0096000000","0008000000","0096000000","0","0","8000000","96000000"
1210114167,"03",1,"2149","2698",3,"8",6,"0004500000","0057000000","0004180000","0050000000","0","0003500000","4180000","53500000"
1210114167,"04",1,"2146","2698",3,"8",6,"0007000000","0088000000","0006500000","0078000000","0","0004000000","6500000","82000000"
1210075003,"01",1,"7325","2692",3,"8",6,"0004200000","0054400000","0003750000","0045000000","0","0004000000","3750000","49000000"
1210075003,"03",1,"7325","2692",3,"8",6,"0003800000","0049600000","0003120000","0045440000","0","0004000000","3120000","49440000"
1210075006,"01",1,"7221","2811",3,"8",6,"0002500000","0030000000","0002500000","0030000000","0","0","2500000","30000000"
1210075008,"01",1,"1429","8012",1,"6",6,"0005200000","0066400000","0004800000","0057600000","0","0004000000","4800000","61600000"
1210075012,"01",1,"4190","7530",1,"8",6,"0004800000","0061600000","0004500000","0054000000","0","0004000000","4500000","58000000"
1210075012,"02",1,"3231","8513",3,"8",6,"0003500000","0045000000","0003080000","0036960000","0","0003000000","3080000","39960000"
1210127160,"01",1,"9211","0111",3,"8",4,"0002000000","0024000000","0002000000","0024000000","0","0","2000000","24000000"
1210127166,"01",1,"9211","0111",3,"8",2,"0001000000","0012000000","0001000000","0012000000","0","0","1000000","12000000"
1210083049,"01",1,"9314","4521",3,"8",6,"0003500000","0042000000","0003500000","0042000000","0","0","3500000","42000000"
1210083049,"02",1,"7501","1724",3,"5",6,"0000800000","0009600000","0000800000","0009600000","0","0","800000","9600000"
1210063062,"01",1,"8324","6023",3,"10",6,"0009500000","0114000000","0009500000","0114000000","0","0","9500000","114000000"
1210047178,"01",1,"4134","2710",3,"8",6,"0004000000","0048000000","0003450000","0041400000","0","0002000000","3450000","43400000"
1210047172,"03",1,"2411","5521",3,"8",6,"0004200000","0050400000","0003650000","0043800000","0","0002000000","3650000","45800000"
1210031113,"01",1,"8333","2698",3,"8",6,"0003350000","0040200000","0002800000","0033600000","0","0002000000","2800000","35600000"
1210063058,"01",1,"7241","5020",3,"10",6,"0004500000","0054000000","0004500000","0054000000","0","0","4500000","54000000"
1210063058,"03",1,"5220","5030",3,"10",6,"0007000000","0084000000","0007000000","0084000000","0","0","7000000","84000000"
1210083056,"01",1,"8262","1726",3,"8",6,"0004200000","0050400000","0003650000","0043800000","0","0002000000","3650000","45800000"
1210119194,"02",2,"7436","1721",3,NA,NA,"0","0010000000","0","0010000000","0","0","0","10000000"
1210119196,"01",1,"2461","9194",3,"6",7,"0005000000","0086000000","0005000000","0085000000","0","0001000000","5000000","86000000"
1210119199,"02",1,"7437","1721",3,"6",5,"0001500000","0020000000","0001500000","0020000000","0","0","1500000","20000000"
1210019156,"01",1,"7126","4521",3,"10",7,"0009800000","0085000000","0009800000","0085000000","0","0","9800000","85000000"
1210019158,"01",1,"1100","7511",1,"2",2,"0002500000","0037890000","0002375000","0036000000","0","0","2375000","36000000"
1210019158,"01",1,"2320","8031",1,"5",6,"0009696136","0120375332","0008725010","0100621296","0","0009000000","8725010","109621296"
1210019158,"02",1,"2331","8012",1,"4",6,"0006288997","0078095116","0005577549","0065626228","0","0004000000","5577549","69626228"
1210019162,"03",1,"3435","7498",3,"8",6,"0002500000","0005000000","0002500000","0005000000","0","0","2500000","5000000"
1210023005,"04",1,"8322","8511",3,"8",7,"0005600000","0073100000","0005350000","0066300000","0","0003500000","5350000","69800000"
1210023009,"01",1,"7126","4521",3,"8",6,"0005400000","0060000000","0005400000","0060000000","0","0","5400000","60000000"
1210023015,"03",1,"7233","5020",3,"8",6,"0004000000","0048000000","0004000000","0048000000","0","0","4000000","48000000"
1210023015,"06",2,"9132","5521",3,NA,NA,"0","0002000000","0","0002000000","0","0","0","2000000"
1210023010,"03",1,"9314","4521",3,"8",6,"0000600000","0024000000","0000600000","0024000000","0","0","600000","24000000"
1210031118,"03",1,"9211","0124",3,"8",6,"0003500000","0042000000","0003500000","0042000000","0","0","3500000","42000000"
1210031118,"04",1,"9211","0124",3,"8",6,"0003000000","0036000000","0003000000","0036000000","0","0","3000000","36000000"
1210031123,"01",1,"8261","1711",3,"8",6,"0004400000","0052800000","0003450000","0041400000","0","0002000000","3450000","43400000"
1210067146,"01",1,"7141","4540",3,"8",6,"0001850000","0022200000","0001850000","0022200000","0","0","1850000","22200000"
1210067150,"01",1,"7224","2892",3,"8",6,"0004500000","0054000000","0004500000","0054000000","0","0","4500000","54000000"
1210067152,"01",1,"7141","4540",3,"8",4,"0002000000","0024000000","0002000000","0024000000","0","0","2000000","24000000"
1210067152,"03",1,"3475","9241",3,"8",7,"0001500000","0018000000","0001500000","0018000000","0","0","1500000","18000000"
1210067152,"04",1,"7141","4540",3,"8",2,"0001000000","0012000000","0001000000","0012000000","0","0","1000000","12000000"
1210067156,"04",1,"7141","4540",3,"8",6,"0001800000","0021600000","0001800000","0021600000","0","0","1800000","21600000"
1210067156,"07",1,"7422","4540",3,"8",6,"0001000000","0012000000","0001000000","0012000000","0","0","1000000","12000000"
1210067157,"01",1,"8324","6023",3,"8",6,"0006500000","0078000000","0006500000","0078000000","0","0","6500000","78000000"
1210003006,"01",1,"7326","2698",3,"8",6,"0004210000","0052000000","0003950000","0047000000","0","0002500000","3950000","49500000"
1210003006,"02",1,"2230","8511",3,"8",6,"0004150000","0051000000","0003850000","0046000000","0","0002000000","3850000","48000000"
1210003009,"01",1,"7326","2691",3,"8",6,"0003760000","0046500000","0003400000","0039500000","0","0001750000","3400000","41250000"
1210003012,"01",1,"3416","2611",3,"8",6,"0003850000","0047150000","0003400000","0039500000","0","0001500000","3400000","41000000"
1210015001,"01",1,"5220","5222",3,"10",6,"0004750000","0061000000","0004375000","0052500000","0","0004000000","4375000","56500000"
1210015008,"01",1,"8324","1310",3,"8",6,"0005900000","0076800000","0005298000","0063576000","0","0006000000","5298000","69576000"
1210015011,"01",1,"8323","6022",3,"8",7,"0008000000","0096000000","0008000000","0096000000","0","0","8000000","96000000"
1210015013,"01",1,"7231","5020",3,"8",6,"0001500000","0018000000","0001500000","0018000000","0","0","1500000","18000000"
1210083055,"01",1,"4190","8031",1,"8",6,"0004500000","0054000000","0004070000","0048840000","0","0002000000","4070000","50840000"
1210015013,"03",1,"7126","4521",3,"8",6,"0002400000","0028800000","0002400000","0028800000","0","0","2400000","28800000"
1210015013,"04",1,"7221","2811",3,"8",6,"0002000000","0024000000","0002000000","0024000000","0","0","2000000","24000000"
1210063065,"01",1,"4212","6512",1,"8",6,"0007000000","0084000000","0006020000","0072240000","0","0002000000","6020000","74240000"
1210083051,"01",1,"8261","1711",3,"8",6,"0003850000","0046200000","0003300000","0039600000","0","0002000000","3300000","41600000"
1210083061,"01",1,"7418","1542",3,"10",6,"0004700000","0056400000","0004700000","0056400000","0","0","4700000","56400000"
1210047171,"03",1,"0112","7522",1,"8",6,"0003800000","0045600000","0003470000","0041640000","0","0002000000","3470000","43640000"
1210007156,"01",1,"0112","7522",1,"8",6,"0006800000","0085000000","0006200000","0074000000","0","0004000000","6200000","78000000"
1210007153,"01",1,"2351","8012",1,"6",6,"0006710000","0083000000","0006100000","0073000000","0","0003000000","6100000","76000000"
1210027009,"01",1,"7218","2899",3,"10",6,"0003500000","0042000000","0003500000","0042000000","0","0","3500000","42000000"
1210027011,"01",1,"8262","1726",3,"8",6,"0003800000","0045600000","0003220000","0038640000","0","0002000000","3220000","40640000"
1210027015,"01",1,"7233","6021",1,"8",6,"0004550000","0054600000","0004280000","0051360000","0","0002000000","4280000","53360000"
1210007157,"01",1,"4190","7513",1,"8",5,"0011050000","0132000000","0009510000","0111000000","0000350000","0005000000","9860000","116000000"
1210051104,"01",1,"5220","5238",3,"7",6,"0004500000","0054000000","0004500000","0054000000","0","0","4500000","54000000"
1210051107,"03",1,"2320","8022",1,"7",6,"0003500000","0042500000","0003100000","0035200000","0","0003000000","3100000","38200000"
1210059008,"01",1,"7438","1711",3,"8",6,"0005300000","0062400000","0004500000","0052800000","0","0005000000","4500000","57800000"
1210059013,"01",1,"3435","1711",3,"8",6,"0004900000","0056400000","0004100000","0046800000","0000400000","0009000000","4500000","55800000"
1210099148,"01",1,"2490","6421",3,"8",6,"0005800000","0073600000","0005240000","0062880000","0","0004000000","5240000","66880000"
1210099148,"02",1,"4190","8031",1,"8",6,"0004500000","0056700000","0003980000","0047760000","0","0002700000","3980000","50460000"
1210099153,"01",1,"4190","7512",1,"8",6,"0004800000","0060600000","0004280000","0051360000","0","0003000000","4280000","54360000"
1210099154,"01",1,"4190","7511",1,"8",6,"0005200000","0066400000","0004750000","0057000000","0","0004000000","4750000","61000000"
1210099158,"01",1,"8112","7513",3,"8",6,"0004500000","0054000000","0004100000","0049200000","0","0","4100000","49200000"
1210111054,"01",1,"7126","4521",3,"8",6,"0003500000","0032000000","0003500000","0032000000","0","0","3500000","32000000"
1210043059,"01",1,"2461","9194",3,"6",5,"0001700000","0020400000","0001700000","0020400000","0","0","1700000","20400000"
1210043059,"03",1,"2221","8511",1,"8",6,"0006000000","0072000000","0005475000","0065700000","0","0002000000","5475000","67700000"
1210043059,"04",1,"2142","3610",3,"8",6,"0002800000","0033600000","0002300000","0027600000","0","0002000000","2300000","29600000"
1210043067,"03",1,"5220","5232",3,"10",6,"0006000000","0072000000","0006000000","0072000000","0","0","6000000","72000000"
1210051098,"01",1,"7222","2899",3,"8",6,"0004000000","0049000000","0003500000","0040000000","0","0003100000","3500000","43100000"
1210099146,"01",1,"0112","7522",1,"8",6,"0005700000","0072400000","0005180000","0062160000","0","0004000000","5180000","66160000"
1210111056,"02",1,"7501","1724",3,"5",6,"0000500000","0005000000","0000500000","0005000000","0","0","500000","5000000"
1210111056,"03",1,"7326","2698",3,"8",6,"0003810000","0045000000","0003520000","0041000000","0","0002000000","3520000","43000000"
1210111056,"04",1,"7501","1724",3,"6",6,"0000500000","0005000000","0000500000","0005000000","0","0","500000","5000000"
1210059010,"02",1,"2320","8021",1,"6",4,"0004500000","0052800000","0003800000","0044400000","0","0003000000","3800000","47400000"
1210063060,"01",1,"0112","7522",1,"8",7,"0004800000","0057600000","0004420000","0053040000","0","0002000000","4420000","55040000"
1210063069,"01",1,"4212","6512",1,"8",7,"0005500000","0066000000","0004950000","0059400000","0","0002000000","4950000","61400000"
1210079171,"03",1,"8232","2520",3,"8",6,"0002000000","0006000000","0002000000","0006000000","0","0","2000000","6000000"
1210103150,"03",1,"7135","5234",3,"9",6,"0002500000","0030000000","0002500000","0030000000","0","0","2500000","30000000"
1210111060,"01",1,"7124","2022",3,"8",6,"0003500000","0037000000","0003500000","0037000000","0","0","3500000","37000000"
1210131163,"03",1,"3475","8021",1,"6",6,"0004200000","0053100000","0003760000","0045120000","0","0002700000","3760000","47820000"
1210131166,"01",1,"9311","1310",3,"8",6,"0005600000","0064200000","0004980000","0059760000","0","0004000000","4980000","63760000"
1210131169,"01",1,"9311","1310",3,"8",6,"0004200000","0054400000","0003750000","0045000000","0","0004000000","3750000","49000000"
1210091190,"05",1,"4190","7514",1,"8",6,"0005100000","0058600000","0004620000","0055440000","0","0002700000","4620000","58140000"
1210091197,"01",1,"2221","8513",1,"7",6,"0006950000","0084300000","0006500000","0077400000","0","0001500000","6500000","78900000"
1210091197,"02",1,"2230","8511",1,"7",7,"0005950000","0072300000","0005500000","0065400000","0","0001500000","5500000","66900000"
1210091192,"01",1,"7241","4532",3,"6",2,"0001600000","0019200000","0001600000","0019200000","0","0","1600000","19200000"
1210131160,"03",1,"9314","4521",3,"8",6,"0003500000","0031500000","0003500000","0031500000","0","0","3500000","31500000"
1210095113,"01",1,"7313","3691",3,"10",6,"0008000000","0096000000","0008000000","0096000000","0","0","8000000","96000000"
1210095113,"02",1,"2331","8012",1,"8",6,"0004700000","0056400000","0004200000","0050400000","0","0002000000","4200000","52400000"
1210095118,"01",1,"7133","4540",3,"10",7,"0006000000","0072000000","0006000000","0072000000","0","0","6000000","72000000"
1210103151,"02",1,"3475","9241",3,"4",4,"0000800000","0009600000","0000800000","0009600000","0","0","800000","9600000"
1210035006,"01",2,"5220","5238",3,NA,NA,"0","0036000000","0","0036000000","0","0","0","36000000"
1210055101,"01",1,"7326","2698",3,"8",7,"0004500000","0054000000","0003950000","0047400000","0","0002000000","3950000","49400000"
1210055105,"01",1,"8322","6023",3,"10",6,"0004500000","0054000000","0004500000","0054000000","0","0","4500000","54000000"
1210107154,"02",2,"4190","5010",3,NA,NA,"0","0016000000","0","0016000000","0","0","0","16000000"
1210123206,"01",1,"7126","4521",3,"8",6,"0004500000","0050000000","0004500000","0050000000","0","0","4500000","50000000"
1210035008,"01",1,"8159","2412",3,"8",6,"0003000000","0036000000","0003000000","0036000000","0","0","3000000","36000000"
1210035013,"03",1,"3221","8511",1,"8",7,"0004700000","0055500000","0004000000","0048000000","0000500000","0006000000","4500000","54000000"
1210039001,"01",1,"8322","6022",3,"8",6,"0004500000","0054000000","0004500000","0054000000","0","0","4500000","54000000"
1210039004,"01",1,"2320","8031",1,"8",6,"0007500000","0090000000","0006700000","0080400000","0","0002000000","6700000","82400000"
1210039004,"02",1,"2351","8532",3,"4",6,"0000400000","0004800000","0000400000","0004800000","0","0","400000","4800000"
1210107152,"01",1,"8323","6022",3,"10",7,"0011000000","0120000000","0008000000","0096000000","0","0","8000000","96000000"
1210107157,"01",1,"2320","8021",1,"6",6,"0007980000","0092760000","0003900000","0054000000","0000400000","0007300000","4300000","61300000"
1210123203,"01",1,"2230","8511",1,"8",6,"0004210000","0051000000","0003700000","0044000000","0","0002500000","3700000","46500000"
1210135105,"01",1,"8324","6023",3,"10",5,"0006000000","0072000000","0006000000","0072000000","0","0","6000000","72000000"
1210135112,"01",1,"4221","6303",3,"10",7,"0008000000","0096000000","0008000000","0096000000","0","0","8000000","96000000"
1210107165,"01",1,"1428","7498",3,"5",6,"0003000000","0036000000","0003000000","0036000000","0","0","3000000","36000000"
1210107165,"01",1,"2320","8021",1,"7",4,"0006000000","0071400000","0005200000","0061800000","0","0003000000","5200000","64800000"
1210135112,"03",1,"4221","6303",3,"8",7,"0004500000","0058000000","0004150000","0049800000","0","0004000000","4150000","53800000"
1210135112,"04",1,"4221","6303",3,"8",7,"0004500000","0058000000","0004150000","0049800000","0","0004000000","4150000","53800000"
1210135114,"01",1,"7126","4521",3,"8",6,"0003400000","0040800000","0003400000","0040800000","0","0","3400000","40800000"
1210027006,"01",1,"9314","4521",3,"8",6,"0004000000","0048000000","0004000000","0048000000","0","0","4000000","48000000"
1210027006,"03",1,"9314","4521",3,"8",6,"0003000000","0036000000","0003000000","0036000000","0","0","3000000","36000000"
1210071213,"01",1,"8124","3130",3,"8",6,"0007487500","0093867625","0007300833","0085951597","0","0005400000","7300833","91351597"
1210035012,"01",1,"5169","5141",1,"8",7,"0008000000","0094500000","0007000000","0081000000","0000800000","0011800000","7800000","92800000"
1210079157,"01",1,"8332","2698",3,"8",7,"0005096800","0055407600","0004134440","0049577328","0000700000","0005600000","4834440","55177328"
1210079163,"01",1,"8261","1711",3,"8",6,"0004700000","0053400000","0003496000","0041952000","0000304000","0007000000","3800000","48952000"
1210087067,"01",1,"5220","5238",3,"9",6,"0003000000","0036000000","0003000000","0036000000","0","0","3000000","36000000"
1210079163,"04",1,"9314","4540",3,"8",3,"0001200000","0014400000","0001200000","0014400000","0","0","1200000","14400000"
1210087056,"01",1,"7126","4521",3,"8",6,"0003200000","0038400000","0003200000","0038400000","0","0","3200000","38400000"
1210087056,"04",1,"8324","6023",3,"8",6,"0005000000","0050000000","0005000000","0050000000","0","0","5000000","50000000"
1210087056,"05",1,"9314","4521",3,"8",6,"0001800000","0021600000","0001800000","0021600000","0","0","1800000","21600000"
1210087056,"06",1,"7327","2611",3,"8",6,"0003800000","0045600000","0003200000","0038400000","0","0003000000","3200000","41400000"
1210115160,"01",1,"7224","2698",3,"8",6,"0004870000","0062000000","0004500000","0053000000","0","0003000000","4500000","56000000"
1210115163,"01",1,"9152","1520",3,"8",7,"0005650000","0069000000","0005250000","0061000000","0","0002500000","5250000","63500000"
1210087060,"04",1,"7231","5020",3,"8",6,"0002000000","0024000000","0002000000","0024000000","0","0","2000000","24000000"
1210087060,"05",1,"7417","1544",3,"8",6,"0003950000","0051400000","0003620000","0043440000","0","0004000000","3620000","47440000"
1210115173,"01",1,"1427","6512",1,"8",6,"0008650000","0105000000","0007680000","0092000000","0000500000","0005000000","8180000","97000000"
1210115173,"02",1,"2310","8032",1,"6",2,"0000800000","0015000000","0000800000","0015000000","0","0","800000","15000000"
1210024158,"01",1,"9152","1410",3,"8",7,"0004820000","0062040000","0004673333","0056079996","0","0004000000","4673333","60079996"
1210024158,"03",1,"7221","2811",3,"8",6,"0004000000","0048000000","0004000000","0048000000","0","0","4000000","48000000"
1210068002,"01",1,"5220","5010",3,"10",6,"0004000000","0048000000","0004000000","0048000000","0","0","4000000","48000000"
1210068004,"03",1,"7126","4521",3,"10",6,"0004500000","0054000000","0004500000","0054000000","0","0","4500000","54000000"
1210068012,"01",1,"7141","4540",3,"10",6,"0004500000","0054000000","0004500000","0054000000","0","0","4500000","54000000"
1210068013,"01",1,"8324","6023",3,"10",6,"0005000000","0060000000","0005000000","0060000000","0","0","5000000","60000000"
1210068013,"03",1,"7132","4540",3,"8",6,"0003500000","0042000000","0003500000","0042000000","0","0","3500000","42000000"
1210080110,"01",1,"7126","4521",3,"10",6,"0007500000","0090000000","0007500000","0090000000","0","0","7500000","90000000"
1210080110,"04",1,"0112","7522",1,"8",6,"0000500000","0006000000","0000500000","0006000000","0","0","500000","6000000"
1210020093,"01",1,"7126","4521",3,"8",6,"0005250000","0015000000","0005250000","0015000000","0","0","5250000","15000000"
1210020093,"02",1,"7241","3190",3,"8",6,"0003030000","0040360000","0002888600","0034663200","0","0004000000","2888600","38663200"
1210020098,"01",1,"7126","4521",3,"10",6,"0005500000","0081000000","0005500000","0066000000","0","0015000000","5500000","81000000"
1210020101,"01",1,"3435","8511",1,"8",6,"0007221505","0097458060","0006767717","0081212604","0","0010800000","6767717","92012604"
1210020102,"01",1,"2142","4522",3,"10",6,"0009000000","0113000000","0008858600","0106303200","0","0005000000","8858600","111303200"
1210112248,"03",1,"4134","2698",3,"8",6,"0004250000","0053000000","0003810000","0045000000","0","0002500000","3810000","47500000"
1210112255,"01",1,"6113","0112",1,"8",6,"0003950000","0049000000","0003515000","0042000000","0","0002800000","3515000","44800000"
1210112255,"02",1,"3231","8511",1,"8",6,"0004150000","0051000000","0003617000","0043000000","0","0002950000","3617000","45950000"
1210004110,"01",1,"7133","4540",3,"8",6,"0004500000","0050000000","0004500000","0050000000","0","0","4500000","50000000"
1210004119,"01",1,"7126","4521",3,"8",4,"0006800000","0055000000","0006800000","0055000000","0","0","6800000","55000000"
1210004119,"04",1,"7124","2022",3,"8",6,"0003000000","0016000000","0003000000","0016000000","0","0","3000000","16000000"
1210004114,"01",1,"3114","2511",3,"8",6,"0004870000","0062000000","0004500000","0054000000","0","0003000000","4500000","57000000"
1210020105,"01",1,"9152","2921",3,"12",7,"0005017469","0066209628","0004748296","0056979552","0","0006000000","4748296","62979552"
1210028118,"01",1,"7141","4540",3,"8",6,"0002500000","0030000000","0002500000","0030000000","0","0","2500000","30000000"
1210028121,"01",1,"5220","5238",3,"8",6,"0001000000","0012000000","0001000000","0012000000","0","0","1000000","12000000"
1210032155,"03",1,"7141","4540",3,"10",6,"0004000000","0048000000","0004000000","0048000000","0","0","4000000","48000000"
1210032157,"01",1,"7422","3610",3,"10",6,"0005000000","0060000000","0005000000","0060000000","0","0","5000000","60000000"
1210032165,"01",1,"1422","4522",3,"8",6,"0006500000","0078000000","0005750000","0069000000","0","0002000000","5750000","71000000"
1210044110,"01",1,"7126","4521",3,"8",6,"0004100000","0049200000","0004100000","0049200000","0","0","4100000","49200000"
1210044116,"01",1,"8322","6022",3,"8",6,"0004000000","0048000000","0004000000","0048000000","0","0","4000000","48000000"
1210044118,"01",1,"7136","4531",3,"8",6,"0003100000","0037200000","0003100000","0037200000","0","0","3100000","37200000"
1210024152,"02",2,"7414","1518",3,NA,NA,"0","0015600000","0","0014872000","0","0","0","14872000"
1210044118,"02",1,"2331","8012",3,"6",6,"0004600000","0061200000","0004270000","0051240000","0","0004000000","4270000","55240000"
1210048121,"03",1,"9314","4521",3,"8",6,"0003000000","0036000000","0003000000","0036000000","0","0","3000000","36000000"
1210048123,"01",1,"5220","5240",3,"10",6,"0003800000","0045600000","0003800000","0045600000","0","0","3800000","45600000"
1210048125,"01",1,"4190","6022",1,"8",6,"0004000000","0048000000","0003450000","0041400000","0","0002000000","3450000","43400000"
1210080105,"01",1,"7221","2811",3,"10",6,"0007000000","0084000000","0007000000","0084000000","0","0","7000000","84000000"
1210080105,"03",1,"5141","9302",3,"10",6,"0003000000","0036000000","0003000000","0036000000","0","0","3000000","36000000"
1210080105,"05",1,"5141","9302",3,"10",6,"0006000000","0072000000","0006000000","0072000000","0","0","6000000","72000000"
1210080115,"03",1,"7241","4010",3,"8",6,"0003400000","0040800000","0003050000","0036600000","0","0002000000","3050000","38600000"
1210116229,"04",1,"9314","4521",3,"8",6,"0003900000","0038000000","0003900000","0038000000","0","0","3900000","38000000"
1210116234,"02",1,"7501","1724",3,"7",6,"0000450000","0004000000","0000450000","0004000000","0","0","450000","4000000"
1210116234,"05",1,"7501","1724",3,"7",6,"0000400000","0003500000","0000400000","0003500000","0","0","400000","3500000"
1210108103,"01",1,"2331","8012",1,"6",6,"0008210000","0099500000","0007560000","0089500000","0000080000","0004000000","7640000","93500000"
1210108103,"02",1,"2320","8021",1,"6",5,"0005780000","0073000000","0005450000","0065000000","0","0003500000","5450000","68500000"
1210108103,"03",1,"0112","7522",1,"8",6,"0000450000","0005400000","0000450000","0005400000","0","0","450000","5400000"
1210116223,"01",1,"7326","2698",3,"8",6,"0004550000","0058500000","0004210000","0049000000","0000110000","0004500000","4320000","53500000"
1210056104,"01",1,"6113","2698",3,"8",6,"0004100800","0049209600","0003951467","0047417604","0","0","3951467","47417604"
1210056109,"01",1,"7411","1515",3,"8",6,"0011200000","0057400000","0004036667","0048440004","0007000000","0007000000","11036667","55440004"
1210056109,"03",1,"3222","8031",1,"8",6,"0008417000","0066024000","0004907667","0058892004","0003180000","0003180000","8087667","62072004"
1210056109,"04",1,"7231","5020",3,"8",6,"0005000000","0049000000","0003850667","0046208004","0001000000","0001000000","4850667","47208004"
1210056109,"05",1,"7241","5020",3,"8",6,"0004000000","0026000000","0001906667","0022880004","0002000000","0002000000","3906667","24880004"
1210056117,"01",1,"9314","4521",3,"8",6,"0001300000","0015600000","0001300000","0015600000","0","0","1300000","15600000"
1210132055,"01",1,"1410","5219",2,"8",6,"0005800000","0073000000","0005370000","0064440000","0","0003400000","5370000","67840000"
1210132061,"01",1,"1429","8022",1,"8",6,"0005800000","0073600000","0005370000","0064440000","0","0004000000","5370000","68440000"
1210132065,"01",1,"1410","4522",3,"8",6,"0007500000","0100000000","0007130000","0085560000","0","0010000000","7130000","95560000"
1210132065,"02",1,"3222","8513",3,"8",6,"0004100000","0052200000","0003820000","0045840000","0","0003000000","3820000","48840000"
1210008060,"01",1,"7132","4540",3,"8",6,"0015000000","0055000000","0015000000","0055000000","0","0","15000000","55000000"
1210008061,"01",1,"3435","6512",1,"8",6,"0008000000","0100000000","0007200000","0086000000","0000250000","0006000000","7450000","92000000"
1210008066,"02",1,"4121","7512",1,"8",6,"0004200000","0053500000","0003850000","0046500000","0000180000","0003650000","4030000","50150000"
1210008066,"03",1,"9152","2899",3,"8",6,"0004210000","0053000000","0003910000","0047000000","0000150000","0003500000","4060000","50500000"
1210120056,"01",1,"8324","6023",3,"10",7,"0003500000","0042000000","0003500000","0042000000","0","0","3500000","42000000"
1210120058,"03",1,"8324","6023",3,"12",7,"0004000000","0048000000","0004000000","0048000000","0","0","4000000","48000000"
1210040147,"03",1,"7221","2811",3,"10",6,"0003500000","0042000000","0003500000","0042000000","0","0","3500000","42000000"
1210040150,"01",1,"7437","1721",3,"10",6,"0005000000","0060000000","0005000000","0060000000","0","0","5000000","60000000"
1210040150,"03",1,"7437","1721",3,"10",6,"0003000000","0036000000","0003000000","0036000000","0","0","3000000","36000000"
1210056107,"01",1,"5220","5219",2,"8",6,"0003000000","0036000000","0003000000","0036000000","0","0","3000000","36000000"
1210080111,"01",1,"9152","1721",3,"8",6,"0004200000","0050400000","0003870000","0046440000","0","0002000000","3870000","48440000"
1210080111,"03",1,"1410","7512",1,"8",6,"0005500000","0066000000","0004950000","0059400000","0","0002000000","4950000","61400000"
1210092143,"01",1,"8322","8031",3,"12",6,"0007500000","0090000000","0004460000","0053520000","0001700000","0027050000","6160000","80570000"
1210092146,"01",1,"2111","7513",1,"8",5,"0007000000","0084000000","0006150000","0073800000","0","0003180000","6150000","76980000"
1210124099,"01",1,"7433","1810",3,"10",7,"0003430000","0041160000","0003276667","0039320004","0","0","3276667","39320004"
1210124110,"01",1,"4134","7512",1,"8",6,"0009240724","0113888688","0008404348","0100852176","0","0003000000","8404348","103852176"
1210040153,"01",1,"5220","6021",3,"8",6,"0001800000","0021600000","0001800000","0021600000","0","0","1800000","21600000"
1210040153,"03",1,"7137","4532",3,"8",6,"0001500000","0018000000","0001500000","0018000000","0","0","1500000","18000000"
1210040154,"01",1,"8322","6023",3,"8",6,"0004500000","0054000000","0004500000","0054000000","0","0","4500000","54000000"
1210104195,"01",1,"2142","4521",3,"9",7,"0011000000","0130000000","0009000000","0106000000","0","0010000000","9000000","116000000"
1210104197,"01",1,"8123","2710",1,"8",7,"0006400000","0072528000","0005000000","0060000000","0000800000","0012000000","5800000","72000000"
1210104197,"02",1,"2230","8511",3,"7",7,"0003100000","0037200000","0002850000","0034200000","0","0003000000","2850000","37200000"
1210104200,"01",1,"5169","2710",1,"8",7,"0006250000","0075000000","0004950000","0059100000","0000800000","0011000000","5750000","70100000"
1210012102,"03",1,"8123","2710",3,"8",6,"0004500000","0060000000","0004170000","0050040000","0","0006000000","4170000","56040000"
1210012104,"01",1,"2320","8021",1,"6",6,"0005900000","0074300000","0005620000","0067440000","0","0003500000","5620000","70940000"
1210012104,"02",1,"2331","8012",1,"6",6,"0004750000","0061000000","0004550000","0054600000","0","0004000000","4550000","58600000"
1210016004,"01",1,"8312","6010",3,"8",6,"0004100000","0052700000","0003875000","0046500000","0","0003500000","3875000","50000000"
1210128341,"01",1,"8324","6023",3,"8",6,"0005000000","0060000000","0005000000","0060000000","0","0","5000000","60000000"
1210128348,"01",1,"7126","4521",3,"8",6,"0003450000","0037950000","0003450000","0037950000","0","0","3450000","37950000"
1210016002,"03",1,"8324","6023",3,"8",6,"0002500000","0030000000","0","0","0002500000","0030000000","2500000","30000000"
1210016002,"04",1,"7221","2811",3,"8",6,"0001200000","0014400000","0","0","0001200000","0014400000","1200000","14400000"
1210016009,"01",1,"2320","8021",1,"6",6,"0004900000","0062200000","0004675000","0056100000","0","0003400000","4675000","59500000"
1210036006,"01",1,"5220","5222",3,"10",7,"0004500000","0054000000","0004200000","0050400000","0","0003000000","4200000","53400000"
1210052162,"04",1,"2331","8012",1,"5",6,"0004000000","0048000000","0003600000","0043200000","0","0004000000","3600000","47200000"
1210052165,"01",1,"4211","6512",1,"8",6,"0007000000","0083850000","0006000000","0072000000","0","0003500000","6000000","75500000"
1210052166,"01",1,"7327","2612",3,"8",7,"0005000000","0060000000","0003800000","0045600000","0001000000","0014400000","4800000","60000000"
1210052166,"02",1,"5220","5231",3,"6",7,"0003200000","0041208000","0003050000","0036600000","0","0003000000","3050000","39600000"
1210072060,"03",1,"7123","4521",3,"8",6,"0002500000","0030000000","0002500000","0030000000","0","0","2500000","30000000"
1210072060,"04",1,"7133","4540",3,"8",6,"0003500000","0042000000","0003500000","0042000000","0","0","3500000","42000000"
1210072063,"01",1,"6113","8031",3,"8",6,"0004000000","0047760000","0003700000","0044140000","0","0001000000","3700000","45140000"
1210052171,"02",1,"3435","6512",1,"8",6,"0004900000","0058800000","0003800000","0045600000","0000700000","0010000000","4500000","55600000"
1210060056,"01",1,"4190","2927",1,"6",7,"0006500000","0078000000","0006020000","0072240000","0","0002000000","6020000","74240000"
1210060056,"02",1,"1429","8021",1,"6",7,"0006000000","0072000000","0005650000","0067800000","0","0002000000","5650000","69800000"
1210060067,"01",1,"4190","6421",1,"8",6,"0006000000","0072000000","0005100000","0061200000","0","0002000000","5100000","63200000"
1210076187,"01",1,"7132","4540",3,"8",6,"0005000000","0060000000","0005000000","0060000000","0","0","5000000","60000000"
1210076190,"03",1,"4115","5010",3,"8",6,"0003000000","0006000000","0003000000","0006000000","0","0","3000000","6000000"
1210076191,"03",1,"1422","3120",3,"8",6,"0003945740","0047348880","0003600000","0043200000","0","0003300000","3600000","46500000"
1210076199,"03",2,"5220","5238",3,NA,NA,"0","0012000000","0","0012000000","0","0","0","12000000"
1210084055,"01",1,"7132","4540",3,"8",6,"0003500000","0042000000","0003500000","0042000000","0","0","3500000","42000000"
1210084061,"01",1,"7212","3190",3,"8",6,"0004900000","0058800000","0003500000","0042000000","0001000000","0015600000","4500000","57600000"
1210088003,"01",1,"8290","2520",3,"8",6,"0004500000","0054000000","0003725000","0044700000","0","0002000000","3725000","46700000"
1210088008,"01",1,"2411","2698",3,"8",6,"0004800000","0057600000","0004050000","0048600000","0","0002000000","4050000","50600000"
1210096068,"02",1,"5220","5221",3,"8",6,"0004000000","0032000000","0004000000","0032000000","0","0","4000000","32000000"
1210064013,"01",1,"9314","4521",3,"10",6,"0003500000","0042000000","0003500000","0042000000","0","0","3500000","42000000"
1210064005,"01",1,"2230","8511",1,"8",6,"0005500000","0066000000","0004725000","0056700000","0","0002000000","4725000","58700000"
1210064008,"01",1,"7126","4521",3,"8",6,"0006000000","0072000000","0006000000","0072000000","0","0","6000000","72000000"
1210084064,"01",1,"7221","4522",3,"9",7,"0007000000","0084000000","0007000000","0084000000","0","0","7000000","84000000"
1210100241,"01",1,"2114","7422",1,"8",6,"0006000000","0072000000","0004950000","0059400000","0","0002000000","4950000","61400000"
1210100249,"04",1,"4121","2698",3,"8",6,"0004000000","0048000000","0003350000","0040200000","0","0002000000","3350000","42200000"
1210100250,"01",1,"2213","7513",1,"8",6,"0007000000","0084000000","0005900000","0070800000","0","0002000000","5900000","72800000"
1220093217,"01",1,"8340","0501",3,"10",6,"0001000000","0012000000","0001000000","0012000000","0","0","1000000","12000000"
1220021107,"01",1,"5162","7523",1,"5",7,"0004928000","0062936000","0004500000","0054000000","0","0003800000","4500000","57800000"
1220021115,"01",1,"3422","6301",3,"8",6,"0005130000","0066060000","0004500000","0054000000","0","0004500000","4500000","58500000"
1220065008,"05",1,"9314","4521",3,"7",6,"0001500000","0010000000","0001500000","0010000000","0","0","1500000","10000000"
1220009005,"01",1,"0111","7522",1,"6",7,"0004928000","0062936000","0004500000","0054000000","0","0003800000","4500000","57800000"
1220061110,"01",1,"9152","6301",3,"10",7,"0007567000","0094804000","0004700000","0056400000","0","0004000000","4700000","60400000"
1220065013,"01",1,"6113","2722",1,"6",5,"0005523000","0070276000","0005000000","0060000000","0","0004000000","5000000","64000000"
1220065013,"04",1,"9314","4521",3,"8",6,"0002000000","0020000000","0002000000","0020000000","0","0","2000000","20000000"
1220009015,"01",1,"4222","8511",1,"10",7,"0005047000","0063564000","0004600000","0055200000","0","0003000000","4600000","58200000"
1220001050,"01",1,"3142","7523",1,"10",6,"0005518000","0069216000","0004901580","0058818960","0","0003000000","4901580","61818960"
1220049123,"01",1,"8324","6023",3,"12",6,"0007000000","0088000000","0006198330","0074379960","0","0004000000","6198330","78379960"
1220097327,"01",1,"9160","7511",3,"8",7,"0003000000","0039000000","0002785000","0033420000","0","0003000000","2785000","36420000"
1220097324,"01",1,"7126","4521",3,"8",6,"0001400000","0017400000","0001400000","0016800000","0","0000600000","1400000","17400000"
1220105174,"01",1,"9314","4521",3,"8",5,"0001800000","0019800000","0001800000","0019800000","0","0","1800000","19800000"
1220105175,"01",1,"8322","6022",3,"11",6,"0002700000","0032000000","0002700000","0032000000","0","0","2700000","32000000"
1220105175,"06",1,"9314","4521",3,"8",3,"0001200000","0014000000","0001200000","0014000000","0","0","1200000","14000000"
1220069051,"03",1,"2122","6301",3,"10",6,"0004386666","0056639992","0003962622","0047551464","0","0004000000","3962622","51551464"
1220005149,"01",1,"9314","4521",1,"8",7,"0004728000","0059736000","0004466560","0053358720","0","0","4466560","53358720"
1220005152,"01",1,"8322","6022",3,"9",7,"0003000000","0036000000","0003000000","0036000000","0","0","3000000","36000000"
1220089055,"01",1,"8322","6023",3,"8",6,"0001500000","0018000000","0001500000","0018000000","0","0","1500000","18000000"
1220049118,"08",1,"0112","7522",1,"8",6,"0000300000","0003600000","0000300000","0003600000","0","0","300000","3600000"
1220025068,"01",1,"2221","7530",1,"7",6,"0007500000","0093000000","0007395000","0088740000","0","0003000000","7395000","91740000"
1220025057,"01",1,"3435","4010",1,"8",7,"0005200000","0062400000","0003140000","0037680000","0","0003000000","3140000","40680000"
1220025060,"01",1,"3422","7511",3,"10",7,"0006000000","0072000000","0006000000","0072000000","0","0","6000000","72000000"
1220025066,"02",1,"2411","7511",1,"8",5,"0007100000","0088200000","0006478667","0077744004","0","0003000000","6478667","80744004"
1220025061,"01",1,"2221","1110",1,"8",6,"0007500000","0093000000","0007395000","0088740000","0","0003000000","7395000","91740000"
1220041206,"01",1,"2310","8031",1,"10",7,"0007500000","0093000000","0007395000","0088740000","0","0003000000","7395000","91740000"
1220041193,"02",1,"7137","4532",3,"8",6,"0004700000","0056400000","0004700000","0056400000","0","0","4700000","56400000"
1220041193,"03",1,"7137","4532",3,"8",6,"0004700000","0056400000","0004700000","0056400000","0","0","4700000","56400000"
1220073055,"01",1,"5162","7523",1,"8",6,"0004923000","0062576000","0004419630","0053035560","0","0003000000","4419630","56035560"
1220073059,"01",1,"5162","7523",1,"8",6,"0004923000","0062576000","0004419630","0053035560","0","0003000000","4419630","56035560"
1220073062,"01",1,"5162","7523",1,"8",6,"0004360000","0055320000","0003927600","0047131200","0","0003000000","3927600","50131200"
1220073063,"01",1,"5162","7523",1,"8",6,"0004469000","0056628000","0004051890","0048622680","0","0003000000","4051890","51622680"
1220073067,"01",1,"5162","7523",1,"8",6,"0004578000","0057936000","0004137980","0049655760","0","0003000000","4137980","52655760"
1220005155,"01",1,"5220","5222",3,"12",7,"0002000000","0024000000","0002000000","0024000000","0","0","2000000","24000000"
1220005157,"01",1,"8324","6023",3,"10",6,"0004710000","0056520000","0004490200","0053882400","0","0","4490200","53882400"
1220109341,"01",1,"8322","6022",3,"8",7,"0001700000","0020400000","0001700000","0020400000","0","0","1700000","20400000"
1220109345,"01",1,"5220","5234",3,"8",6,"0002400000","0028800000","0002400000","0028800000","0","0","2400000","28800000"
1220077102,"01",1,"5220","5234",3,"13",7,"0004850000","0058200000","0004850000","0058200000","0","0","4850000","58200000"
1220077093,"01",1,"9131","5521",3,"11",7,"0004500000","0058500000","0004500000","0054000000","0","0004500000","4500000","58500000"
1220077096,"01",1,"7123","4521",3,"12",6,"0005300000","0063600000","0005300000","0063600000","0","0","5300000","63600000"
1220061113,"01",1,"3422","6301",3,"8",6,"0007245000","0089940000","0004500000","0054000000","0","0003000000","4500000","57000000"
1220053009,"01",1,"0111","7522",1,"8",6,"0004500000","0054000000","0003800000","0030000000","0","0018600000","3800000","48600000"
1220053001,"01",1,"9314","6301",3,"12",7,"0002800000","0035800000","0002800000","0033600000","0","0001000000","2800000","34600000"
1220053011,"01",1,"3431","7512",1,"8",6,"0005900000","0070800000","0005400000","0064800000","0","0003000000","5400000","67800000"
1220053013,"02",1,"4222","8511",1,"8",7,"0003000000","0036000000","0002500000","0033000000","0","0003000000","2500000","36000000"
1220061119,"01",1,"6113","6301",3,"8",6,"0012880000","0157560000","0008000000","0096000000","0","0003000000","8000000","99000000"
1220029003,"01",1,"5162","7523",1,"7",6,"0006708000","0083496000","0005866280","0070395360","0","0003000000","5866280","73395360"
1220029010,"01",1,"9160","7511",1,"8",7,"0005301333","0066615996","0004955805","0059469660","0","0003000000","4955805","62469660"
1220029007,"01",1,"9160","7511",1,"8",7,"0005301333","0066615996","0004955805","0059469660","0","0003000000","4955805","62469660"
1220045320,"02",1,"3431","7523",1,"6",6,"0005760000","0072120000","0005347200","0064166400","0","0003000000","5347200","67166400"
1220045320,"03",1,"4190","7530",3,"5",6,"0003290000","0042480000","0002971967","0035663604","0","0003000000","2971967","38663604"
1220045323,"01",1,"1427","5231",3,"9",6,"0005483333","0071799997","0004953279","0059439348","0","0006000000","4953279","65439348"
1220045328,"01",1,"5220","5222",3,"14",7,"0003000000","0036000000","0003000000","0036000000","0","0","3000000","36000000"
1220121243,"01",1,"5220","1546",3,"13",6,"0003800000","0045600000","0003800000","0045600000","0","0","3800000","45600000"
1220121245,"01",1,"7417","1545",3,"12",7,"0004200000","0050400000","0004200000","0050400000","0","0","4200000","50400000"
1220121247,"03",1,"9314","4521",3,"10",3,"0001100000","0014700000","0001100000","0014700000","0","0","1100000","14700000"
1220121247,"04",1,"9314","4521",3,"10",3,"0001450000","0018400000","0001450000","0018400000","0","0","1450000","18400000"
1220121253,"01",1,"7224","2892",3,"13",6,"0003800000","0047000000","0003800000","0047000000","0","0","3800000","47000000"
1220121250,"01",1,"9314","4521",3,"10",5,"0001900000","0028000000","0001900000","0028000000","0","0","1900000","28000000"
1220013009,"03",1,"2230","8511",1,"12",7,"0003100000","0040200000","0003100000","0037200000","0","0003000000","3100000","40200000"
1220013015,"01",1,"8324","6023",3,"12",7,"0009000000","0112000000","0007905000","0094860000","0","0004000000","7905000","98860000"
1220037106,"01",1,"5220","5234",3,"10",6,"0006000000","0076000000","0006000000","0072000000","0","0004000000","6000000","76000000"
1220037106,"02",1,"2230","8511",1,"7",6,"0005900000","0069000000","0005040000","0060480000","0000400000","0003000000","5440000","63480000"
1220101065,"01",1,"8324","6023",3,"12",6,"0009870000","0122240000","0008915900","0106990800","0","0003800000","8915900","110790800"
1220037115,"01",1,"5220","5232",3,"12",6,"0008000000","0100000000","0008000000","0096000000","0","0004000000","8000000","100000000"
1220037109,"01",1,"9152","8031",1,"12",7,"0003500000","0039420000","0002969670","0035636040","0000300000","0003000000","3269670","38636040"
1220037109,"03",1,"0112","7522",1,"10",7,"0000300000","0003600000","0000300000","0003600000","0","0","300000","3600000"
1220037110,"01",1,"2145","4010",1,"9",5,"0008000000","0086000000","0006245000","0074940000","0001000000","0004000000","7245000","78940000"
1220101060,"01",1,"7231","5020",3,"8",6,"0002721333","0035255996","0002594338","0031132056","0","0002500000","2594338","33632056"
1220101056,"01",1,"7124","2022",3,"8",6,"0002250000","0020250000","0002250000","0020250000","0","0","2250000","20250000"
1220113340,"01",1,"7218","3610",3,"10",6,"0006000000","0072000000","0006000000","0072000000","0","0","6000000","72000000"
1220113340,"03",1,"7218","3610",3,"10",6,"0003000000","0036000000","0003000000","0036000000","0","0","3000000","36000000"
1220113343,"01",1,"9160","7511",3,"10",6,"0003290000","0041980000","0002971967","0035663604","0","0002500000","2971967","38163604"
1220113346,"01",1,"9314","4521",3,"8",4,"0001800000","0021600000","0001800000","0021600000","0","0","1800000","21600000"
1220113337,"01",1,"9160","7511",3,"10",6,"0004606000","0058272000","0004161054","0049932648","0","0003000000","4161054","52932648"
1220057104,"01",1,"8324","6023",3,"8",6,"0004500000","0058000000","0004500000","0054000000","0","0004000000","4500000","58000000"
1220057098,"01",1,"6155","0501",3,"12",6,"0003500000","0046000000","0003500000","0042000000","0","0004000000","3500000","46000000"
1220113351,"01",1,"8324","6023",3,"8",7,"0002300000","0027600000","0002300000","0027600000","0","0","2300000","27600000"
1220057106,"01",1,"7136","4531",3,"8",4,"0003000000","0038000000","0003000000","0036000000","0","0002000000","3000000","38000000"
1220057106,"03",1,"7136","4531",3,"12",5,"0001800000","0023100000","0001800000","0021600000","0","0001500000","1800000","23100000"
1220049111,"01",1,"2320","8021",1,"8",6,"0005000000","0063000000","0004491670","0053900040","0","0003000000","4491670","56900040"
1220049121,"01",1,"8322","6022",3,"8",3,"0001800000","0020000000","0001800000","0019000000","0","0001000000","1800000","20000000"
1220085157,"01",1,"9314","4521",3,"8",4,"0003700000","0048000000","0003700000","0048000000","0","0","3700000","48000000"
1220085162,"01",1,"9314","4521",3,"10",4,"0003400000","0047000000","0003400000","0047000000","0","0","3400000","47000000"
1220081066,"01",1,"5122","5521",3,"12",7,"0003600000","0051000000","0003600000","0051000000","0","0","3600000","51000000"
1220081056,"01",1,"9314","4521",3,"10",4,"0003100000","0049000000","0003100000","0049000000","0","0","3100000","49000000"
1220089065,"01",1,"8340","0501",3,"7",6,"0002093334","0024000000","0002000000","0024000000","0","0","2000000","24000000"
1220089064,"01",1,"5220","5222",3,"12",7,"0001500000","0018000000","0001500000","0018000000","0","0","1500000","18000000"
1220089065,"03",1,"5220","5234",3,"13",6,"0001700000","0020400000","0001700000","0020400000","0","0","1700000","20400000"
1220089065,"04",1,"5220","5232",3,"15",7,"0001500000","0018000000","0001500000","0018000000","0","0","1500000","18000000"
1220001048,"01",1,"7122","7522",1,"9",7,"0005301333","0066615996","0004955804","0059469648","0","0003000000","4955804","62469648"
1220001054,"01",1,"7131","7498",3,"8",7,"0004277000","0053524000","0003863557","0046362684","0","0002200000","3863557","48562684"
1220001057,"01",1,"9152","7498",3,"8",7,"0004277000","0053524000","0003863557","0046362684","0","0002200000","3863557","48562684"
1220001060,"01",1,"7141","7498",3,"8",6,"0003290000","0042480000","0002971967","0035663604","0","0003000000","2971967","38663604"
1220089058,"01",1,"8240","2899",3,"8",6,"0003140000","0037680000","0002993500","0035922000","0","0","2993500","35922000"
1220117008,"01",1,"9314","4521",3,"10",4,"0003800000","0048500000","0003800000","0048500000","0","0","3800000","48500000"
1220117008,"04",1,"9314","4521",3,"10",3,"0002400000","0031000000","0002400000","0031000000","0","0","2400000","31000000"
1220117010,"01",1,"9314","4521",3,"10",4,"0003400000","0048500000","0003400000","0048500000","0","0","3400000","48500000"
1220026003,"01",1,"9333","9249",3,"5",6,"0002500000","0030000000","0002500000","0030000000","0","0","2500000","30000000"
1220026003,"02",1,"9333","9249",3,"5",6,"0002500000","0030000000","0002500000","0030000000","0","0","2500000","30000000"
1220030055,"01",1,"2131","7513",1,"10",6,"0007500000","0090000000","0004650000","0037800000","0002000000","0023000000","6650000","60800000"
1220030053,"01",1,"2122","7513",1,"8",6,"0006500000","0078000000","0004000000","0040000000","0002000000","0022000000","6000000","62000000"
1220030065,"01",1,"4141","7511",1,"8",6,"0006500000","0078000000","0004850000","0058200000","0000700000","0004200000","5550000","62400000"
1220030059,"01",1,"2441","7511",1,"6",6,"0012000000","0144000000","0007000000","0084000000","0004000000","0024000000","11000000","108000000"
1220030059,"02",1,"3221","8511",1,"6",6,"0007000000","0084000000","0006100000","0073200000","0","0","6100000","73200000"
1220030061,"01",1,"4141","7523",1,"8",6,"0008000000","0096000000","0005000000","0060000000","0002000000","0026000000","7000000","86000000"
1220118014,"01",1,"1429","7523",1,"8",6,"0006379200","0079550400","0005875584","0070507008","0","0003000000","5875584","73507008"
1220118006,"01",1,"5220","5232",3,"10",6,"0002000000","0024000000","0002000000","0024000000","0","0","2000000","24000000"
1220118007,"01",1,"5220","5222",1,"10",7,"0002000000","0024000000","0002000000","0024000000","0","0","2000000","24000000"
1220102253,"01",1,"7433","1810",3,"4",7,"0000400000","0004800000","0000400000","0004800000","0","0","400000","4800000"
1220018063,"01",1,"9160","7498",2,"7",7,"0003900000","0050000000","0003490000","0041880000","0000170000","0004000000","3660000","45880000"
1220086303,"01",1,"4221","6021",2,"7",7,"0001370000","0016440000","0001240000","0014880000","0","0000500000","1240000","15380000"
1220086310,"01",1,"3435","7498",3,"7",6,"0015000000","0180000000","0014000000","0168000000","0","0","14000000","168000000"
1220086310,"04",1,"5220","5232",3,"9",6,"0005000000","0061000000","0004500000","0054000000","0","0001000000","4500000","55000000"
1220086307,"01",1,"5220","5030",3,"12",6,"0003000000","0037000000","0003000000","0036000000","0","0001000000","3000000","37000000"
1220086307,"04",1,"5220","5030",3,"12",6,"0003000000","0037000000","0003000000","0036000000","0","0001000000","3000000","37000000"
1220114296,"01",1,"4211","8532",1,"12",6,"0003670000","0047040000","0002907000","0034884000","0","0003000000","2907000","37884000"
1220114299,"01",1,"9314","4521",3,"8",6,"0001800000","0021600000","0001800000","0021600000","0","0","1800000","21600000"
1220034165,"03",1,"9314","4521",3,"12",6,"0004500000","0056000000","0004500000","0054000000","0","0002000000","4500000","56000000"
1220034165,"04",1,"0112","7522",1,"8",7,"0000300000","0003600000","0000300000","0003600000","0","0","300000","3600000"
1220034165,"05",1,"0112","7522",1,"8",7,"0000300000","0001500000","0000300000","0001500000","0","0","300000","1500000"
1220034172,"01",1,"9152","7498",3,"8",6,"0003500000","0045000000","0003500000","0042000000","0","0003000000","3500000","45000000"
1220006191,"01",1,"7221","2892",3,"9",7,"0002000000","0026000000","0001850000","0022200000","0","0001500000","1850000","23700000"
1220006197,"01",1,"4121","7498",3,"7",6,"0004300000","0053600000","0003515000","0042180000","0000400000","0007000000","3915000","49180000"
1220006199,"01",1,"6113","7498",3,"8",7,"0004400000","0055000000","0003611667","0043340004","0000150000","0003500000","3761667","46840004"
1220034161,"01",1,"9314","4521",3,"10",6,"0003800000","0045600000","0003800000","0045600000","0","0","3800000","45600000"
1220006192,"01",1,"7231","2320",3,"7",7,"0006500000","0080000000","0005300000","0069600000","0000500000","0009000000","5800000","78600000"
1220026005,"01",1,"2331","8012",1,"6",6,"0006140000","0073680000","0004340000","0052080000","0","0002000000","4340000","54080000"
1220026014,"01",1,"3435","7498",3,"10",7,"0003000000","0036000000","0003000000","0036000000","0","0","3000000","36000000"
1220026014,"03",1,"3422","7511",3,"8",6,"0003000000","0036000000","0003000000","0036000000","0","0","3000000","36000000"
1220122174,"01",1,"9314","4521",3,"8",5,"0001800000","0019800000","0001800000","0019800000","0","0","1800000","19800000"
1220122174,"03",1,"9314","4521",3,"8",5,"0001800000","0019800000","0001800000","0019800000","0","0","1800000","19800000"
1220102249,"01",1,"7241","4010",1,"10",6,"0008741334","0107896008","0007891273","0094695276","0","0003000000","7891273","97695276"
1220102247,"01",1,"1410","4010",1,"10",6,"0013328000","0162936000","0011805227","0141662724","0","0003000000","11805227","144662724"
1220102247,"02",1,"2351","9214",1,"8",6,"0006380000","0079560000","0006305460","0075665520","0","0003000000","6305460","78665520"
1220074067,"01",1,"0111","7522",1,"8",6,"0046100500","0059620000","0004420170","0053042040","0","0004300000","4420170","57342040"
1220074054,"01",1,"0111","7522",1,"8",6,"0005460001","0071820000","0005110000","0061320000","0","0006300000","5110000","67620000"
1220110115,"01",1,"9132","5231",3,"8",6,"0002200000","0026400000","0002200000","0026400000","0","0","2200000","26400000"
1220074063,"01",1,"0111","7522",1,"12",6,"0005460001","0071820000","0005110000","0061320000","0","0006300000","5110000","67620000"
1220074062,"01",1,"0111","7522",1,"8",6,"0005460001","0071820000","0005110000","0061320000","0","0006300000","5110000","67620000"
1220074058,"01",1,"0111","7522",1,"8",6,"0004610000","0059620000","0004420000","0053042040","0","0004300000","4420000","57342040"
1220110104,"01",1,"9314","4521",3,"8",3,"0001300000","0025600000","0001300000","0025600000","0","0","1300000","25600000"
1220110108,"01",1,"9152","5234",3,"12",7,"0002400000","0028800000","0002400000","0028800000","0","0","2400000","28800000"
1220094214,"01",1,"6155","0501",3,"12",7,"0001500000","0012000000","0001500000","0012000000","0","0","1500000","12000000"
1220094212,"01",1,"8340","6110",3,"12",7,"0001884000","0022608000","0001796080","0021552960","0","0","1796080","21552960"
1220094212,"03",1,"2331","7512",1,"2",6,"0001046666","0014059992","0000997822","0011973864","0","0001500000","997822","13473864"
1220094201,"01",1,"6155","0501",3,"8",4,"0001200000","0012000000","0001200000","0012000000","0","0","1200000","12000000"
1220094204,"03",1,"8340","0501",3,"10",7,"0000600000","0007200000","0000600000","0007200000","0","0","600000","7200000"
1220050061,"01",1,"3144","6304",3,"8",7,"0004082000","0052484000","0003900000","0046800000","0","0003500000","3900000","50300000"
1220050062,"01",1,"9152","9249",3,"12",6,"0004190000","0053280000","0004000000","0048000000","0","0003000000","4000000","51000000"
1220042110,"01",1,"0111","7522",1,"12",3,"0004400000","0055800000","0003310000","0039720000","0","0003000000","3310000","42720000"
1220042104,"01",1,"0111","7522",1,"8",6,"0003000000","0039200000","0002320000","0027840000","0","0003200000","2320000","31040000"
1220042107,"01",1,"0111","7522",1,"12",5,"0004000000","0051000000","0003200000","0038400000","0","0003000000","3200000","41400000"
1220042113,"01",1,"0111","7522",1,"8",6,"0003200000","0041400000","0002340000","0028080000","0","0003000000","2340000","31080000"
1220042115,"01",1,"0111","7522",1,"12",6,"0006000000","0075300000","0006000000","0072000000","0","0003300000","6000000","75300000"
1220054071,"01",1,"4215","6512",3,"10",6,"0003838333","0049059996","0003467295","0041607540","0","0003000000","3467295","44607540"
1220054064,"01",1,"9152","8031",1,"12",4,"0004728000","0059736000","0004466560","0053598720","0","0003000000","4466560","56598720"
1220054067,"01",1,"8324","4522",3,"12",6,"0004000000","0047000000","0004000000","0047000000","0","0","4000000","47000000"
1220010057,"01",1,"9314","4522",3,"10",6,"0005505000","0066060000","0004100000","0049200000","0","0","4100000","49200000"
1220014107,"01",1,"4134","1512",3,"6",6,"0003900000","0046800000","0003000000","0036000000","0000200000","0004500000","3200000","40500000"
1220014107,"02",1,"5220","5221",3,"11",7,"0003500000","0044000000","0003500000","0041000000","0","0002000000","3500000","43000000"
1220014098,"01",1,"9152","6303",3,"8",7,"0004500000","0057000000","0003550000","0042600000","0000300000","0006600000","3850000","49200000"
1220014098,"02",1,"2331","8012",1,"4",6,"0004500000","0057000000","0004000000","0048000000","0","0003000000","4000000","51000000"
1220082155,"01",1,"4121","7523",1,"8",6,"0006500000","0081000000","0005250000","0063000000","0000200000","0005000000","5450000","68000000"
1220082148,"01",1,"4121","8021",1,"7",6,"0006500000","0080000000","0004900000","0058800000","0001000000","0014000000","5900000","72800000"
1220082151,"01",1,"3441","7511",3,"13",7,"0007000000","0086000000","0005000000","0064000000","0001500000","0014000000","6500000","78000000"
1220082146,"01",1,"6155","0501",3,"14",6,"0001700000","0020400000","0001700000","0020400000","0","0","1700000","20400000"
1220082159,"01",1,"2144","6421",3,"9",6,"0012000000","0151000000","0007500000","0090000000","0003000000","0040000000","10500000","130000000"
1220106185,"01",1,"8333","6023",3,"8",6,"0003500000","0042000000","0003500000","0042000000","0","0","3500000","42000000"
1220106196,"01",1,"5220","5234",3,"8",6,"0001800000","0021600000","0001800000","0021600000","0","0","1800000","21600000"
1220106188,"01",1,"8322","6022",3,"8",6,"0002000000","0024000000","0002000000","0024000000","0","0","2000000","24000000"
1220098165,"01",1,"5220","5233",3,"8",6,"0002000000","0024000000","0002000000","0024000000","0","0","2000000","24000000"
1220098159,"01",1,"5220","5232",3,"8",6,"0001800000","0019600000","0001800000","0019600000","0","0","1800000","19600000"
1220002011,"01",1,"0111","7522",1,"8",6,"0007303000","0090636000","0006347430","0076169160","0","0003000000","6347430","79169160"
1220002013,"01",1,"3435","8511",1,"9",6,"0004700000","0069000000","0004520000","0054240000","0","0012000000","4520000","66240000"
1220002004,"01",1,"5122","4010",1,"12",7,"0007760000","0107000000","0007430000","0084120000","0","0012000000","7430000","96120000"
1220002002,"01",1,"5162","7511",1,"8",7,"0009700000","0127800000","0005160000","0071920000","0003000000","0048000000","8160000","119920000"
1220038006,"01",1,"2142","7493",3,"8",6,"0009000000","0116000000","0009000000","0108000000",NA,"0008000000","9000000","116000000"
1220038007,"01",1,"7244","5260",3,"12",6,"0007000000","0088000000","0007000000","0084000000","0","0004000000","7000000","88000000"
1220038003,"01",1,"2142","7421",3,"8",6,"0005000000","0065000000","0005000000","0060000000","0","0005000000","5000000","65000000"
1220038003,"02",1,"2331","8012",1,"8",5,"0004000000","0050000000","0004000000","0048000000","0","0002000000","4000000","50000000"
1220066052,"03",1,"9132","7498",3,"8",6,"0003750000","0075000000","0003500000","0070000000","0","0","3500000","70000000"
1220066060,"01",1,"9314","4521",3,"9",7,"0003500000","0044000000","0003500000","0044000000","0","0","3500000","44000000"
1220066058,"04",1,"7112","2892",3,"8",5,"0003700000","0046500000","0003650000","0043800000","0","0002000000","3650000","45800000"
1220062108,"01",1,"8322","6022",3,"9",7,"0002600000","0031200000","0002600000","0031200000","0","0","2600000","31200000"
1220062106,"01",1,"7231","3430",3,"8",6,"0003700000","0044400000","0003700000","0044400000","0","0","3700000","44400000"
1220062102,"01",1,"8322","6022",3,"9",7,"0002800000","0033600000","0002800000","0033600000","0","0","2800000","33600000"
1220066058,"05",1,"7136","4531",3,"10",6,"0004000000","0048000000","0003900000","0046800000","0","0","3900000","46800000"
1220066055,"01",1,"8123","2722",1,"8",6,"0004000000","0051000000","0003450000","0041400000","0000300000","0005600000","3750000","47000000"
1220066055,"02",1,"2411","8031",3,"8",6,"0004200000","0052400000","0003850000","0046200000","0","0002000000","3850000","48200000"
1220066055,"06",1,"7212","4521",3,"8",7,"0003000000","0038000000","0002900000","0035000000","0","0002000000","2900000","37000000"
1220066055,"07",1,"8324","9001",3,"8",7,"0002500000","0031000000","0002400000","0028800000","0","0001000000","2400000","29800000"
1220058096,"01",1,"9314","4521",3,"8",6,"0002800000","0033600000","0002800000","0033600000","0","0","2800000","33600000"
1220046119,"01",1,"3435","7411",1,"8",7,"0004360000","0055320000","0003967600","0047611200","0","0003000000","3967600","50611200"
1220046116,"01",1,"5220","5222",3,"10",7,"0003000000","0036000000","0003000000","0036000000","0","0","3000000","36000000"
1220046113,"01",1,"7231","5020",3,"8",6,"0004386667","0055640004","0003962624","0047551488","0","0003000000","3962624","50551488"
1220078158,"01",1,"4134","6303",1,"12",7,"0009000000","0113000000","0009000000","0108000000","0","0005000000","9000000","113000000"
1220078160,"01",1,"5113","7414",3,"12",6,"0015000000","0184000000","0015000000","0180000000","0","0004000000","15000000","184000000"
1220078163,"04",1,"2411","6512",3,"8",6,"0004000000","0051000000","0004000000","0048000000","0","0003000000","4000000","51000000"
1220078163,"05",1,"0112","7522",1,"8",7,"0000450000","0005400000","0000450000","0005400000","0","0","450000","5400000"
1220058093,"01",1,"6155","0501",3,"12",5,"0003300000","0039600000","0003300000","0039600000","0","0","3300000","39600000"
1220090125,"01",1,"3116","1600",3,"8",7,"0007676667","0092120004","0006934590","0083215081","0","0","6934590","83215081"
1220022110,"01",1,"8322","6023",3,"12",7,"0004500000","0058000000","0004200000","0049000000","0","0004000000","4200000","53000000"
1220022112,"01",1,"2331","8012",1,"5",6,"0006000000","0076000000","0004500000","0054000000","0001000000","0016000000","5500000","70000000"
1220022112,"02",1,"2331","8012",1,"5",6,"0004700000","0059900000","0003700000","0044500000","0000600000","0011000000","4300000","55500000"
1220022107,"01",1,"7233","6023",1,"6",7,"0007500000","0096000000","0006000000","0072000000","0001000000","0016000000","7000000","88000000"
1220070110,"01",1,"8322","6023",3,"10",6,"0004200000","0050400000","0004200000","0050400000","0","0","4200000","50400000"
1220070106,"01",1,"9314","4521",3,"8",4,"0002500000","0030000000","0002500000","0030000000","0","0","2500000","30000000"
1220070105,"01",1,"7126","4521",3,"8",3,"0003000000","0036000000","0003000000","0036000000",NA,NA,"3000000","36000000"
1220090121,"02",1,"4112","6512",3,"8",6,"0005483333","0068799996","0004953279","0059439348","0","0003000000","4953279","62439348"
1220043192,"01",1,"4221","6304",3,"9",6,"0004500000","0054000000","0003700000","0044400000","0","0003500000","3700000","47900000"
1220115319,"01",1,"9314","4521",3,"10",7,"0004000000","0048000000","0004000000","0048000000","0","0","4000000","48000000"
1220043196,"01",1,"2149","3511",3,"10",6,"0008000000","0096000000","0007500000","0090000000","0","0005800000","7500000","95800000"
1220095062,"01",1,"5220","5222",3,"10",7,"0001879333","0022551996","0001791631","0021499572","0","0","1791631","21499572"
1220107048,"01",1,"9314","4521",3,"8",5,"0001800000","0021600000","0001800000","0021600000","0","0","1800000","21600000"
1220107060,"01",1,"9314","4521",3,"8",4,"0001500000","0018000000","0001500000","0018000000","0","0","1500000","18000000"
1220099007,"01",1,"7433","1810",3,"10",6,"0003000000","0036000000","0003000000","0036000000","0","0","3000000","36000000"
1220099015,"01",1,"2412","6421",3,"7",7,"0007128334","0092540000","0006439263","0077271156","0","0007000000","6439263","84271156"
1220099006,"01",1,"7433","1810",3,"10",6,"0003000000","0036000000","0003000000","0036000000","0","0","3000000","36000000"
1220099011,"02",1,"9314","4521",3,"8",4,"0001800000","0016200000","0001800000","0016200000","0","0","1800000","16200000"
1220103304,"01",1,"2320","8021",1,"6",4,"0005153000","0081530000","0004613930","0055367160","0","0003000000","4613930","58367160"
1220095056,"01",1,"9132","4521",3,"9",7,"0001884000","0022608000","0001796080","0021552960","0","0","1796080","21552960"
1220095057,"01",1,"7245","4010",3,"9",6,"0005483334","0068800000","0004953280","0059439360","0","0003000000","4953280","62439360"
1220095064,"01",1,"8323","6022",3,"10",7,"0005483333","0065799996","0004953279","0059439348","0","0","4953279","59439348"
1220095064,"03",1,"5220","5222",3,"10",7,"0001800000","0021600000","0001800000","0021600000","0","0","1800000","21600000"
1220047064,"01",1,"1422","4010",3,"10",7,"0007500000","0090000000","0006700000","0080400000","0","0005500000","6700000","85900000"
1220047062,"01",1,"4121","6023",3,"10",7,"0004800000","0057600000","0004000000","0048000000","0","0004000000","4000000","52000000"
1220091195,"01",1,"5220","5232",3,"8",7,"0004800000","0057600000","0004800000","0057600000","0","0","4800000","57600000"
1220091199,"01",2,"6155","0501",3,NA,NA,"0","0015000000","0","0015000000","0","0","0","15000000"
1220091202,"01",1,"5220","5232",3,"8",7,"0004000000","0048000000","0004000000","0048000000","0","0","4000000","48000000"
1220091202,"02",1,"5220","5232",3,"8",7,"0004000000","0048000000","0004000000","0048000000","0","0","4000000","48000000"
1220091202,"03",1,"5220","5232",3,"8",7,"0003500000","0042000000","0003500000","0042000000","0","0","3500000","42000000"
1220091202,"04",1,"5220","5232",3,"8",7,"0003000000","0036000000","0003000000","0036000000","0","0","3000000","36000000"
1220091202,"05",1,"5220","5232",3,"8",7,"0003000000","0036000000","0003000000","0036000000","0","0","3000000","36000000"
1220091202,"06",1,"5220","5232",3,"8",7,"0003000000","0036000000","0003000000","0036000000","0","0","3000000","36000000"
1220067049,"01",1,"5123","5511",3,"8",7,"0004500000","0054000000","0003600000","0043200000","0","0003500000","3600000","46700000"
1220067057,"01",1,"8322","2710",3,"8",6,"0007000000","0084000000","0006400000","0076800000","0","0003500000","6400000","80300000"
1220067057,"05",1,"8322","2710",3,"8",6,"0006000000","0072000000","0005300000","0063600000","0","0003500000","5300000","67100000"
1220055220,"01",1,"9314","4521",3,"8",5,"0004200000","0050400000","0004200000","0050400000","0","0","4200000","50400000"
1220055217,"01",1,"9160","7511",1,"8",7,"0005000000","0060000000","0004500000","0054000000","0","0004000000","4500000","58000000"
1220055210,"01",1,"8155","1110",3,"8",6,"0005000000","0060000000","0004300000","0051600000","0","0003500000","4300000","55100000"
1220055212,"01",1,"8322","4010",1,"6",6,"0005500000","0066000000","0005000000","0060000000","0","0003500000","5000000","63500000"
1220091193,"01",1,"7244","6421",1,"9",6,"0007586666","0094039992","0006913956","0082967472","0","0003000000","6913956","85967472"
1220087113,"01",1,"8322","7512",3,"6",6,"0004186666","0053239992","0003991289","0047895468","0","0003000000","3991289","50895468"
1220087123,"01",1,"5220","5222",3,"10",7,"0004000000","0048000000","0004000000","0048000000","0","0","4000000","48000000"
1220087109,"01",1,"8340","6110",3,"10",7,"0002616666","0031399992","0002494555","0029934660","0","0","2494555","29934660"
1220067049,"04",1,"7221","2892",3,"5",5,"0004000000","0048000000","0004000000","0048000000","0","0","4000000","48000000"
1220083306,"01",1,"7124","2022",3,"9",6,"0002000000","0024000000","0002000000","0024000000","0","0","2000000","24000000"
1220083300,"01",1,"5220","5222",3,"8",6,"0003500000","0042000000","0003500000","0042000000","0","0","3500000","42000000"
1220083297,"03",1,"6155","0501",3,"9",4,"0002000000","0024000000","0002000000","0024000000","0","0","2000000","24000000"
1220111150,"03",1,"5220","5222",3,"11",7,"0002000000","0024000000","0002000000","0024000000","0","0","2000000","24000000"
1220111150,"06",1,"5123","5521",3,"8",7,"0002500000","0030000000","0002500000","0030000000","0","0","2500000","30000000"
1220111147,"01",1,"8322","6022",3,"8",6,"0003700000","0044400000","0003700000","0044400000","0","0","3700000","44400000"
1220111151,"01",1,"9314","4521",3,"8",3,"0001300000","0015600000","0001300000","0015600000","0","0","1300000","15600000"
1220111156,"01",1,"8322","6022",3,"8",6,"0001300000","0014300000","0001300000","0014300000","0","0","1300000","14300000"
1220019009,"03",1,"9314","4521",3,"8",5,"0003000000","0040000000","0003000000","0040000000","0","0","3000000","40000000"
1220019010,"05",1,"7231","7522",1,"9",6,"0004200000","0050400000","0003600000","0043200000","0","0006000000","3600000","49200000"
1220019010,"06",1,"7231","7522",1,"9",6,"0004200000","0050400000","0003600000","0043200000","0","0006500000","3600000","49700000"
1220123112,"01",1,"5220","5234",3,"10",6,"0001800000","0021600000","0001800000","0021600000","0","0","1800000","21600000"
1220123114,"01",1,"8322","6023",3,"9",6,"0002500000","0030000000","0002500000","0030000000","0","0","2500000","30000000"
1220123104,"01",1,"5122","5221",3,"9",7,"0002300000","0027600000","0002300000","0027600000","0","0","2300000","27600000"
1220123108,"01",1,"7126","4521",3,"8",5,"0003500000","0042000000","0003500000","0042000000","0","0","3500000","42000000"
1220123108,"03",1,"9314","4521",3,"8",5,"0001700000","0020400000","0001700000","0020400000","0","0","1700000","20400000"
1220123101,"01",1,"7124","2022",3,"9",6,"0003000000","0036000000","0003000000","0036000000","0","0","3000000","36000000"
1220075070,"01",1,"2461","9193",1,"7",7,"0004000000","0048000000","0004000000","0048000000","0","0","4000000","48000000"
1220075060,"01",1,"2461","9193",1,"5",7,"0","0003200000","0","0001700000","0","0001500000","0","3200000"
1220119206,"01",1,"5220","5234",3,"10",6,"0002000000","0024000000","0002000000","0024000000","0","0","2000000","24000000"
1220119209,"01",1,"8322","6022",3,"10",5,"0001200000","0014400000","0001200000","0014400000","0","0","1200000","14400000"
1220119215,"02",1,"3134","7494",3,"8",6,"0001500000","0018000000","0001500000","0018000000","0","0","1500000","18000000"
1220119212,"01",1,"8322","4010",1,"8",6,"0009250000","0110500000","0007950000","0095400000","0001300000","0012500000","9250000","107900000"
1220051195,"01",1,"9152","7498",3,"8",7,"0","0018000000","0","0015000000","0","0","0","15000000"
1220051181,"03",1,"7221","2892",3,"8",6,"0004300000","0052000000","0004000000","0048000000","0000300000","0004000000","4300000","52000000"
1220051186,"01",1,"5220","5232",3,"10",7,"0004000000","0052000000","0004000000","0050000000","0","0002000000","4000000","52000000"
1220059166,"02",1,"3134","7494",3,"8",6,"0002500000","0033000000","0002500000","0030000000","0","0003000000","2500000","33000000"
1220059174,"01",1,"9314","4521",3,"12",6,"0005000000","0063000000","0005000000","0060000000","0","0003000000","5000000","63000000"
1220059169,"01",1,"9314","4521",3,"10",6,"0004000000","0048000000","0004000000","0048000000","0","0","4000000","48000000"
1220059161,"01",1,"8322","6022",3,"6",6,"0002000000","0024000000","0002000000","0024000000","0","0","2000000","24000000"
1220059161,"03",1,"5220","5232",3,"12",6,"0002500000","0030000000","0002500000","0030000000","0","0","2500000","30000000"
1220059161,"04",1,"5220","5232",3,"12",6,"0002500000","0030000000","0002500000","0030000000","0","0","2500000","30000000"
1220059163,"01",1,"7327","5234",3,"8",6,"0003000000","0038000000","0003000000","0036000000","0","0002000000","3000000","38000000"
1220059163,"03",1,"0112","7522",1,"8",7,"0000300000","0003600000","0000300000","0003600000","0","0","300000","3600000"
1220063353,"01",1,"9133","6023",3,"10",7,"0005600000","0067200000","0005000000","0060000000","0","0002000000","5000000","62000000"
1220063365,"01",1,"8333","2710",1,"12",5,"0004500000","0054000000","0004000000","0048000000","0","0003000000","4000000","51000000"
1220063354,"01",1,"9132","2722",3,"8",6,"0004100000","0049200000","0003500000","0042000000","0","0007000000","3500000","49000000"
1220063360,"01",1,"9314","4522",3,"8",4,"0004000000","0054000000","0004000000","0054000000","0","0","4000000","54000000"
1220023056,"01",1,"0111","7522",1,"8",6,"0007500000","0089000000","0006500000","0078000000","0","0006000000","6500000","84000000"
1220023058,"01",1,"2310","8031",1,"8",6,"0004500000","0054000000","0003900000","0019500000","0","0","3900000","19500000"
1220023058,"02",1,"2412","6421",1,"7",6,"0005600000","0067200000","0005000000","0060000000","0","0004000000","5000000","64000000"
1220023062,"01",1,"2412","6421",1,"9",6,"0006200000","0071000000","0005500000","0063000000","0000200000","0007000000","5700000","70000000"
1220023062,"02",1,"2320","8021",1,"4",6,"0005100000","0061200000","0004700000","0028200000","0","0004500000","4700000","32700000"
1220031067,"01",1,"9132","7511",1,"8",6,"0004800000","0057600000","0004000000","0048000000","0","0006000000","4000000","54000000"
1220031062,"01",1,"5123","6110",3,"13",7,"0004700000","0056400000","0004200000","0050400000","0","0003000000","4200000","53400000"
1220031053,"01",1,"4113","6023",3,"8",6,"0006900000","0082800000","0006000000","0069000000",NA,"0005000000","6000000","74000000"
1220031053,"03",1,"4113","6411",3,"8",6,"0004900000","0058800000","0004100000","0049200000","0","0002000000","4100000","51200000"
1220071008,"03",1,"4222","8514",3,"8",7,"0002000000","0024000000","0002000000","0024000000","0","0","2000000","24000000"
1220027002,"01",1,"9132","7511",1,"8",6,"0004000000","0051000000","0003500000","0042000000","0","0004000000","3500000","46000000"
1220027013,"01",1,"4190","2320",3,"8",6,"0004500000","0060000000","0004000000","0048000000","0","0008000000","4000000","56000000"
1220027012,"01",1,"9160","7511",3,"8",7,"0003900000","0117000000","0003600000","0043200000","0","0008000000","3600000","51200000"
1220027007,"01",1,"9314","4521",3,"4",7,"0004000000","0048000000","0004000000","0048000000","0","0","4000000","48000000"
1220027006,"01",1,"7218","2320",3,"12",6,"0004500000","0060000000","0004000000","0048000000","0","0009000000","4000000","57000000"
1220011067,"01",1,"3116","2320",3,"8",7,"0007000000","0090000000","0006500000","0078000000","0","0008000000","6500000","86000000"
1220011067,"02",1,"2411","7511",1,"8",6,"0006800000","0081600000","0005700000","0068400000","0","0007500000","5700000","75900000"
1220031061,"01",1,"7126","4521",3,"8",7,"0004000000","0056000000","0004000000","0056000000","0","0","4000000","56000000"
1220003105,"01",1,"3435","6421",1,"8",6,"0006700000","0080400000","0005100000","0061200000","0","0009400000","5100000","70600000"
1220003107,"01",1,"2320","8021",1,"6",6,"0006000000","0072000000","0005000000","0060000000","0","0004900000","5000000","64900000"
1220003107,"02",1,"2320","8021",1,"6",6,"0004900000","0058800000","0004000000","0048000000","0","0002000000","4000000","50000000"
1220039006,"01",1,"3435","6421",1,"8",6,"0007600000","0091200000","0007000000","0084000000","0","0007000000","7000000","91000000"
1220039006,"02",1,"2320","8021",1,"6",6,"0005200000","0062400000","0004700000","0056400000","0","0004000000","4700000","60400000"
1220039011,"01",1,"9152","7513",1,"12",7,"0006300000","0075600000","0005850000","0065200000","0","0007000000","5850000","72200000"
1220039014,"01",1,"5123","6301",3,"8",6,"0004100000","0049200000","0003700000","0044400000","0","0002000000","3700000","46400000"
1220039001,"01",1,"5220","5232",3,"10",7,"0004200000","0053400000","0004200000","0050400000","0","0003000000","4200000","53400000"
1220007173,"01",1,"2320","8021",1,"8",6,"0006800000","0081600000","0005900000","0070800000","0","0003000000","5900000","73800000"
1220007177,"01",1,"2320","8022",1,"6",6,"0005200000","0062400000","0004700000","0056400000","0","0004800000","4700000","61200000"
1220007177,"02",1,"2451","2212",3,"8",6,"0004800000","0057600000","0004200000","0050400000","0","0003000000","4200000","53400000"
1220007168,"01",1,"3449","7512",1,"8",6,"0008300000","0099600000","0007100000","0085200000","0","0006000000","7100000","91200000"
1220007170,"01",1,"9152","7492",3,"12",7,"0002000000","0024000000","0002000000","0024000000","0","0","2000000","24000000"
1220007180,"01",1,"2320","8022",1,"8",6,"0007000000","0084000000","0005500000","0066000000","0","0005000000","5500000","71000000"
1220071005,"01",1,"4211","6512",1,"8",6,"0007400000","0088800000","0006200000","0074400000","0","0007000000","6200000","81400000"
1220071011,"01",1,"5169","6301",3,"8",7,"0006100000","0073200000","0005300000","0063600000","0","0007000000","5300000","70600000"
1220079008,"01",1,"9152","5512",1,"12",7,"0005300000","0063600000","0004900000","0058800000","0","0002200000","4900000","61000000"
1220079011,"01",1,"2141","7511",1,"10",6,"0007600000","0091200000","0007000000","0084000000","0","0007000000","7000000","91000000"
1220079013,"01",1,"5123","5221",3,"14",7,"0006700000","0080400000","0006000000","0072000000","0","0008000000","6000000","80000000"
1220079003,"01",1,"9132","7414",1,"10",6,"0005600000","0067200000","0005000000","0060000000","0","0006000000","5000000","66000000"
1220015241,"01",1,"7244","6421",1,"9",6,"0006500000","0078000000","0005500000","0066000000","0000400000","0005000000","5900000","71000000"
1220015251,"01",1,"4212","6512",1,"8",6,"0007800000","0090600000","0007000000","0081000000","0","0009000000","7000000","90000000"
1220015245,"01",1,"4134","8031",1,"7",6,"0052000000","0062400000","0004600000","0055200000","0","0004000000","4600000","59200000"
1220015245,"03",1,"4190","8031",1,"7",6,"0005000000","0060000000","0004500000","0054000000","0","0003000000","4500000","57000000"
1220035006,"01",1,"4190","7511",1,"8",6,"0006900000","0082800000","0006070000","0072840000","0","0003000000","6070000","75840000"
1220035014,"03",1,"4211","6512",1,"8",7,"0006000000","0072000000","0004700000","0056400000","0","0003500000","4700000","59900000"
1220035014,"07",1,"4113","4010",3,"8",7,"0005700000","0068400000","0004500000","0054000000","0","0004000000","4500000","58000000"
1220112011,"01",1,"9314","4521",3,"08",4,"0002600000","0038000000","0002600000","0038000000","0","0","2600000","38000000"
1220112009,"01",1,"9211","0111",3,"10",5,"0003400000","0047500000","0003400000","0047500000","0","0","3400000","47500000"
1220112015,"01",1,"7221","2892",3,"10",6,"0004200000","0057000000","0004200000","0057000000","0","0","4200000","57000000"
1220112002,"01",1,"7132","4540",3,"08",4,"0002700000","0034500000","0002700000","0034500000","0","0","2700000","34500000"
1220072055,"01",1,"0112","7522",1,"10",6,"0013030000","0104960000","0006530000","0078360000","0006500000","0013400000","13030000","91760000"
1220072064,"01",1,"0112","7522",1,"9",6,"0009914000","0087556000","0005214000","0062568000","0004700000","0008560000","9914000","71128000"
1220072068,"01",1,"0112","7522",1,"10",6,"0013320000","0096250000","0006200000","0074400000","0007120000","0012250000","13320000","86650000"
1220072058,"01",1,"0112","7522",1,"9",6,"0011460000","0101800000","0006080000","0072960000","0005380000","0012400000","11460000","85360000"
1220072060,"01",1,"0112","7522",1,"9",6,"0010700000","0090100000","0005700000","0068400000","0005000000","0008500000","10700000","76900000"
1220120168,"01",1,"9314","4521",3,"8",4,"0003700000","0046500000","0003700000","0046500000","0","0","3700000","46500000"
1220120156,"01",1,"9314","4521",3,"8",4,"0003200000","0041000000","0003200000","0041000000","0","0","3200000","41000000"
1220120161,"01",1,"8340","6023",3,"12",5,"0004200000","0057000000","0004200000","0057000000","0","0","4200000","57000000"
1220080253,"01",1,"9314","4521",3,"8",4,"0003600000","0044000000","0003600000","0044000000","0","0","3600000","44000000"
1220080256,"01",1,"9314","4521",3,"8",4,"0003400000","0047000000","0003400000","0047000000","0","0","3400000","47000000"
1220080258,"01",1,"7417","1545",3,"10",7,"0003200000","0038000000","0003200000","0038000000","0","0","3200000","38000000"
1220080263,"01",1,"5220","5234",3,"10",6,"0003900000","0048000000","0003900000","0048000000","0","0","3900000","48000000"
1220076172,"01",1,"9314","4521",3,"8",4,"0003300000","0041000000","0003300000","0041000000","0","0","3300000","41000000"
1220076180,"01",1,"9314","4521",3,"8",4,"0003400000","0038500000","0003400000","0038500000","0","0","3400000","38500000"
1220076182,"01",1,"8340","0501",3,"12",4,"0004800000","0064000000","0004800000","0064000000","0","0","4800000","64000000"
1220116153,"01",1,"8324","6023",3,"12",6,"0003500000","0038500000","0003500000","0038500000","0","0","3500000","38500000"
1220116156,"01",1,"5220","5232",3,"11",6,"0002700000","0034000000","0002700000","0034000000","0","0","2700000","34000000"
1220116157,"01",1,"9314","4521",3,"8",4,"0001600000","0024000000","0001600000","0024000000","0","0","1600000","24000000"
1220084059,"01",1,"7137","4532",3,"10",5,"0003800000","0045600000","0003800000","0045600000","0","0","3800000","45600000"
1220084055,"01",1,"7133","4540",3,"10",5,"0004300000","0051600000","0004300000","0051600000","0","0","4300000","51600000"
1220084055,"02",1,"7133","4540",3,"10",5,"0004300000","0051600000","0004300000","0051600000","0","0","4300000","51600000"
1220084055,"03",1,"7133","4540",3,"10",5,"0004300000","0051600000","0004300000","0051600000","0","0","4300000","51600000"
1220084062,"01",1,"8322","6022",3,"11",6,"0003400000","0040800000","0003400000","0040800000",NA,NA,"3400000","40800000"
1220108311,"01",1,"9314","4521",3,"8",5,"0003000000","0036000000","0003000000","0036000000","0","0","3000000","36000000"
1220108303,"01",1,"9314","4521",3,"8",6,"0004000000","0048000000","0004000000","0048000000","0","0","4000000","48000000"
1220108314,"02",1,"7231","5020",3,"8",6,"0002000000","0024000000","0001500000","0018000000","0000500000","0003500000","2000000","21500000"
1220108308,"01",1,"7111","7421",3,"12",6,"0005000000","0060000000","0004000000","0048000000","0","0003000000","4000000","51000000"
1220040250,"01",1,"9314","4521",3,"9",4,"0003100000","0037200000","0003100000","0037200000","0","0","3100000","37200000"
1220040258,"01",1,"9333","6301",3,"12",6,"0004500000","0054000000","0004100000","0049200000","0","0003500000","4100000","52700000"
1220040253,"03",1,"5220","5232",3,"10",6,"0002100000","0024700000","0002100000","0024700000","0","0","2100000","24700000"
1220040253,"04",1,"5220","5232",3,"10",6,"0002000000","0024000000","0002000000","0024000000","0","0","2000000","24000000"
1220040253,"05",1,"4115","4522",3,"8",6,"0001800000","0021600000","0001800000","0021600000","0","0","1800000","21600000"
1220020002,"01",1,"4212","6512",3,"9",6,"0004600000","0055200000","0004100000","0049200000","0","0003000000","4100000","52200000"
1220020008,"01",1,"7141","4540",3,"9",7,"0070000000","0084000000","0070000000","0084000000","0","0","70000000","84000000"
1220024014,"01",1,"4121","9800",3,"10",6,"0005950000","0071400000","0004200000","0042400000","0001000000","0011000000","5200000","53400000"
1220024008,"03",1,"4121","7411",3,"8",6,"0005300000","0039600000","0003300000","0035600000","0002000000","0004000000","5300000","39600000"
1220024008,"04",1,"3421","9120",3,"9",6,"0005000000","0060000000","0005000000","0060000000","0","0","5000000","60000000"
1220024012,"01",1,"9314","4521",3,"10",6,"0004600000","0055200000","0004600000","0055200000","0","0","4600000","55200000"
1220024003,"01",1,"8324","6023",3,"12",7,"0007500000","0090000000","0004000000","0054000000","0003000000","0018000000","7000000","72000000"
1220004105,"01",1,"9132","6023",3,"8",6,"0004500000","0057000000","0004500000","0054000000","0","0003000000","4500000","57000000"
1220004105,"08",1,"1429","8021",1,"7",6,"0006100000","0073200000","0005600000","0067200000","0","0005000000","5600000","72200000"
1220004104,"03",1,"9132","8021",1,"8",6,"0004500000","0056500000","0003300000","0036500000","0001000000","0012000000","4300000","48500000"
1220036062,"03",1,"3222","8012",3,"6",4,"0001680000","0022160000","0001450000","0017900000","0","0","1450000","17900000"
1220036062,"05",1,"2331","8012",1,"6",3,"0002650000","0032800000","0002500000","0030500000",NA,"0","2500000","30500000"
1220036056,"03",1,"3112","4521",3,"8",6,"0004500000","0054000000","0004500000","0054000000","0","0","4500000","54000000"
1220036056,"04",1,"2411","4521",3,"8",6,"0004000000","0048000000","0004000000","0048000000","0","0","4000000","48000000"
1220036051,"01",1,"9160","7511",3,"8",3,"0010000000","0059150000","0004700000","0039150000","0005300000","0020000000","10000000","59150000"
1220064253,"03",1,"4221","6304",3,"7",6,"0001800000","0021600000","0001600000","0019200000","0","0002000000","1600000","21200000"
1220064253,"04",1,"9333","7493",1,"8",6,"0004000000","0045000000","0004000000","0045000000","0","0","4000000","45000000"
1220064258,"01",1,"7221","6421",3,"8",6,"0005934000","0071581500","0004980000","0059827000","0","0009460000","4980000","69287000"
1220028151,"01",1,"9314","4521",3,"8",4,"0001500000","0009000000","0001500000","0009000000","0","0","1500000","9000000"
1220028154,"03",1,"9111","5259",3,"10",6,"0002800000","0033600000","0002800000","0033600000","0","0","2800000","33600000"
1220028154,"05",1,"7433","1810",3,"10",6,"0003000000","0036000000","0003000000","0036000000","0","0","3000000","36000000"
1220056065,"01",1,"7231","5020",3,"12",7,"0003663333","0043959996","0003492378","0041908536",NA,NA,"3492378","41908536"
1220056063,"01",1,"5161","7523",3,"12",4,"0004669107","0059029284","0004217761","0050613132",NA,"0003000000","4217761","53613132"
1220056059,"03",1,"2320","8021",1,"6",4,"0005994000","0077928000","0005287140","0063445680",NA,"0003000000","5287140","66445680"
1220056057,"01",1,"7136","4531",3,"8",4,"0002000000","0024000000","0002000000","0024000000",NA,NA,"2000000","24000000"
1220056057,"03",1,"7136","4531",3,"10",6,"0003000000","0030000000","0003000000","0030000000",NA,NA,"3000000","30000000"
1220056057,"04",1,"5141","9302",3,"10",7,"0003000000","0036000000","0003000000","0036000000",NA,NA,"3000000","36000000"
1220056054,"01",1,"7141","4540",3,"10",5,"0002500000","0030000000","0002500000","0030000000","0","0","2500000","30000000"
1220032108,"01",1,"1429","8021",1,"6",6,"0006470000","0080640000","0005672700","0068072400","0","0003000000","5672700","71072400"
1220032108,"02",1,"2320","8022",1,"4",6,"0004923000","0059076000","0004419630","0053035560","0","0003000000","4419630","56035560"
1220032102,"02",1,"9314","4521",3,"10",4,"0001500000","0012000000","0001500000","0012000000","0","0","1500000","12000000"
1220032103,"01",1,"9314","4521",3,"10",4,"0001500000","0012000000","0001500000","0012000000","0","0","1500000","12000000"
1220088071,"01",1,"9160","7493",3,"8",7,"0004057000","0054684000","0003664792","0043979504",NA,"0006000000","3664792","49979504"
1220088062,"02",1,"8340","0501",3,"10",5,"0000700000","0007000000","0000700000","0007000000",NA,NA,"700000","7000000"
1220088063,"01",1,"9152","9249",3,"18",7,"0002616667","0031400004","0002494556","0029934672","0","0","2494556","29934672"
1220088063,"03",1,"6155","0501",3,"12",7,"0001500000","0013500000","0001500000","0013500000","0","0","1500000","13500000"
1220088063,"04",1,"6155","0501",3,"12",7,"0001500000","0013500000","0001500000","0013500000","0","0","1500000","13500000"
1220088063,"05",1,"5220","5222",3,"12",7,"0000800000","0009600000","0000800000","0009600000","0","0","800000","9600000"
1220088067,"01",1,"9160","7493",3,"12",7,"0004386666","0058639992","0003962622","0047551464",NA,"0006000000","3962622","53551464"
1220096011,"01",1,"6112","0113",3,"8",7,"0002093333","0025119996","0001995645","0023947740","0","0","1995645","23947740"
1220096009,"01",1,"4142","6411",1,"10",7,"0008103000","0059076000","0004419630","0053035560","0003180000","0","7599630","53035560"
1220124202,"03",1,"3449","7513",3,"8",6,"0003290000","0042480000","0002971967","0035663604",NA,"0003000000","2971967","38663604"
1220124202,"07",1,"2332","8011",3,"8",6,"0001500000","0012000000","0001500000","0012000000",NA,NA,"1500000","12000000"
1220124205,"01",1,"3435","4100",3,"8",6,"0003619000","0043428000","0003269164","0039229968",NA,NA,"3269164","39229968"
1220124209,"02",1,"2320","8021",1,"6",6,"0005301333","0066615996","0004955805","0059469660","0","0003000000","4955805","62469660"
1220100303,"01",1,"9314","4521",3,"12",4,"0002000000","0024000000","0002000000","0024000000","0","0","2000000","24000000"
1220100303,"03",1,"9314","5234",3,"12",7,"0000700000","0008400000","0000700000","0008400000","0","0","700000","8400000"
1220100289,"01",1,"9152","4010",3,"12",4,"0006031666","0075379992","0005448605","0065383260","0","0003000000","5448605","68383260"
1220100293,"01",1,"8163","4100",3,"8",7,"0006580000","0081960000","0005943934","0071327208","0","0003000000","5943934","74327208"
1220100293,"02",1,"2331","8021",1,"6",6,"0005518000","0069216000","0004901580","0058818960","0","0003000000","4901580","61818960"
1220100295,"01",1,"9314","4521",3,"12",4,"0002000000","0024000000","0002000000","0024000000","0","0","2000000","24000000"
1220092211,"01",1,"8340","0501",3,"12",7,"0001570000","0018840000","0001496734","0017960808","0","0","1496734","17960808"
1220092211,"05",1,"7417","1545",3,"10",7,"0003000000","0036000000","0003000000","0036000000","0","0","3000000","36000000"
1220092209,"01",1,"2331","8011",1,"4",6,"0007898000","0097776000","0006829380","0081952560","0","0003000000","6829380","84952560"
1220092218,"03",1,"5220","5231",3,"12",7,"0002000000","0024000000","0002000000","0024000000","0","0","2000000","24000000"
1220092218,"04",1,"0112","7522",1,"8",7,"0000300000","0003600000","0000300000","0003600000","0","0","300000","3600000"
1220092207,"01",1,"9314","4521",3,"12",5,"0003000000","0030000000","0003000000","0030000000","0","0","3000000","30000000"
1220068093,"03",1,"3431","7421",3,"8",6,"0004900000","0058800000","0004000000","0048000000","0","0003000000","4000000","51000000"
1220068096,"01",1,"7123","4521",3,"8",5,"0005500000","0066000000","0005500000","0066000000","0","0","5500000","66000000"
1220068096,"03",1,"5161","2320",1,"9",6,"0007900000","0094800000","0006200000","0074400000","0","0009000000","6200000","83400000"
1220068096,"07",1,"3431","2710",1,"8",6,"0006500000","0078000000","0005000000","0060000000","0","0003000000","5000000","63000000"
1220068098,"02",1,"3431","7020",3,"9",6,"0004000000","0052000000","0004000000","0048000000","0","0004000000","4000000","52000000"
1220068098,"03",1,"3431","7020",3,"9",6,"0002300000","0027600000","0002300000","0027600000","0","0","2300000","27600000"
1220060055,"02",1,"2320","8021",3,"2",2,"0001500000","0003000000","0001500000","0003000000",NA,NA,"1500000","3000000"
1220060062,"02",1,"3431","6301",3,"10",6,"0006100000","0073200000","0004800000","0055600000","0000800000","0010000000","5600000","65600000"
1220104002,"01",1,"5123","7512",1,"8",6,"0007009737","0087116844","0006107888","0073294656","0","0003000000","6107888","76294656"
1220104013,"01",1,"6155","0501",3,"10",5,"0002000000","0024000000","0002000000","0024000000","0","0","2000000","24000000"
1220104007,"01",1,"6155","0501",3,"10",4,"0001500000","0008000000","0001500000","0008000000","0","0","1500000","8000000"
1220104010,"01",1,"6155","0501",3,"10",4,"0001500000","0012000000","0001500000","0012000000","0","0","1500000","12000000"
1220104004,"02",1,"6155","0501",3,"10",5,"0001500000","0015000000","0001500000","0015000000","0","0","1500000","15000000"
1220052006,"01",1,"9152","8031",3,"18",4,"0005301334","0063616008","0004788873","0057466476","0","0003000000","4788873","60466476"
1220052015,"01",1,"9333","7513",3,"10",6,"0003000000","0036000000","0003000000","0036000000","0","0","3000000","36000000"
1220052015,"03",1,"9314","4521",3,"10",6,"0003000000","0036000000","0003000000","0036000000","0","0","3000000","36000000"
1220044213,"01",1,"5169","1512",3,"12",6,"0004250000","0051000000","0003200000","0038400000","0","0003000000","3200000","41400000"
1220044216,"01",1,"3431","7310",1,"8",6,"0008600000","0103200000","0007500000","0090000000","0","0003000000","7500000","93000000"
1220044224,"01",1,"9333","9305",3,"10",7,"0003500000","0042000000","0003500000","0042000000","0","0","3500000","42000000"
1220044225,"01",1,"7141","4540",3,"8",5,"0006000000","0072000000","0006000000","0072000000","0","0","6000000","72000000"
1220044225,"02",1,"7141","4540",3,"8",5,"0005000000","0060000000","0005000000","0060000000","0","0","5000000","60000000"
1220044225,"03",1,"7141","4540",3,"8",6,"0005500000","0066000000","0005500000","0066000000","0","0","5500000","66000000"
1220044225,"04",1,"7141","4540",3,"8",6,"0005500000","0066000000","0005500000","0066000000","0","0","5500000","66000000"
1220016340,"03",1,"2331","8012",1,"2",6,"0001450000","0017400000","0001250000","0015000000","0","0","1250000","15000000"
1220016340,"04",1,"3320","8011",3,"6",6,"0001740000","0020880000","0001490000","0017880000","0","0","1490000","17880000"
1220016339,"01",1,"4134","7511",1,"8",6,"0006100000","0073200000","0005146000","0061986000","0","0007196000","5146000","69182000"
1220016343,"04",1,"3112","4522",3,"8",6,"0005400000","0064800000","0005000000","0060000000","0","0004800000","5000000","64800000"
1220016346,"02",1,"2429","7411",1,"8",6,"0004830000","0057948000","0004120000","0049440000","0","0007000000","4120000","56440000"
1220012099,"01",1,"6112","8031",3,"8",6,"0005600000","0067200000","0003800000","0045600000","0000830000","0008000000","4630000","53600000"
1220012100,"01",1,"8323","2710",3,"8",6,"0009000000","0108000000","0009000000","0108000000","0","0","9000000","108000000"
1220008112,"01",1,"7241","3220",1,"7",7,"0005812500","0069750000","0005812500","0069750000","0","0","5812500","69750000"
1220008123,"01",1,"4223","6421",1,"9",5,"0008560000","0102740000","0007862500","0094350000",NA,"0005842000","7862500","100192000"
1220008119,"01",1,"4190","1310",1,"12",3,"0008685000","0104220000","0005000000","0080000000","0003685000","0024220000","8685000","104220000"
1220048059,"03",1,"3416","7498",3,"8",6,"0004100000","0049200000","0003600000","0043000000","0000500000","0006200000","4100000","49200000"
1220048066,"01",1,"9211","5123",3,"9",6,"0004500000","0052000000","0003500000","0032000000","0000500000","0008000000","4000000","40000000"
1220012109,"01",1,"9160","7511",1,"8",6,"0004900000","0058800000","0004000000","0048000000","0000636000","0008500000","4636000","56500000"
1230073152,"01",1,"1410","5232",3,"8",6,"0010000000","0120000000","0010000000","0120000000",NA,NA,"10000000","120000000"
1230073156,"01",1,"1410","1810",3,"8",6,"0004000000","0048000000","0003639334","0044478671","0","0002000000","3639334","46478671"
1230105053,"01",1,"5220","5238",3,"10",6,"0005550000","0067550000","0004963000","0056100000","0","0005000000","4963000","61100000"
1230105053,"03",1,"0112","7522",1,"8",6,"0000180000","0006980000","0000163800","0005401800","0","0","163800","5401800"
1230149109,"03",2,"0112","7522",1,NA,NA,"0","0003000000","0","0002730000","0","0","0","2730000"
1230241052,"01",1,"9131","9500",3,"8",7,"0003000000","0036000000","0003000000","0036000000","0","0","3000000","36000000"
1230241056,"01",1,"2145","7511",1,"10",7,"0011000000","0117000000","0008367000","0084124000","0","0007000000","8367000","91124000"
1230105067,"02",1,"5220","5237",3,"8",6,"0003500000","0043000000","0003500000","0042000000","0","0001000000","3500000","43000000"
1230229119,"01",1,"5220","5238",3,"8",6,"0002000000","0024000000","0002000000","0024000000","0","0","2000000","24000000"
1230229119,"03",1,"9152","5234",3,"8",6,"0003000000","0006000000","0002860000","0005720000","0","0","2860000","5720000"
1230229119,"03",2,"7433","1810",3,NA,NA,"0","0020000000","0","0020000000","0","0","0","20000000"
1230149100,"01",1,"3475","9241",1,"8",6,"0003600000","0044200000","0003299000","0037881330","0","0003000000","3299000","40881330"
1230217053,"01",1,"7433","1810",3,"10",6,"0004800000","0057600000","0004800000","0057600000","0","0","4800000","57600000"
1230261061,"01",1,"4190","7522",3,"9",6,"0007000000","0078600000","0006200333","0064556008","0","0005000000","6200333","69556008"
1230261061,"03",1,"4190","7522",3,"9",6,"0005800000","0065800000","0005176333","0054606668","0","0005000000","5176333","59606668"
1230309155,"03",1,"9314","4521",3,"10",6,"0003200000","0038400000","0003200000","0038400000","0","0","3200000","38400000"
1230309155,"04",1,"4190","2694",3,"8",6,"0004500000","0053500000","0004056000","0044832006","0","0004000000","4056000","48832006"
1230217050,"01",2,"8159","2424",3,NA,NA,"0","0063130000","0","0051917270","0","0005000000","0","56917270"
1230001002,"03",1,"5111","5521",1,"8",6,"0006000000","0076000000","0005347000","0064164000","0","0004000000","5347000","68164000"
1230297096,"01",1,"7126","2921",3,"9",6,"0004500000","0054000000","0004500000","0054000000","0","0","4500000","54000000"
1230297096,"03",2,"0112","7522",1,NA,NA,"0","0002100000","0","0001890000","0","0","0","1890000"
1230297105,"01",1,"9160","7511",3,"9",7,"0004000000","0047000000","0003629334","0039811005","0","0003500000","3629334","43311005"
1230297105,"03",1,"0112","7522",1,"12",6,"0000300000","0000900000","0000270000","0000810000","0","0","270000","810000"
1230309151,"01",1,"8253","2102",3,"9",6,"0003800000","0045600000","0003800000","0045600000","0","0","3800000","45600000"
1230309155,"05",1,"4115","2694",3,"8",6,"0004200000","0050750000","0003512334","0043071006","0","0003500000","3512334","46571006"
1230309159,"04",1,"7212","3430",3,"9",6,"0005210000","0061030000","0004682867","0051410607","0","0004000000","4682867","55410607"
1230309159,"05",1,"3429","3410",3,"9",6,"0001500000","0001500000","0001500000","0001500000","0","0","1500000","1500000"
1230217050,"02",1,"2451","9211",3,"8",6,"0005000000","0030000000","0005000000","0030000000","0","0","5000000","30000000"
1230297109,"01",1,"9320","5221",3,"10",6,"0004000000","0047000000","0003629334","0039811005","0","0003500000","3629334","43311005"
1230189059,"01",1,"5220","5030",3,"8",6,"0003500000","0042800000","0003213667","0036260004","0","0003500000","3213667","39760004"
1230085101,"01",1,"4190","7511",3,"8",6,"0004000000","0051000000","0003640333","0043683996","0","0003000000","3640333","46683996"
1230177050,"01",1,"7122","4521",3,"8",6,"0002500000","0030000000","0002500000","0030000000","0","0","2500000","30000000"
1230177050,"06",1,"7433","1810",3,"8",6,"0002500000","0030000000","0002500000","0030000000","0","0","2500000","30000000"
1230305165,"01",1,"8268","9301",3,"10",6,"0003000000","0036000000","0003000000","0036000000","0","0","3000000","36000000"
1230305167,"01",1,"4190","7511",1,"8",4,"0005572500","0061372500","0004978450","0052740450","0","0003000000","4978450","55740450"
1230305174,"01",2,"8322","5223",3,NA,NA,"0","0007500000","0","0007500000","0","0","0","7500000"
1230141109,"01",1,"7224","7522",1,"8",6,"0003750000","0049750000","0003427000","0039204003","0","0007000000","3427000","46204003"
1230069160,"01",1,"8324","6021",1,"8",7,"0005100000","0066200000","0004579000","0054948000","0","0005000000","4579000","59948000"
1230069166,"01",1,"8332","7511",3,"8",6,"0005400000","0069800000","0004835000","0058020000","0","0005000000","4835000","63020000"
1230129254,"01",1,"2320","8021",1,"8",6,"0004000000","0048300000","0003467000","0039417000","0","0003000000","3467000","42417000"
1230129255,"01",2,"7231","5020",3,NA,NA,"0","0036000000","0","0036000000","0","00","0","36000000"
1230329156,"01",1,"8151","2412",3,"9",6,"0004126500","0048003000","0003749930","0040959200","0","0003200000","3749930","44159200"
1230057058,"01",1,"4190","7511",3,"8",6,"0004050000","0046200000","0003683000","0039588000",NA,"0003000000","3683000","42588000"
1230057058,"02",1,"4190","6512",1,"8",6,"0004500000","0052950000","0004067000","0045348000",NA,"0003000000","4067000","48348000"
1230097123,"01",1,"3115","4532",3,"8",6,"0003900000","0050300000","0003555000","0042660000",NA,"0003500000","3555000","46160000"
1230009051,"01",1,"2412","6303",1,"8",6,"0007500000","0093000000","0006627000","0079524000",NA,"0003000000","6627000","82524000"
1230009051,"02",1,"2132","9231",1,"8",5,"0005550000","0068100000","0004963000","0059556000",NA,"0001500000","4963000","61056000"
1230025001,"01",1,"4190","7511",1,"8",6,"0007000000","0087000000","0005897000","0070764000",NA,"0003000000","5897000","73764000"
1230025001,"02",1,"2320","8021",1,"4",3,"0002500000","0033000000","0002252000","0027024000",NA,"0003000000","2252000","30024000"
1230025005,"01",1,"2320","8021",1,"8",6,"0005500000","0069000000","0004682000","0056184000",NA,"0003000000","4682000","59184000"
1230025007,"01",1,"1410","7511",1,"8",3,"0002500000","0030000000","0002500000","0030000000",NA,NA,"2500000","30000000"
1230057054,"01",1,"1427","5234",3,"12",7,"0007500000","0095000000","0006750000","0081000000",NA,"0005000000","6750000","86000000"
1230177056,"03",1,"4190","5234",3,"8",6,"0003000000","0037200000","0002787000","0031907997",NA,"0003000000","2787000","34907997"
1230329168,"01",1,"9314","4531",3,"10",6,"0005210000","0059920000","0004682867","0049925734","0","0004500000","4682867","54425734"
1230005254,"01",1,"5220","5233",3,"10",7,"0005100000","0071200000","0004579000","0054948000","0","0010000000","4579000","64948000"
1230005254,"02",1,"2310","8031",1,"3",1,"0001500000","0018000000","0001500000","0018000000","0","0","1500000","18000000"
1230005265,"01",1,"9141","9500",3,"10",7,"0002760000","0035620000","0002582200","0030986400","0","0002500000","2582200","33486400"
1230089148,"02",1,"3115","8513",1,"5",6,"0004500000","0057000000","0004067000","0048804000","0","0003000000","4067000","51804000"
1230301057,"03",1,"7212","3430",3,"9",6,"0004500000","0049800000","0004056000","0042431337","0","0003500000","4056000","45931337"
1230301061,"01",1,"8322","6023",3,"10",7,"0004800000","0057600000","0004800000","0057600000","0","0","4800000","57600000"
1230089153,"01",1,"9141","9500",3,"8",7,"0001500000","0018500000","0001500000","0018000000","0","0000500000","1500000","18500000"
1230089153,"02",1,"7141","4540",3,"8",4,"0003000000","0036000000","0003000000","0036000000","0","0","3000000","36000000"
1230201064,"01",1,"8322","5223",3,"8",6,"0004000000","0046500000","0003640333","0039844002","0","0003000000","3640333","42844002"
1230301055,"01",1,"9314","4521",3,"9",6,"0003800000","0003800000","0003800000","0003800000","0","0","3800000","3800000"
1230301065,"01",1,"2452","7511",1,"9",6,"0006540000","0069490000","0005716800","0059195137","0","0003000000","5716800","62195137"
1230213015,"04",1,"9152","7511",1,"10",7,"0007000000","0081000000","0006055334","0065884002","0","0006000000","6055334","71884002"
1230213015,"05",1,"2331","8012",1,"6",6,"0004600000","0052800000","0003952000","0042960000","0","0003000000","3952000","45960000"
1230029118,"01",1,"1410","4531",3,"8",6,"0021000000","0262000000","0016147000","0193764000","0","0010000000","16147000","203764000"
1230081193,"01",1,"4190","6421",1,"10",6,"0005800000","0065800000","0005176333","0054606668","0","0005000000","5176333","59606668"
1230081193,"02",1,"4190","4010",1,"8",6,"0004000000","0048200000","0003128333","0039587996","0","0005000000","3128333","44587996"
1230081199,"04",1,"2230","8511",1,"8",6,"0007000000","0078600000","0006200333","0065529332","0","0005000000","6200333","70529332"
1230081199,"05",1,"2230","8511",1,"8",6,"0007000000","0078600000","0006200333","0065529332",NA,"0005000000","6200333","70529332"
1230177061,"01",1,"4190","6512",1,"8",6,"0007000000","0080400000","0005897000","0063456000","0","0005400000","5897000","68856000"
1230333161,"01",1,"7221","3430",3,"9",6,"0004126500","0048279500","0003749930","0040940790","0","0003500000","3749930","44440790"
1230333168,"01",1,"9314","4521",3,"10",6,"0003200000","0038400000","0003200000","0038400000","0","0","3200000","38400000"
1230033144,"03",1,"2144","7290",3,"8",6,"0003000000","0039000000","0003000000","0036000000","0","0003000000","3000000","39000000"
1230081199,"07",1,"4190","7511",1,"8",6,"0005800000","0065800000","0005176333","0054606668","0","0005000000","5176333","59606668"
1230081199,"08",1,"4190","7511",1,"8",6,"0005800000","0065800000","0005176333","0054606668","0","0005000000","5176333","59606668"
1230225241,"01",1,"9314","4521",3,"9",6,"0002850000","0034200000","0002850000","0034200000","0","0","2850000","34200000"
1230225249,"01",1,"9211","0113",3,"10",6,"0003200000","0019200000","0003200000","0019200000","0","0","3200000","19200000"
1230225249,"01",2,"5220","5234",3,NA,NA,"0","0021000000","0","0021000000","0","0","0","21000000"
1230277151,"01",1,"9152","4521",3,"8",6,"0003000000","0003000000","0003000000","0003000000","0","0","3000000","3000000"
1230277154,"01",1,"5220","5222",3,"8",7,"0003000000","0021000000","0002786000","0018432000","0","0","2786000","18432000"
1230277158,"01",1,"2320","8021",1,"8",6,"0006700000","0074556000","0005653000","0060672360","0","0003000000","5653000","63672360"
1230325155,"01",1,"9152","7511",1,"8",4,"0003500000","0039600000","0003212667","0036797341","0","0002000000","3212667","38797341"
1230033140,"01",1,"8322","1110",3,"10",5,"0007500000","0090000000","0007500000","0090000000","0","0","7500000","90000000"
1230033148,"01",1,"3134","9213",3,"8",6,"0006500000","0079500000","0006500000","0078000000","0","0001500000","6500000","79500000"
1230033148,"02",1,"2412","7511",1,"8",6,"0006000000","0075000000","0005347000","0064164000","0","0003000000","5347000","67164000"
1230053168,"01",1,"8322","6022",3,"10",6,"0007000000","0084000000","0007000000","0084000000","0","0","7000000","84000000"
1230053162,"01",1,"5220","5240",3,"10",7,"0004000000","0050000000","0004000000","0046000000","0","0002000000","4000000","48000000"
1230245003,"01",1,"2320","8021",1,"6",6,"0008500000","0090000000","0007112000","0073194000","0","0003000000","7112000","76194000"
1230245003,"02",1,"2320","8021",1,"6",6,"0006000000","0065000000","0005087000","0052944000","0","0003000000","5087000","55944000"
1230265104,"01",1,"9314","4521",3,"10",7,"0004000000","0048000000","0004000000","0048000000","0","0","4000000","48000000"
1230265105,"03",1,"8281","3410",1,"10",6,"0006000000","0067000000","0005347000","0054777337","0","0006000000","5347000","60777337"
1230277163,"02",1,"7433","1810",3,"4",6,"0002000000","0004000000","0002000000","0004000000","0","0","2000000","4000000"
1230281118,"01",1,"4190","3430",3,"8",6,"0003600000","0047200000","0003299000","0037028000","0","0007000000","3299000","44028000"
1230285199,"01",1,"9333","2710",3,"8",6,"0005000000","0056000000","0004493667","0046243998","0","0005000000","4493667","51243998"
1230285207,"01",2,"7214","2811",3,NA,NA,"0","0028000000","0","0025482331","0","0","0","25482331"
1230285211,"01",1,"9314","4521",3,"8",6,"0004000000","0045300000","0004000000","0045300000","0","0","4000000","45300000"
1230245013,"01",1,"5220","5238",3,"8",6,"0003400000","0040400000","0003128334","0032419998","0","0005600000","3128334","38019998"
1230013208,"01",1,"2310","8031",1,"8",6,"0020500000","0251000000","0014364167","0172370004","0","0005000000","14364167","177370004"
1230057064,"01",1,"2142","4531",3,"8",7,"0007200000","0007200000","0006371000","0006371000","0","0","6371000","6371000"
1230057064,"01",2,"2142","4531",3,NA,NA,"0","0074000000","0","0061150000","0","0005000000","0","66150000"
1230069165,"01",1,"4134","5223",3,"10",7,"0004650000","0057100000","0004195000","0048036000","0","0004000000","4195000","52036000"
1230085104,"04",1,"5220","5223",3,"10",7,"0003500000","0042000000","0003500000","0042000000","0","0","3500000","42000000"
1230129247,"01",1,"4190","5223",3,"8",6,"0003700000","0043600000","0003384333","0036772002","0","0003700000","3384333","40472002"
1230173153,"01",1,"7233","4532",3,"5",5,"0001400000","0018200000","0001400000","0016800000","0","0001400000","1400000","18200000"
1230173153,"03",1,"5220","5223",3,"7",6,"0003000000","0009000000","0002787000","0008361000","0","0","2787000","8361000"
1230185007,"01",2,"5220","5232",3,NA,NA,"0","0011000000","0","0011000000","0","0","0","11000000"
1230185007,"03",1,"5220","5234",3,"8",6,"0003000000","0036000000","0003000000","0036000000","0","0","3000000","36000000"
1230133148,"01",1,"7433","1810",3,"6",4,"0002400000","0031200000","0002275000","0027300000","0","0002400000","2275000","29700000"
1230281110,"01",1,"7212","4521",3,"8",6,"0003800000","0042600000","0003469667","0039076004","0","0","3469667","39076004"
1230133156,"01",1,"2320","8021",3,"6",4,"0003000000","0036800000","0002787000","0031566663","0","0003000000","2787000","34566663"
1230133160,"01",1,"7241","5260",3,"6",2,"0001500000","0018000000","0001500000","0018000000","0","0","1500000","18000000"
1230133160,"03",2,"9314","4521",3,NA,NA,"0","0025000000","0","0025000000",NA,"0","0","25000000"
1230041005,"02",1,"2131","7511",1,"8",5,"0003450000","0044400000","0003171000","0038052000","0","0003000000","3171000","41052000"
1230041009,"03",1,"2145","3410",3,"8",6,"0006000000","0078000000","0005347000","0064164000","0","0006000000","5347000","70164000"
1230061014,"01",1,"9333","7250",3,"8",6,"0003750000","0048000000","0003427000","0041124000","0","0003000000","3427000","44124000"
1230153051,"02",1,"2132","7250",3,"8",6,"0003000000","0039000000","0003000000","0036000000","0","0003000000","3000000","39000000"
1230165162,"01",1,"5220","5030",3,"10",6,"0003000000","0039000000","0003000000","0036000000","0","0003000000","3000000","39000000"
1230165162,"03",1,"5220","5240",3,"10",6,"0002500000","0007500000","0002500000","0007500000","0","0","2500000","7500000"
1230165162,"04",1,"5220","5030",3,"10",6,"0003000000","0039000000","0003000000","0036000000","0","0003000000","3000000","39000000"
1230221056,"01",1,"5123","5521",3,"12",7,"0003500000","0043000000","0003500000","0042000000","0","0001000000","3500000","43000000"
1230221064,"01",1,"9131","6303",3,"10",7,"0003400000","0040400000","0003128334","0032419998","0","0005600000","3128334","38019998"
1230289011,"01",1,"9314","4521",3,"10",6,"0003800000","0045600000","0003800000","0045600000","0","0","3800000","45600000"
1230289011,"03",1,"9314","4521",3,"10",6,"0003200000","0038400000","0003200000","0038400000","0","0","3200000","38400000"
1230289015,"01",1,"9314","4521",3,"10",6,"0003850000","0046200000","0003850000","0046200000","0","0","3850000","46200000"
1230093065,"03",1,"7211","3410",1,"8",6,"0005550000","0067550000","0004963000","0056100000","0","0005000000","4963000","61100000"
1230093065,"04",2,"9333","7511",2,NA,NA,"0","0022000000","0","0022000000","0","0","0","22000000"
1230189054,"01",1,"9333","6512",3,"8",6,"0004000000","0049200000","0003640333","0042148002","0","0003000000","3640333","45148002"
1230189056,"01",1,"7422","3610",3,"8",6,"0006000000","0073500000","0005347000","0060323997","0","0006000000","5347000","66323997"
1230197097,"05",1,"7422","3610",3,"9",6,"0003200000","0038400000","0003200000","0038400000","0","0","3200000","38400000"
1230197098,"01",1,"8324","5223",3,"10",6,"0004000000","0047500000","0003629334","0040248668","0","0003500000","3629334","43748668"
1230289006,"01",1,"9314","4521",3,"10",6,"0003200000","0038400000","0003200000","0038400000","0","0","3200000","38400000"
1230289006,"03",1,"9314","4521",3,"10",6,"0003200000","0019200000","0003200000","0019200000","0","0","3200000","19200000"
1230289006,"03",2,"8281","3430",3,NA,NA,"0","0024000000","0","0021776004","0","0","0","21776004"
1230289006,"04",1,"5220","5238",3,"10",6,"0001800000","0021600000","0001800000","0021600000","0","0","1800000","21600000"
1230289011,"04",2,"0112","7522",1,NA,NA,"0","0003630000","0","0003267000","0","0","0","3267000"
1230289011,"06",1,"0112","7522",1,"12",6,"0000250000","0001250000","0000225000","0001125000","0","0","225000","1125000"
1230197109,"01",2,"4121","6023",3,NA,NA,"0","0041500000","0","0035766004","0","0002500000","0","38266004"
1230201060,"01",1,"5123","3410",3,"8",6,"0002800000","0036400000","0002616333","0031395996","0","0002800000","2616333","34195996"
1230017155,"01",1,"7221","2811",3,"8",6,"0003500000","0043500000","0003500000","0042000000","0","0001500000","3500000","43500000"
1230025010,"01",1,"5220","5010",3,"8",7,"0004500000","0055000000","0004067000","0048804000","0","0001000000","4067000","49804000"
1230141102,"04",1,"7233","5223",3,"8",6,"0003000000","0036300000","0002787000","0031140000","0","0003000000","2787000","34140000"
1230161238,"01",1,"8281","3410",3,"8",6,"0003800000","0047400000","0003469667","0039076004","0","0004800000","3469667","43876004"
1230165157,"01",1,"5220","5223",3,"10",3,"0001000000","0012000000","0001000000","0012000000","0","0","1000000","12000000"
1230193055,"01",1,"2148","7421",3,"8",6,"0005000000","0061600000","0004493667","0050169330","0","0006000000","4493667","56169330"
1230241049,"01",1,"5220","5259",3,"12",7,"0005000000","0062000000","0005000000","0060000000","0","0002000000","5000000","62000000"
1230065098,"01",1,"5220","5259",3,"8",6,"0003600000","0046200000","0003299000","0039588000","0","0003000000","3299000","42588000"
1230065102,"02",1,"9132","8012",3,"5",6,"0001500000","0019500000","0001500000","0018000000","0","0001500000","1500000","19500000"
1230101344,"01",1,"9152","9500",3,"8",6,"0002500000","0030000000","0002500000","0030000000","0","0","2500000","30000000"
1230193057,"03",1,"3429","5259",3,"8",6,"0002500000","0002500000","0002500000","0002500000","0","0","2500000","2500000"
1230193059,"03",2,"5220","5233",3,NA,NA,"0","0002000000","0","0002000000","0","0","0","2000000"
1230193064,"01",1,"3413","7020",3,"8",6,"0002000000","0024000000","0002000000","0024000000","0","0","2000000","24000000"
1230193064,"03",1,"9152","7523",1,"8",5,"0001700000","0022100000","0001700000","0020400000","0","0001700000","1700000","22100000"
1230193066,"01",1,"8322","5259",3,"8",6,"0003800000","0045600000","0003800000","0045600000","0","0","3800000","45600000"
1230209060,"04",1,"4190","6021",3,"8",6,"0003300000","0039900000","0003146000","0034162000","0","0003300000","3146000","37462000"
1230209060,"05",1,"4113","7511",1,"8",6,"0003500000","0040500000","0003336667","0034543334","0","0003500000","3336667","38043334"
1230209069,"01",1,"4190","5234",3,"8",6,"0005000000","0062500000","0004493667","0051790664","0","0005000000","4493667","56790664"
1230221056,"02",1,"3211","8515",3,"8",6,"0003400000","0040400000","0003128334","0032419998","0","0005600000","3128334","38019998"
1230253008,"02",1,"4190","1515",3,"8",6,"0003450000","0039250000","0003171000","0031950663","0","0005000000","3171000","36950663"
1230253011,"01",1,"5161","7511",1,"10",6,"0011000000","0117000000","0008367000","0084124000","0","0007000000","8367000","91124000"
1230337098,"04",1,"0112","7522",1,"12",6,"0000350000","0001750000","0000315000","0001575000","0","0","315000","1575000"
1230189050,"01",1,"7442","1920",3,"8",6,"0003000000","0034500000","0002787000","0029603997","0","0003000000","2787000","32603997"
1230013213,"01",1,"2142","4531",3,"8",6,"0007500000","0090000000","0007500000","0090000000","0","0","7500000","90000000"
1230273053,"01",1,"4190","1110",3,"8",6,"0004000000","0048200000","0003128333","0039587996","0","0005000000","3128333","44587996"
1230273057,"01",1,"8282","2912",3,"8",7,"0004000000","0048200000","0003128333","0039587996","0","0005000000","3128333","44587996"
1230273060,"01",1,"7126","4521",3,"10",6,"0003500000","0042000000","0003500000","0042000000","0","0","3500000","42000000"
1230289006,"05",1,"5220","5259",3,"12",7,"0003000000","0015000000","0003000000","0015000000","0","0","3000000","15000000"
1230289009,"01",1,"7438","1711",3,"9",6,"0005210000","0059210000","0004682867","0049298867","0","0004500000","4682867","53798867"
1230337102,"01",1,"4190","4100",1,"7",6,"0005800000","0065800000","0005179334","0054488671","0","0005000000","5179334","59488671"
1230337109,"01",1,"7111","1010",3,"10",6,"0003600000","0039600000","0003299000","0033956000","0","0003000000","3299000","36956000"
1230049149,"01",1,"1410","8031",1,"8",6,"0008000000","0099000000","0006707000","0080484000","0","0003000000","6707000","83484000"
1230165157,"03",1,"2142","1110",3,"8",6,"0037500000","0046250000","0003427000","0039204003","0","0003500000","3427000","42704003"
1230165157,"04",1,"8324","5223",3,"8",6,"0003500000","0042000000","0003500000","0042000000","0","0","3500000","42000000"
1230249012,"03",1,"4190","7498",3,"8",6,"0003500000","0042000000","0003500000","0042000000","0","0","3500000","42000000"
1230101339,"03",1,"4212","6512",3,"8",6,"0004500000","0054300000","0004067000","0046500000","0","0003000000","4067000","49500000"
1230101339,"04",1,"5141","9302",3,"8",6,"0003000000","0031500000","0003000000","0031500000","0","0","3000000","31500000"
1230005262,"01",1,"2149","6303",1,"8",6,"0011000000","0128430000","0008484167","0097389501","0","0003000000","8484167","100389501"
1230005262,"02",1,"3435","4100",1,"8",6,"0007770000","0092740000","0006657400","0076498806","0","0004000000","6657400","80498806"
1230249013,"01",1,"7311","4010",3,"10",7,"0005800000","0065800000","0005176333","0054606668","0","0005000000","5176333","59606668"
1230321116,"03",1,"5123","5521",3,"5",6,"0002500000","0030000000","0002500000","0030000000","0","0","2500000","30000000"
1230021140,"01",1,"0111","7511",1,"8",6,"0007420000","0088260000","0006752200","0077586600","0","0003000000","6752200","80586600"
1230017157,"01",1,"4190","6411",1,"8",6,"0004800000","0057900000","0004323000","0049572000","0","0003000000","4323000","52572000"
1230021143,"01",1,"0111","7522",1,"8",6,"0007420000","0088260000","0006752200","0077586600","0","0003000000","6752200","80586600"
1230021145,"01",1,"0111","7522",1,"8",6,"0007500000","0089400000","0006825000","0077532000","0","0003000000","6825000","80532000"
1230317104,"01",1,"8281","3410",1,"9",6,"0005300000","0061100000","0004768667","0051050674","0","0004500000","4768667","55550674"
1230321117,"01",1,"9152","5010",3,"15",3,"0006415000","0073745000","0005697634","0061276908","0","0005000000","5697634","66276908"
1230321117,"03",1,"0111","7522",1,"8",6,"0005500000","0063750000","0004616000","0050217000","0","0004500000","4616000","54717000"
1230321121,"01",1,"7442","1920",3,"9",6,"0003800000","0030400000","0003800000","0030400000","0","0","3800000","30400000"
1230317093,"01",2,"5220","5223",3,NA,NA,"0","0028000000","0","0028000000","0","0","0","28000000"
1230021153,"01",1,"0111","7522",1,"8",6,"0007500000","0089400000","0006825000","0077532000","0","0003000000","6825000","80532000"
1230237009,"01",1,"2320","8090",3,"5",5,"0005000000","0060000000","0005000000","0060000000","0","0","5000000","60000000"
1230049153,"03",1,"3211","8511",3,"8",6,"0003600000","0046200000","0003299000","0039588000","0","0003000000","3299000","42588000"
1230293049,"01",1,"5220","5222",3,"10",7,"0004500000","0054000000","0004500000","0049500000","0","0004500000","4500000","54000000"
1230293053,"01",1,"5220","5222",3,"10",7,"0004600000","0052700000","0004151334","0044596008","0","0003500000","4151334","48096008"
1230293062,"01",1,"5220","5240",3,"8",7,"0004600000","0053200000","0004151334","0044596008","0","0004000000","4151334","48596008"
1230237011,"01",1,"7224","2892",3,"12",7,"0005800000","0065800000","0005176333","0054606668","0","0005000000","5176333","59606668"
1230293057,"02",1,"4190","7511",1,"8",6,"0004367500","0050235000","0003979684","0042656038","0","0003500000","3979684","46156038"
1230049153,"04",1,"4115","5223",2,"8",6,"0003600000","0046200000","0003299000","0039588000","0","0003000000","3299000","42588000"
1230001014,"01",1,"4190","7511",1,"12",6,"0008000000","0099000000","0006607000","0079284000","0","0003000000","6607000","82284000"
1230061008,"02",1,"2320","8021",1,"8",6,"0004600000","0055500000","0003953000","0045249000","0","0003000000","3953000","48249000"
1230181005,"01",1,"5220","5235",3,"12",6,"0004000000","0049000000","0004000000","0048000000","0","0001000000","4000000","49000000"
1230181015,"01",1,"9141","9305",3,"10",7,"0005000000","0065000000","0005000000","0060000000","0","0005000000","5000000","65000000"
1230181015,"03",1,"9333","6023",3,"12",6,"0003000000","0037000000","0003000000","0036000000","0","0001000000","3000000","37000000"
1230077010,"02",1,"2359","8090",3,"7",4,"0003500000","0042000000","0003500000","0042000000","0","0","3500000","42000000"
1230017146,"03",1,"4115","5234",3,"8",6,"0002500000","0007500000","0002500000","0007500000","0","0","2500000","7500000"
1230117160,"01",1,"7417","1545",3,"10",6,"0004800000","0057600000","0004323000","0051876000","0","0","4323000","51876000"
1230077015,"01",1,"2230","8517",1,"8",7,"0006900000","0085800000","0006115000","0073380000","0","0003000000","6115000","76380000"
1230117165,"01",1,"4134","6512",1,"8",6,"0004200000","0053400000","0003811000","0045732000","0","0003000000","3811000","48732000"
1230045120,"01",1,"2142","4531",3,"8",6,"0005100000","0066200000","0004579000","0054948000","0","0005000000","4579000","59948000"
1230133158,"01",1,"9152","4521",3,"8",6,"0002500000","0030000000","0002500000","0030000000","0","0","2500000","30000000"
1230157066,"01",1,"5220","5238",3,"8",6,"0003000000","0036000000","0003000000","0036000000","0","0","3000000","36000000"
1230285205,"01",1,"9211","7511",3,"8",6,"0001800000","0023400000","0001716000","0020592000","0","0001800000","1716000","22392000"
1230305160,"01",1,"9152","3430",3,"15",3,"0005200000","0060600000","0004673334","0050524002","0","0004500000","4673334","55024002"
1230325158,"01",1,"4113","7511",1,"8",5,"0004000000","0045600000","0003466000","0040028000","0","0002000000","3466000","42028000"
1230325162,"01",1,"9314","4521",3,"10",6,"0003000000","0036000000","0003000000","0036000000","0","0","3000000","36000000"
1230325162,"04",1,"7411","1515",3,"8",6,"0002000000","0024000000","0002000000","0024000000","0","0","2000000","24000000"
1230045112,"01",1,"9152","5232",3,"10",7,"0003000000","0036000000","0003000000","0036000000","0","0","3000000","36000000"
1230045112,"02",1,"9333","5232",3,"10",6,"0002500000","0030000000","0002500000","0030000000","0","0","2500000","30000000"
1230097116,"01",1,"9132","8513",3,"10",6,"0004500000","0061000000","0004067000","0048804000","0","0007000000","4067000","55804000"
1230125169,"01",1,"8324","7511",3,"8",6,"0004500000","0049000000","0004067000","0044537330","0","0","4067000","44537330"
1230125173,"02",2,"5123","2611",3,NA,NA,"0","0004000000","0","0004000000","0","0","0","4000000"
1230157053,"01",1,"7422","4521",3,"10",6,"0005000000","0060000000","0005000000","0060000000","0","0","5000000","60000000"
1230157057,"03",1,"7245","4010",3,"8",6,"0003750000","0052500000","0003427000","0041124000","0","0007500000","3427000","48624000"
1230185013,"01",1,"5220","5521",3,"8",6,"0003500000","0003500000","0003500000","0003500000","0","0","3500000","3500000"
1230201063,"01",1,"9314","4521",3,"8",6,"0003000000","0036000000","0003000000","0036000000","0","0","3000000","36000000"
1230201063,"03",2,"0112","7522",1,NA,NA,"0","0000540000","0","0000491400","0","0","0","491400"
1230205144,"07",1,"8272","1520",1,"8",6,"0003500000","0044800000","0003213667","0036686667","0","0005000000","3213667","41686667"
1230205150,"03",2,"7433","1810",3,NA,NA,"0","0027500000","0","0027500000","0","0","0","27500000"
1230205153,"01",1,"9132","7412",3,"8",6,"0003750000","0040050000","0003427000","0032206663","0","0005500000","3427000","37706663"
1230209064,"01",1,"8268","9301",3,"8",6,"0003200000","0039400000","0002957667","0033785334","0","0003000000","2957667","36785334"
1230109055,"03",1,"3475","9241",3,"6",6,"0002500000","0030000000","0002500000","0030000000","0","0","2500000","30000000"
1230109058,"01",2,"8322","8511",3,NA,NA,"0004500000","0057000000","0004067000","0048804000","0","0003000000","4067000","51804000"
1230109059,"03",1,"2429","7530",3,"8",6,"0004500000","0057000000","0004067000","0048804000","0","0003000000","4067000","51804000"
1230109059,"04",1,"5220","5259",3,"8",6,"0005100000","0065700000","0004579000","0054948000","0","0004500000","4579000","59448000"
1230109067,"03",1,"5121","6210",1,"8",6,"0005400000","0067800000","0004835000","0058020000","0","0003000000","4835000","61020000"
1230113163,"01",1,"2310","8031",1,"8",2,"0007000000","0084000000","0006650000","0079800000","0","0","6650000","79800000"
1230113163,"01",1,"2310","8031",1,"8",4,"0023300000","0257400000","0016761333","0184061583","0","0003000000","16761333","187061583"
1230113171,"03",1,"2132","7250",3,"8",6,"0002500000","0032000000","0002500000","0030000000","0","0002000000","2500000","32000000"
1230153061,"02",1,"2411","8031",1,"8",6,"0003500000","0043200000","0003213667","0037028001","0","0003000000","3213667","40028001"
1230161236,"01",1,"1423","8012",1,"6",6,"0007000000","0082000000","0005897000","0066714000","0","0003000000","5897000","69714000"
1230161236,"02",1,"2320","8021",1,"8",3,"0004300000","0052600000","0003710000","0042900000","0","0003000000","3710000","45900000"
1230145117,"01",1,"3435","5238",3,"10",7,"0004000000","0050000000","0004000000","0048000000","0","0002000000","4000000","50000000"
1230113158,"01",1,"9152","7511",1,"8",6,"0006000000","0075000000","0005347000","0064164000","0","0003000000","5347000","67164000"
1230121005,"01",1,"4190","6512",1,"8",6,"0006500000","0081000000","0005427000","0065124000","0","0003000000","5427000","68124000"
1230145105,"01",1,"5220","5259",3,"16",6,"0006000000","0075000000","0006000000","0072000000","0","0003000000","6000000","75000000"
1230169164,"01",1,"7122","4521",3,"10",5,"0005000000","0060000000","0005000000","0060000000","0","0","5000000","60000000"
1230169168,"01",1,"7433","1810",3,"12",6,"0003000000","0037000000","0003000000","0036000000","0","0001000000","3000000","37000000"
1230229114,"03",1,"7433","1810",3,"8",6,"0002700000","0034400000","0002700000","0032400000","0","0002000000","2700000","34400000"
1230093053,"01",1,"4190","9214",1,"8",6,"0005550000","0065550000","0004963000","0056100000","0","0003000000","4963000","59100000"
1230009057,"01",1,"1424","7290",3,"8",6,"0009270000","0116240000","0007787400","0093448800","0","0005000000","7787400","98448800"
1230041002,"01",1,"1410","6512",1,"8",6,"0007500000","0088500000","0006227000","0071124000","0","0003000000","6227000","74124000"
1230041002,"02",1,"1410","4532",3,"8",6,"0023300000","0264900000","0017713000","0198073503","0","0006000000","17713000","204073503"
1230057060,"01",1,"8324","6021",3,"8",6,"0003500000","0042000000","0003500000","0042000000","0","0","3500000","42000000"
1230097112,"01",1,"9152","9500",3,"8",6,"0003555000","0042660000","0003260600","0039127200","0","0","3260600","39127200"
1230097112,"01",2,"8321","6021",3,NA,NA,"0","0015000000","0","0015000000","0","0","0","15000000"
1230117157,"01",1,"5130","9500",3,"8",6,"0003000000","0035200000","0003000000","0035200000","0","0","3000000","35200000"
1230117157,"02",2,"9131","9500",3,NA,NA,"0","0016000000","0","0016000000","0","0","0","16000000"
1230229114,"04",1,"7433","1810",3,"8",6,"0002500000","0032000000","0002500000","0030000000","0","0002000000","2500000","32000000"
1230157057,"04",1,"0112","7522",1,"8",6,"0000600000","0004800000","0000594000","0004752000","0","0","594000","4752000"
1230233117,"01",1,"8321","6021",3,"8",6,"0002500000","0030000000","0002500000","0030000000","0","0","2500000","30000000"
1230257054,"01",1,"4190","3410",3,"8",6,"0006000000","0068000000","0005347000","0055630670","0","0006000000","5347000","61630670"
1230257059,"02",1,"2320","8012",1,"4",6,"0005200000","0058400000","0004439000","0047598000","0","0003000000","4439000","50598000"
1230257064,"02",1,"4190","6512",1,"8",6,"0003400000","0040400000","0003128334","0032419998","0","0005600000","3128334","38019998"
1230233114,"01",1,"9314","4521",3,"10",5,"0003000000","0036000000","0003000000","0036000000","0","0","3000000","36000000"
1230257057,"01",1,"9314","4521",3,"10",3,"0002000000","0024000000","0002000000","0024000000","0","0","2000000","24000000"
1230257057,"03",1,"8322","6022",3,"8",6,"0005000000","0060000000","0005000000","0060000000","0","0","5000000","60000000"
1230034002,"01",1,"4190","7511",3,"8",6,"0009000000","0107000000","0009000000","0102000000","0","0005000000","9000000","107000000"
1230034002,"02",1,"2320","8021",1,"6",3,"0004600000","0056400000","0003953000","0045978000","0","0003000000","3953000","48978000"
1230034013,"01",1,"2145","1110",3,"12",6,"0023103333","0266619998","0017583511","0200016072","0","0005000000","17583511","205016072"
1230282345,"01",1,"9314","4521",3,"10",4,"0002000000","0022000000","0002000000","0022000000","0","0","2000000","22000000"
1230282355,"02",1,"4190","3410",3,"8",6,"0003200000","0043000000","0002957667","0034297335","0","0006000000","2957667","40297335"
1230282355,"03",1,"4190","4100",3,"8",6,"0002000000","0004000000","0002000000","0004000000","0","0","2000000","4000000"
1230206058,"01",1,"8155","2699",3,"10",6,"0005000000","0030000000","0005000000","0030000000","0","0","5000000","30000000"
1230126012,"01",1,"9333","6023",3,"9",6,"0003655000","0010965000","0003345934","0010037802","0","0","3345934","10037802"
1230126013,"01",1,"9131","9500",3,"8",6,"0004500000","0009000000","0004500000","0009000000","0","0","4500000","9000000"
1230206063,"01",1,"9333","5223",2,"8",6,"0003520000","0046740000","0003230734","0037403472","0","0005200000","3230734","42603472"
1230282349,"03",1,"5220","5259",3,"8",6,"0002500000","0002500000","0002500000","0002500000","0","0","2500000","2500000"
1230282349,"03",2,"8112","2696",3,NA,NA,"0","0004000000","0","0004000000","0","0","0","4000000"
1230282352,"01",1,"9333","1515",3,"8",6,"0003500000","0032500000","0003213667","0028923003","0","0001000000","3213667","29923003"
1230282352,"01",2,"9314","4521",3,NA,NA,"0","0007000000","0","0007000000","0","0","0","7000000"
1230330064,"01",1,"8282","3000",3,"10",6,"0003400000","0034000000","0003128334","0031283340","0","0","3128334","31283340"
1230174001,"03",1,"5220","5222",3,"10",6,"0003000000","0037000000","0003000000","0036000000","0","0001000000","3000000","37000000"
1230138192,"01",1,"8324","6023",3,"12",5,"0005000000","0053000000","0005000000","0053000000","0","0","5000000","53000000"
1230174007,"03",1,"7433","1810",3,"5",6,"0002000000","0024000000","0002000000","0024000000","0","0","2000000","24000000"
1230174007,"04",1,"5220","5259",3,"8",6,"0002500000","0030000000","0002500000","0030000000","0","0","2500000","30000000"
1230174007,"05",1,"4115","7250",3,"8",6,"0002500000","0031000000","0002500000","0030000000","0","0001000000","2500000","31000000"
1230178056,"01",1,"5220","5233",3,"8",6,"0003500000","0042000000","0003500000","0042000000","0","0","3500000","42000000"
1230330062,"03",1,"7122","2912",3,"9",6,"0003400000","0020400000","0003400000","0020400000","0","0","3400000","20400000"
1230174014,"01",1,"7433","1810",3,"10",6,"0003000000","0036000000","0003000000","0036000000","0","0","3000000","36000000"
1230334101,"01",1,"4190","7522",1,"8",6,"0004000000","0046300000","0003640334","0040100004","0","0002500000","3640334","42600004"
1230334110,"01",1,"8333","2919",3,"10",6,"0003000000","0034800000","0002787000","0032420004","0","0","2787000","32420004"
1230110118,"01",1,"9152","4010",1,"8",6,"0004500000","0055200000","0004067000","0046756000","0","0003600000","4067000","50356000"
1230110118,"02",1,"4190","4010",1,"8",6,"0003500000","0043200000","0003213667","0036516004","0","0003600000","3213667","40116004"
1230302213,"01",1,"9152","4521",3,"10",7,"0003500000","0042000000","0003500000","0042000000","0","0","3500000","42000000"
1230302207,"01",1,"7341","2221",3,"8",6,"0003000000","0034800000","0002852667","0030769336","0","0002000000","2852667","32769336"
1230334108,"01",1,"5220","5133",3,"12",6,"0003200000","0041200000","0002957667","0033188004","0","0005500000","2957667","38688004"
1230110114,"01",1,"4190","8021",1,"7",6,"0002000000","0024000000","0002000000","0024000000","0","0","2000000","24000000"
1230110114,"02",1,"1429","8021",1,"8",6,"0007000000","0083500000","0005897000","0067524000","0","0003500000","5897000","71024000"
1230110114,"03",1,"2142","4521",3,"8",6,"0003500000","0003500000","0003500000","0003500000","0","0","3500000","3500000"
1230058010,"01",1,"8322","7511",1,"8",6,"0005750000","0069900000","0004884500","0056913000","0","0003000000","4884500","59913000"
1230142350,"01",1,"5220","5232",3,"8",6,"0003000000","0039000000","0003000000","0036000000","0","0003000000","3000000","39000000"
1230254008,"04",1,"5220","5232",3,"12",6,"0002500000","0030000000","0002500000","0030000000","0","0","2500000","30000000"
1230254014,"04",1,"5220","5232",3,"12",6,"0003000000","0036000000","0003000000","0036000000","0","0","3000000","36000000"
1230226251,"01",1,"8332","7511",3,"8",6,"0003500000","0043700000","0003213667","0037028004","0","0003500000","3213667","40528004"
1230242155,"01",1,"4190","5223",3,"8",6,"0006000000","0072000000","0005347000","0062164000","0","0002000000","5347000","64164000"
1230170108,"01",1,"9320","2520",3,"8",6,"0002500000","0032500000","0002500000","0030000000","0","0002500000","2500000","32500000"
1230170108,"03",2,"7345","2222",3,NA,NA,"0","0014000000","0","0014000000","0","0","0","14000000"
1230226258,"03",1,"0111","7522",1,"8",6,"0000550000","0002200000","0000522500","0002090000","0","0","522500","2090000"
1230242157,"01",1,"4190","2222",3,"10",6,"0004500000","0054400000","0004067000","0047438672","0","0002000000","4067000","49438672"
1230242160,"01",1,"8163","1542",3,"8",6,"0004800000","0019200000","0004323000","0017292000","0","0","4323000","17292000"
1230242160,"02",1,"2320","8021",3,"6",6,"0005000000","0050000000","0004493667","0043684004","0","0002000000","4493667","45684004"
1230242160,"05",2,"2310","8031",1,NA,NA,"0","0018000000","0","0018000000","0","0","0","18000000"
1230266006,"01",1,"9152","8031",1,"15",5,"0006500000","0098000000","0004920334","0088457340","0","0002000000","4920334","90457340"
1230302201,"01",1,"9333","6023",3,"8",3,"0001500000","0013500000","0001500000","0013500000","0","0","1500000","13500000"
1230302206,"01",2,"9314","4521",3,NA,NA,"0","0001500000","0","0001500000","0","0","0","1500000"
1230302206,"03",2,"9314","4521",3,NA,NA,"0","0002250000","0","0002250000","0","0","0","2250000"
1230102244,"02",1,"2331","8012",1,"6",6,"0005500000","0066000000","0004892500","0056280000","0","0003000000","4892500","59280000"
1230162001,"05",1,"4190","6302",3,"10",6,"0003000000","0037500000","0002787000","0033444000","0","0001500000","2787000","34944000"
1230162001,"06",1,"4190","5259",3,"10",6,"0004000000","0049000000","0003640334","0043684008","0","0001000000","3640334","44684008"
1230162010,"01",1,"7422","3610",3,"7",5,"0005000000","0060000000","0005000000","0060000000","0","0","5000000","60000000"
1230162013,"03",1,"3435","8511",1,"8",6,"0004200000","0052000000","0003629000","0042414000","0","0003000000","3629000","45414000"
1230162013,"04",1,"3435","8511",1,"8",6,"0004500000","0056800000","0003872000","0045897000","0","0003500000","3872000","49397000"
1230170121,"01",1,"9151","5521",3,"8",6,"0005500000","0064000000","0004920333","0052217332","0","0006000000","4920333","58217332"
1230210165,"03",2,"0112","7522",1,NA,NA,"0","0002700000","0","0002457000","0","0","0","2457000"
1230250012,"01",1,"8312","6021",3,"12",7,"0012000000","0138500000","0010467000","0115363998","0","0006500000","10467000","121863998"
1230262222,"01",1,"1410","6021",3,"10",6,"0015000000","0186000000","0015000000","0180000000","0","0006000000","15000000","186000000"
1230310002,"01",1,"5220","5521",3,"10",6,"0004000000","0048000000","0004000000","0048000000","0","0","4000000","48000000"
1230310010,"01",1,"9314","4521",3,"10",6,"0003000000","0036000000","0003000000","0036000000","0","0","3000000","36000000"
1230326149,"01",2,"5130","9002",3,NA,NA,"0","0024000000","0","0024000000","0","0","0","24000000"
1230250014,"03",1,"5220","5521",3,"14",7,"0003000000","0037000000","0003000000","0036000000","0","0001000000","3000000","37000000"
1230250008,"01",1,"9314","4521",3,"10",4,"0003000000","0036000000","0003000000","0036000000","0","0","3000000","36000000"
1230250004,"03",1,"5220","5232",3,"14",7,"0003000000","0036000000","0003000000","0036000000","0","0","3000000","36000000"
1230290057,"01",1,"8321","6021",3,"10",6,"0004300000","0051600000","0004300000","0051600000","0","0","4300000","51600000"
1230290060,"03",1,"4190","2612",3,"9",6,"0003000000","0036000000","0003000000","0036000000","0","0","3000000","36000000"
1230290062,"03",1,"5220","5233",3,"9",6,"0003000000","0036000000","0003000000","0036000000","0","0","3000000","36000000"
1230326151,"01",1,"0111","7522",1,"8",6,"0005000000","0060600000","0004216000","0048832000","0","0003000000","4216000","51832000"
1230326156,"01",1,"8322","6022",3,"9",7,"0004500000","0049500000","0004500000","0049500000","0","0","4500000","49500000"
1230314189,"01",1,"0111","7522",1,"9",6,"0005815000","0066260000","0004883500","0053262000","0","0003000000","4883500","56262000"
1230314195,"01",1,"4190","6512",1,"9",6,"0005815000","0063060000","0004941650","0051382600","0","0003000000","4941650","54382600"
1230158110,"03",1,"2320","8012",1,"8",6,"0003000000","0037000000","0002657000","0030264000","0","0003000000","2657000","33264000"
1230230054,"01",1,"9314","4521",3,"9",6,"0003500000","0042000000","0003500000","0042000000","0","0","3500000","42000000"
1230230054,"05",1,"5123","5521",3,"8",7,"0001500000","0006000000","0001500000","0006000000","0","0","1500000","6000000"
1230338058,"01",1,"8322","6022",3,"10",6,"0004200000","0050400000","0004200000","0050400000","0","0","4200000","50400000"
1230114119,"01",1,"5220","5259",3,"8",6,"0004800000","0060000000","0004323000","0050084000","0","0004500000","4323000","54584000"
1230098014,"01",1,"8321","6021",3,"8",6,"0003000000","0003000000","0003000000","0003000000","0","0","3000000","3000000"
1230098014,"02",1,"2332","8011",3,"8",6,"0002250000","0019000000","0002145000","0017160000","0","0001000000","2145000","18160000"
1230078160,"01",1,"3435","8031",1,"10",5,"0004000000","0047500000","0003640334","0040697339","0","0003000000","3640334","43697339"
1230094210,"01",1,"1410","3312",3,"8",6,"0005400000","0068300000","0005045500","0059266000","0","0005000000","5045500","64266000"
1230066196,"01",1,"3475","9241",3,"6",4,"0002500000","0031000000","0002500000","0030000000","0","0001000000","2500000","31000000"
1230066200,"03",1,"4190","8031",3,"8",6,"0004293000","0052815000","0003890360","0045232800","0","0003000000","3890360","48232800"
1230066200,"04",1,"1410","1542",3,"8",6,"0004500000","0056900000","0004067000","0047012000","0","0005000000","4067000","52012000"
1230066200,"05",1,"2145","4521",3,"8",6,"0004050000","0024300000","0003683000","0022098000","0","0","3683000","22098000"
1230098010,"01",1,"2145","4531",3,"8",6,"0004050000","0049000000","0003683000","0041124000","0","0004000000","3683000","45124000"
1230102250,"03",1,"5220","2612",3,"8",6,"0005000000","0060000000","0005000000","0060000000","0","0","5000000","60000000"
1230102250,"04",1,"3429","1548",3,"8",6,"0005100000","0063050000","0004579000","0052260000","0","0005000000","4579000","57260000"
1230322106,"01",1,"7224","3410",1,"8",6,"0004500000","0056000000","0004277500","0051330000","0","0002000000","4277500","53330000"
1230322110,"01",1,"9132","8031",1,"10",5,"0003800000","0047600000","0003622667","0043472004","0","0002000000","3622667","45472004"
1230322104,"01",1,"9314","4521",3,"10",4,"0003500000","0042000000","0003500000","0042000000","0","0","3500000","42000000"
1230322112,"01",1,"8322","7498",3,"8",6,"0004350000","0052200000","0004350000","0052200000","0","0","4350000","52200000"
1230322112,"04",1,"0112","7522",1,"8",6,"0000200000","0002400000","0000180000","0002160000","0","0","180000","2160000"
1230026059,"01",1,"2331","8012",1,"8",6,"0005000000","0061500000","0004487500","0052635000","0","0003000000","4487500","55635000"
1230034008,"02",1,"2230","8511",3,"8",6,"0005400000","0066300000","0005045500","0059266000","0","0003000000","5045500","62266000"
1230038012,"02",1,"9141","9305",1,"8",6,"0004500000","0053700000","0004067000","0045732000","0","0003300000","4067000","49032000"
1230038012,"03",1,"8322","6022",3,"8",6,"0003000000","0003000000","0003000000","0003000000","0","0","3000000","3000000"
1230038012,"03",2,"5220","5234",3,NA,NA,"0","0018000000","0","0018000000","0","0","0","18000000"
1230078156,"01",1,"4190","7511",1,"10",7,"0006000000","0071500000","0005347000","0061177338","0","0003000000","5347000","64177338"
1230146199,"01",1,"5220","2914",3,"8",5,"0003000000","0012000000","0002787000","0011148000","0","0","2787000","11148000"
1230146199,"01",2,"9132","2921",3,NA,NA,"0","0018000000","0","0016722000","0","0","0","16722000"
1230146199,"02",1,"2320","8012",1,"8",6,"0005000000","0056350000","0004277000","0046140000","0","0002750000","4277000","48890000"
1230146194,"01",1,"9314","4521",3,"8",6,"0003000000","0036000000","0003000000","0036000000","0","0","3000000","36000000"
1230058002,"01",1,"1142","9120",3,"4",6,"0004000000","0040000000","0004000000","0040000000","0","0","4000000","40000000"
1230030170,"01",1,"4190","1920",3,"8",6,"0006000000","0075900000","0005347000","0062372000","0","0006000000","5347000","68372000"
1230030170,"02",1,"2331","8012",1,"6",6,"0005100000","0062100000","0004358000","0050665000","0","0003000000","4358000","53665000"
1230058004,"04",1,"7233","3120",3,"8",6,"0004500000","0054700000","0004277500","0049689000","0","0002500000","4277500","52189000"
1230126004,"01",1,"8322","7511",1,"8",6,"0004000000","0050000000","0003600000","0043684008","0","0002000000","3600000","45684008"
1230150161,"03",1,"5220","5236",3,"8",6,"0001500000","0019000000","0001500000","0018000000","0","0001000000","1500000","19000000"
1230218144,"01",1,"0111","7522",1,"8",5,"0006500000","0080500000","0005850000","0070200000","0","0002500000","5850000","72700000"
1230218154,"01",1,"8322","6022",3,"10",7,"0005500000","0066000000","0005500000","0066000000","0","0","5500000","66000000"
1230278174,"01",1,"9132","6512",1,"8",6,"0004000000","0049100000","0003467000","0039660000","0","0003500000","3467000","43160000"
1230318167,"01",1,"4134","2710",3,"10",6,"0004000000","0048000000","0003629334","0040642339","0","0003500000","3629334","44142339"
1230006201,"01",1,"2444","7496",3,"8",6,"0005000000","0059500000","0004704167","0053890002","0","0002500000","4704167","56390002"
1230038009,"03",1,"3435","4521",3,"8",6,"0004500000","0054300000","0004067000","0046500000","0","0003000000","4067000","49500000"
1230042111,"04",1,"2320","8021",3,"6",5,"0004500000","0055200000","0004067000","0047268000","0","0003000000","4067000","50268000"
1230110111,"01",1,"4190","6512",1,"8",6,"0007000000","0076000000","0005897000","0064284000","0","0003800000","5897000","68084000"
1230126002,"01",1,"3115","6303",1,"8",6,"0005000000","0065000000","0004277000","0051324000","0","0005000000","4277000","56324000"
1230134120,"01",1,"9152","6303",1,"8",6,"0004500000","0052000000","0003827000","0042724000","0","0002000000","3827000","44724000"
1230146186,"02",1,"7218","2812",3,"8",6,"0004300000","0053500000","0003896333","0044707996","0","0004300000","3896333","49007996"
1230146186,"04",1,"5220","5235",3,"10",6,"0002500000","0032500000","0002500000","0030000000","0","0002500000","2500000","32500000"
1230146186,"05",1,"5220","5235",3,"10",6,"0002500000","0032500000","0002500000","0030000000","0","0002500000","2500000","32500000"
1230218145,"01",1,"9333","8511",1,"8",6,"0002850000","0036200000","0002850000","0034200000","0","0002000000","2850000","36200000"
1230298004,"01",1,"9152","6302",3,"8",6,"0004000000","0050000000","0003640334","0043684008","0","0002000000","3640334","45684008"
1230214058,"01",1,"4122","7511",1,"8",5,"0007000000","0089000000","0005897000","0070764000","0","0005000000","5897000","75764000"
1230122061,"01",2,"4190","6421",1,NA,NA,"0","0024000000","0","0021788000","0","0","0","21788000"
1230214050,"01",1,"7218","5020",3,"8",6,"0003000000","0039000000","0003000000","0036000000","0","0003000000","3000000","39000000"
1230214050,"03",1,"7433","1810",3,"8",6,"0002000000","0024000000","0002000000","0024000000","0","0","2000000","24000000"
1230298001,"01",1,"9152","3430",3,"12",6,"0003500000","0044000000","0003500000","0042000000","0","0002000000","3500000","44000000"
1230298010,"01",1,"7222","2892",3,"8",6,"0003500000","0044000000","0003500000","0042000000","0","0002000000","3500000","44000000"
1230318163,"01",1,"7218","5020",3,"10",6,"0004000000","0049500000","0004000000","0048000000","0","0001500000","4000000","49500000"
1230330054,"01",1,"5122","5521",3,"12",7,"0004000000","0050000000","0004000000","0048000000","0","0002000000","4000000","50000000"
1230018201,"01",1,"4190","7522",1,"8",6,"0004200000","0052000000","0004004000","0046713331","0","0003000000","4004000","49713331"
1230202103,"03",1,"7212","4531",3,"5",4,"0002000000","0024000000","0002000000","0024000000","0","0","2000000","24000000"
1230122063,"01",1,"5220","2429",3,"8",6,"0004000000","0048000000","0004000000","0048000000","0","0","4000000","48000000"
1230130107,"02",1,"4190","7511",1,"8",6,"0003800000","0047500000","0003622667","0042900000","0","0002500000","3622667","45400000"
1230150155,"01",1,"2320","8021",3,"8",6,"0012000000","0012000000","0011400000","0011400000","0","0","11400000","11400000"
1230150155,"01",2,"1410","8031",1,NA,NA,"0","0090000000","0","0076092500","0","0002000000","0","78092500"
1230150155,"02",2,"2331","8012",3,NA,NA,"0","0066000000","0","0058272500","0","0","0","58272500"
1230154156,"02",1,"2320","8021",1,"6",6,"0004800000","0058800000","0004325500","0050448000","0","0003000000","4325500","53448000"
1230210154,"01",1,"9333","4010",3,"8",6,"0004000000","0050250000","0003813333","0044091665","0","0004000000","3813333","48091665"
1230294005,"01",1,"8321","6021",3,"12",6,"0003000000","0036000000","0003000000","0036000000","0","0","3000000","36000000"
1230330056,"01",1,"5122","5521",3,"10",6,"0005000000","0062000000","0004493667","0053924004","0","0002000000","4493667","55924004"
1230114108,"02",1,"4190","3410",3,"8",6,"0004500000","0055500000","0004277500","0049962500","0","0003000000","4277500","52962500"
1230026061,"03",1,"5220","5232",3,"10",6,"0003500000","0044000000","0003500000","0042000000","0","0002000000","3500000","44000000"
1230070063,"03",1,"8232","2520",3,"8",6,"0002000000","0024500000","0002000000","0024000000","0","0000500000","2000000","24500000"
1230070063,"04",1,"8232","2520",3,"8",6,"0002000000","0024500000","0002000000","0024000000","0","0000500000","2000000","24500000"
1230070066,"01",1,"9152","1555",3,"12",6,"0005100000","0062700000","0004789500","0056194000","0","0003000000","4789500","59194000"
1230326160,"01",1,"2331","8012",1,"8",6,"0005200000","0064900000","0004649500","0055794000","0","0002500000","4649500","58294000"
1230326160,"02",1,"2320","8021",1,"8",6,"0007000000","0086500000","0006107500","0073290000","0","0002500000","6107500","75790000"
1230334106,"01",1,"8321","6021",3,"10",6,"0003000000","0036000000","0003000000","0036000000","0","0","3000000","36000000"
1230338065,"01",1,"5122","5521",3,"8",6,"0005000000","0063000000","0005000000","0060000000","0","0002000000","5000000","62000000"
1230338065,"05",1,"9314","4521",3,"10",4,"0003000000","0036000000","0003000000","0036000000","0","0","3000000","36000000"
1230174010,"01",1,"4190","7411",3,"8",6,"0004000000","0049500000","0003640334","0043684008","0","0001500000","3640334","45184008"
1230026057,"01",1,"1410","8031",1,"12",6,"0015000000","0178000000","0012587500","0147000000","0","0003000000","12587500","150000000"
1230130103,"01",1,"4190","7511",1,"10",6,"0004000000","0049250000","0003813333","0044091665","0","0003000000","3813333","47091665"
1230138199,"03",1,"4190","2694",3,"8",6,"0003000000","0038000000","0002787000","0033444000","0","0002000000","2787000","35444000"
1230138199,"04",1,"2141","4521",3,"6",6,"0009000000","0099000000","0007907000","0082937338","0","0005000000","7907000","87937338"
1230338063,"01",1,"9211","0111",3,"12",6,"0003500000","0042000000","0003500000","0042000000","0","0","3500000","42000000"
1230338063,"03",2,"7433","1810",3,NA,NA,"0","0010800000","0","0010800000","0","0","0","10800000"
1230338063,"05",1,"9314","4521",3,"10",7,"0004000000","0024000000","0004000000","0024000000","0","0","4000000","24000000"
1230198009,"01",2,"9152","9500",3,NA,NA,"0","0001000000","0","0001000000","0","0","0","1000000"
1230198009,"01",1,"4134","6302",3,"12",7,"0","0000100000","0","0000100000","0","0","0","100000"
1230198006,"01",1,"9152","9305",3,"12",7,"0003300000","0043500000","0003120000","0035109000","0","0006000000","3120000","41109000"
1230194148,"03",1,"8221","2423",3,"8",6,"0002800000","0035600000","0002616334","0031396008","0","0002000000","2616334","33396008"
1230194155,"03",1,"7241","3110",3,"10",6,"0003200000","0038800000","0002957667","0034126668","0","0002000000","2957667","36126668"
1230182002,"02",1,"7422","3610",3,"10",6,"0002000000","0025000000","0002000000","0024000000","0","0001000000","2000000","25000000"
1230182002,"03",1,"7422","3610",3,"10",6,"0002500000","0031500000","0002500000","0030000000","0","0001500000","2500000","31500000"
1230182013,"01",1,"5220","5522",3,"12",6,"0003200000","0039400000","0003200000","0038400000","0","0001000000","3200000","39400000"
1230198001,"01",1,"9152","6303",3,"12",7,"0003000000","0036000000","0003000000","0036000000","0","0","3000000","36000000"
1230170117,"01",1,"7433","1810",3,"8",6,"0002500000","0030000000","0002500000","0030000000","0","0","2500000","30000000"
1230170117,"02",1,"7433","1810",3,"8",6,"0002500000","0030000000","0002500000","0030000000","0","0","2500000","30000000"
1230010160,"01",1,"9152","9500",3,"8",7,"0003600000","0021600000","0003600000","0021600000","0","0","3600000","21600000"
1230010160,"01",2,"9314","4521",3,NA,NA,"0","0023400000","0","0023400000","0","0","0","23400000"
1230202105,"01",1,"7433","1810",3,"8",6,"0002500000","0030000000","0002500000","0030000000","0","0","2500000","30000000"
1230202107,"03",1,"7433","1810",3,"8",6,"0002500000","0030000000","0002500000","0030000000","0","0","2500000","30000000"
1230294002,"01",1,"7433","1810",3,"10",6,"0004600000","0049600000","0004151334","0045044339","0","0","4151334","45044339"
1230010153,"01",1,"9314","4521",3,"10",7,"0004200000","0016800000","0004200000","0016800000","0","0","4200000","16800000"
1230010156,"01",1,"9333","9500",3,"8",6,"0002500000","0030400000","0002500000","0028200000","0","0002200000","2500000","30400000"
1230010159,"01",1,"9152","9500",3,"8",7,"0004000000","0046700000","0004000000","0046200000","0","0000500000","4000000","46700000"
1230010159,"02",1,"9152","9500",3,"8",7,"0004000000","0046700000","0004000000","0046200000","0","0000500000","4000000","46700000"
1230118203,"01",1,"5122","9500",3,"8",7,"0005000000","0060000000","0004704167","0053890002","0","0003000000","4704167","56890002"
1230130101,"01",1,"7218","3430",3,"8",6,"0004200000","0050400000","0004200000","0050400000","0","0","4200000","50400000"
1230130101,"02",2,"7311","3311",3,NA,NA,"0","0013800000","0","0013156002","0","0","0","13156002"
1230186292,"01",1,"9152","7511",3,"10",6,"0005300000","0079400000","0004749667","0065358673","0","0006000000","4749667","71358673"
1230286013,"01",1,"9333","9305",3,"10",6,"0004000000","0048000000","0004000000","0048000000","0","0","4000000","48000000"
1230158113,"01",1,"5220","5234",3,"8",6,"0004000000","0050000000","0003813333","0043853332","0","0004000000","3813333","47853332"
1230158113,"02",1,"4190","4100",3,"8",6,"0003500000","0043400000","0003336667","0038514668","0","0003000000","3336667","41514668"
1230030160,"01",1,"1410","2413",1,"8",6,"0009000000","0110000000","0007997500","0093450000","0","0005000000","7997500","98450000"
1230186301,"01",1,"8141","2029",3,"10",6,"0004000000","0050000000","0004000000","0048000000","0","0002000000","4000000","50000000"
1230190110,"01",1,"7224","2892",3,"12",6,"0003500000","0044000000","0003213667","0038564004","0","0002000000","3213667","40564004"
1230190120,"01",1,"7417","1545",3,"10",6,"0003500000","0044000000","0003500000","0042000000","0","0002000000","3500000","44000000"
1230190123,"02",1,"2331","8012",1,"6",4,"0001800000","0021600000","0001710000","0020520000","0","0","1710000","20520000"
1230194153,"01",1,"8321","5521",3,"8",6,"0004000000","0049000000","0004000000","0046000000","0","0003000000","4000000","49000000"
1230286005,"01",1,"7222","2731",3,"8",6,"0003000000","0038000000","0003000000","0036000000","0","0002000000","3000000","38000000"
1230286012,"01",1,"7136","4531",3,"10",6,"0003000000","0036000000","0003000000","0036000000","0","0","3000000","36000000"
1230318160,"02",1,"7241","3110",3,"10",6,"0001800000","0022600000","0001800000","0021600000","0","0001000000","1800000","22600000"
1230202113,"01",1,"9333","8513",3,"10",6,"0004000000","0050200000","0003813333","0044043996","0","0004000000","3813333","48043996"
1230006210,"01",1,"2221","8511",1,"5",6,"0012000000","0136500000","0010467000","0116644000","0","0003000000","10467000","119644000"
1230006205,"01",1,"9152","9500",3,"12",7,"0003300000","0039700000","0003300000","0036800000","0","0002900000","3300000","39700000"
1230074209,"01",1,"2145","3410",1,"10",6,"0010000000","0124000000","0008970834","0103383338","0","0009000000","8970834","112383338"
1230106108,"01",1,"9131","9500",3,"10",6,"0003500000","0042000000","0003500000","0042000000","0","0","3500000","42000000"
1230186301,"03",1,"0112","7522",1,"8",6,"0000340000","0001700000","0000306000","0001530000","0","0","306000","1530000"
1230210160,"02",1,"9320","1810",3,"8",6,"0001500000","0004500000","0001500000","0004500000","0","0","1500000","4500000"
1230226263,"01",1,"7417","1545",3,"8",6,"0004000000","0049500000","0003813333","0044329998","0","0003000000","3813333","47329998"
1230242165,"01",1,"3435","5237",3,"10",6,"0005500000","0069500000","0004913334","0058960008","0","0003500000","4913334","62460008"
1230274218,"01",1,"7218","3430",3,"10",6,"0004110000","0052060000","0003918200","0045817200","0","0004000000","3918200","49817200"
1230006213,"01",2,"1410","4020",1,NA,NA,"0","0120000000","0","0084800000","0","0","0","84800000"
1230006213,"03",1,"2142","4531",3,"8",6,"0009600000","0121000000","0008419000","0097444000","0","0010000000","8419000","107444000"
1230006213,"04",1,"2146","7310",1,"8",6,"0005100000","0061050000","0004579000","0052260000","0","0003000000","4579000","55260000"
1230002119,"01",1,"9141","9305",3,"8",7,"0004000000","0052000000","0004000000","0048000000","0","0004000000","4000000","52000000"
1230074218,"01",1,"4134","3410",1,"8",6,"0005550000","0068000000","0004963000","0056484000","0","0005000000","4963000","61484000"
1230122054,"03",1,"4190","6512",1,"8",6,"0004000000","0047500000","0003467000","0038769000","0","0003000000","3467000","41769000"
1230026065,"04",1,"2320","8090",3,"6",4,"0003000000","0036000000","0003000000","0036000000","0","0","3000000","36000000"
1230026065,"05",1,"4113","8532",1,"8",6,"0003000000","0036600000","0002787000","0031396000","0","0003000000","2787000","34396000"
1230062185,"03",1,"9132","6021",3,"8",6,"0004050000","0048500000","0003683000","0041124000","0","0003500000","3683000","44624000"
1230062190,"01",1,"9152","8031",1,"8",6,"0004050000","0048000000","0003683000","0041124000","0","0003000000","3683000","44124000"
1230062190,"01",1,"9151","6412",3,"4",6,"0002000000","0024000000","0002000000","0024000000","0","0","2000000","24000000"
1230062198,"03",1,"7218","3610",3,"8",6,"0002700000","0016200000","0002531000","0015186000","0","0","2531000","15186000"
1230086011,"02",1,"2230","8513",3,"8",6,"0003000000","0031000000","0002787000","0030574000","0","0","2787000","30574000"
1230090050,"03",1,"3222","8031",1,"8",5,"0005550000","0066450000","0004963000","0056868000","0","0003000000","4963000","59868000"
1230090050,"04",1,"2146","1110",1,"8",6,"0006000000","0073850000","0005347000","0061476000","0","0005000000","5347000","66476000"
1230122054,"04",1,"5220","5223",3,"8",6,"0002300000","0013800000","0002300000","0013800000","0","0","2300000","13800000"
1230122054,"05",1,"7137","4532",3,"8",6,"0004000000","0044000000","0003640333","0037710665","0","0003000000","3640333","40710665"
1230238063,"01",1,"5220","5223",3,"8",6,"0004000000","0050500000","0004000000","0046500000","0","0004000000","4000000","50500000"
1230018213,"03",2,"4190","8031",1,NA,NA,"0","0015000000","0","0015000000","0","0","0","15000000"
1230122056,"01",1,"4190","7511",1,"8",6,"0004000000","0041900000","0003640333","0035918665","0","0003000000","3640333","38918665"
1230134110,"01",1,"8282","3410",3,"12",6,"0009000000","0095200000","0007660000","0077093336","0","0007200000","7660000","84293336"
1230134112,"03",1,"0112","7522",1,"10",6,"0000370000","0003880000","0000336700","0003530800","0","0","336700","3530800"
1230238053,"01",1,"9211","7511",3,"8",6,"0004500000","0055000000","0004290000","0048619998","0","0004000000","4290000","52619998"
1230238053,"03",1,"7122","4521",3,"10",6,"0003500000","0042000000","0003500000","0042000000","0","0","3500000","42000000"
1230238053,"05",1,"0111","7522",1,"10",6,"0003200000","0028800000","0002912000","0026208000","0","0","2912000","26208000"
1230238053,"05",2,"7123","4531",3,NA,NA,"0","0007500000","0","0007500000","0","0","0","7500000"
1230238057,"01",1,"7311","2919",3,"8",6,"0003200000","0038000000","0003050667","0034320000","0","0002000000","3050667","36320000"
1230238059,"01",1,"5220","5232",3,"8",6,"0003500000","0044000000","0003336667","0040040004","0","0002000000","3336667","42040004"
1230234203,"01",1,"7122","4521",3,"10",7,"0005000000","0060000000","0005000000","0060000000","0","0","5000000","60000000"
1230234203,"03",1,"5220","5030",3,"12",6,"0003000000","0037000000","0003000000","0036000000","0","0001000000","3000000","37000000"
1230014005,"01",1,"2145","4531",3,"8",6,"0020500000","0216000000","0015752500","0160896676","0","0010000000","15752500","170896676"
1230014008,"01",1,"9314","4521",3,"12",7,"0005000000","0060000000","0005000000","0060000000","0","0","5000000","60000000"
1230014008,"02",1,"9314","4521",3,"10",6,"0004500000","0054000000","0004500000","0054000000","0","0","4500000","54000000"
1230014012,"01",1,"4190","6512",1,"8",6,"0006500000","0077000000","0005427000","0061924000","0","0003000000","5427000","64924000"
1230050049,"01",1,"7422","3610",3,"8",6,"0004500000","0054400000","0004067000","0045732000","0","0004000000","4067000","49732000"
1230066205,"01",1,"2320","8090",3,"2",3,"0001200000","0007200000","0001200000","0007200000","0","0","1200000","7200000"
1230066205,"01",2,"2149","7130",3,NA,NA,"0","0019500000","0","0019200000","0","0000300000","0","19500000"
1230234211,"01",1,"2310","8031",1,"8",7,"0045000000","0053000000","0004067000","0042830669","0","0006000000","4067000","48830669"
1230246167,"01",1,"4190","6421",1,"8",6,"0005500000","0064700000","0004920333","0053667996","0","0005000000","4920333","58667996"
1230246169,"01",1,"4190","7522",3,"12",6,"0012000000","0133700000","0010467000","0111268000","0","0006500000","10467000","117768000"
1230246178,"01",1,"2223","7513",1,"12",6,"0012000000","0133700000","0010467000","0111268000","0","0006500000","10467000","117768000"
1230246178,"02",1,"3221","8515",1,"10",6,"0005500000","0064700000","0004920333","0053667996","0","0005000000","4920333","58667996"
1230086013,"03",1,"0111","7522",1,"8",6,"0004770000","0058350000","0004297400","0049956000","0","0003000000","4297400","52956000"
1230154165,"03",1,"2142","7522",1,"8",6,"0003600000","0003600000","0003299000","0003299000","0","0","3299000","3299000"
1230050061,"01",1,"7231","6021",1,"10",6,"0005100000","0065900000","0004579000","0053412000","0","0006500000","4579000","59912000"
1230042113,"01",1,"9152","4521",3,"12",7,"0003000000","0026000000","0003000000","0024000000","0","0002000000","3000000","26000000"
1230042113,"01",2,"7122","4521",3,NA,NA,"0","0012000000","0","0012000000","0","0","0","12000000"
1230050059,"01",1,"7231","6021",1,"10",6,"0005100000","0065900000","0004579000","0053412000","0","0006500000","4579000","59912000"
1230070068,"01",1,"7433","1810",3,"8",6,"0004500000","0052500000","0004500000","0051000000","0","0001500000","4500000","52500000"
1230258208,"01",1,"4190","7511",1,"8",6,"0006500000","0076300000","0005773667","0062133735","0","0006000000","5773667","68133735"
1230258205,"01",1,"7136","4531",3,"10",7,"0007000000","0084000000","0007000000","0084000000","0","0","7000000","84000000"
1230258205,"03",1,"4190","8031",1,"8",6,"0004000000","0050000000","0004000000","0048000000","0","0002000000","4000000","50000000"
1230306139,"01",1,"8282","2925",3,"8",6,"0005000000","0010000000","0005000000","0010000000","0","0","5000000","10000000"
1230306147,"01",1,"8281","3410",1,"8",6,"0006000000","0073500000","0005347000","0066177338","0","0005000000","5347000","71177338"
1230046006,"01",1,"2490","7511",1,"8",6,"0007500000","0090750000","0006453500","0080130000","0","0003000000","6453500","83130000"
1230046006,"03",1,"4134","8532",1,"8",6,"0004500000","0055500000","0004277500","0049962500","0","0003000000","4277500","52962500"
1230242168,"01",1,"0111","7522",1,"8",6,"0004200000","0033130000","0003587000","0029942400","0","0002500000","3587000","32442400"
1230066202,"01",1,"8324","6021",2,"10",6,"0008000000","0091000000","0008000000","0091000000","0","0","8000000","91000000"
1230066202,"03",1,"7231","5020",3,"8",6,"0006000000","0077000000","0006000000","0077000000","0","0","6000000","77000000"
1230066202,"04",1,"4211","5521",3,"8",7,"0003000000","0033500000","0003000000","0033500000","0","0","3000000","33500000"
1230270003,"03",1,"7422","3610",3,"10",7,"0005000000","0061000000","0005000000","0060000000","0","0001000000","5000000","61000000"
1230270014,"01",1,"2320","8021",1,"8",6,"0002500000","0030000000","0002375000","0028500000","0","0","2375000","28500000"
1230306142,"01",1,"3435","7511",1,"8",6,"0009530000","0116700000","0008227567","0101434335","0","0005000000","8227567","106434335"
1230306148,"01",1,"4190","6010",1,"8",5,"0005500000","0068900000","0004920334","0062252001","0","0005000000","4920334","67252001"
1230226262,"01",1,"8211","5151",3,"8",6,"0003500000","0045000000","0003213667","0036014002","0","0006000000","3213667","42014002"
1230059111,"03",1,"5220","5232",3,"8",6,"0002500000","0030000000","0002500000","0030000000","0","0","2500000","30000000"
1230131055,"01",1,"9131","9500",3,"8",3,"0002500000","0031500000","0002500000","0030000000","0","0001500000","2500000","31500000"
1230131055,"01",1,"9132","4531",3,"7",3,"0001950000","0024900000","0001859000","0022308000","0","0001500000","1859000","23808000"
1230287109,"03",1,"7417","1545",3,"12",6,"0003200000","0040400000","0003200000","0038400000","0","0002000000","3200000","40400000"
1230287113,"01",1,"9211","7511",1,"10",6,"0003500000","0045000000","0003500000","0042000000","0","0003000000","3500000","45000000"
1230163197,"03",1,"7345","2222",3,"10",6,"0004000000","0050000000","0003813334","0045760008","0","0002000000","3813334","47760008"
1230163197,"04",1,"5220","5030",3,"10",6,"0003500000","0043500000","0003500000","0042000000","0","0001500000","3500000","43500000"
1230335056,"01",1,"9211","0113",3,"7",7,"0003000000","0030000000","0003000000","0030000000","0","0","3000000","30000000"
1230235062,"01",1,"8281","3430",3,"10",6,"0004500000","0057700000","0004277500","0050617332","0","0004500000","4277500","55117332"
1230235060,"03",1,"0112","7522",1,"10",6,"0000350000","0002800000","0000318500","0002548000","0","0","318500","2548000"
1230239065,"01",1,"3113","2929",3,"12",6,"0008375000","0101775000","0007584167","0086604504","0","0006000000","7584167","92604504"
1230239061,"01",1,"8323","3430",3,"8",6,"0005000000","0060000000","0005000000","0060000000","0","0","5000000","60000000"
1230335060,"01",1,"4190","6421",3,"8",6,"0004100000","0051450000","0003908667","0046189003","0","0003000000","3908667","49189003"
1230211014,"01",1,"8322","4100",1,"8",6,"0004700000","0058800000","0004277000","0050778000","0","0003000000","4277000","53778000"
1230211014,"03",1,"8132","2697",3,"10",6,"0004000000","0050900000","0003813334","0045188007","0","0003500000","3813334","48688007"
1230235055,"01",1,"7224","2892",3,"8",6,"0003500000","0024500000","0003336667","0023356669","0","0","3336667","23356669"
1230235055,"01",2,"9314","4521",3,NA,NA,"0","0015000000","0","0015000000","0","0","0","15000000"
1230235058,"01",1,"7243","7250",3,"6",6,"0004200000","0053200000","0004004000","0046904000","0","0004000000","4004000","50904000"
1230247191,"01",1,"9314","4521",3,"10",4,"0003000000","0036000000","0003000000","0036000000","0","0","3000000","36000000"
1230175110,"04",1,"5220","5232",3,"10",6,"0002240000","0015680000","0002240000","0015680000","0","0","2240000","15680000"
1230055111,"01",1,"7422","2022",3,"8",6,"0005550000","0070250000","0005173500","0060930000","0","0005000000","5173500","65930000"
1230039202,"02",1,"2320","8021",3,"6",3,"0006000000","0071500000","0005557500","0064983336","0","0001500000","5557500","66483336"
1230111101,"03",1,"7311","8511",1,"8",6,"0006000000","0073250000","0005297500","0062152500","0","0003000000","5297500","65152500"
1230027204,"01",1,"0111","7522",1,"10",6,"0009000000","0108500000","0008117500","0095276670","0","0003000000","8117500","98276670"
1230063009,"01",1,"3114","6421",1,"8",6,"0015000000","0190000000","0012662500","0147875000","0","0015000000","12662500","162875000"
1230063011,"01",1,"2320","8021",3,"8",3,"0003000000","0037500000","0002860000","0034320000","0","0001500000","2860000","35820000"
1230067003,"01",1,"3152","2423",3,"8",5,"0012000000","0135000000","0010677500","0117890000","0","0003000000","10677500","120890000"
1230067003,"02",1,"2310","8031",1,"4",2,"0002100000","0025200000","0002002000","0024024000","0","0","2002000","24024000"
1230067007,"01",1,"7212","2892",3,"8",6,"0005100000","0060000000","0004789500","0056450000","0","0","4789500","56450000"
1230067014,"01",1,"5220","5524",3,"6",7,"0004800000","0059400000","0004533500","0053378000","0","0003000000","4533500","56378000"
1230087109,"01",1,"2412","6010",3,"10",6,"0011000000","0137000000","0009824167","0113623339","0","0010000000","9824167","123623339"
1230087114,"01",1,"1410","2422",3,"10",6,"0015000000","0190000000","0013237500","0154583335","0","0015000000","13237500","169583335"
1230183104,"01",1,"5141","9302",3,"10",6,"0002500000","0032000000","0002500000","0030000000","0","0002000000","2500000","32000000"
1230139143,"01",1,"7241","2930",3,"10",6,"0003000000","0038000000","0003000000","0036000000","0","0002000000","3000000","38000000"
1230019105,"01",1,"4190","7511",1,"8",6,"0004500000","0056000000","0004277500","0051473336","0","0002000000","4277500","53473336"
1230127146,"01",1,"7233","4532",3,"8",7,"0005500000","0066000000","0005500000","0066000000","0","0","5500000","66000000"
1230127149,"01",1,"3435","7498",3,"10",5,"0003000000","0038000000","0003000000","0036000000","0","0002000000","3000000","38000000"
1230127157,"01",1,"7417","1545",3,"10",6,"0004000000","0050000000","0004000000","0048000000","0","0002000000","4000000","50000000"
1230127157,"03",1,"7417","1545",3,"10",6,"0002000000","0026000000","0002000000","0024000000","0","0002000000","2000000","26000000"
1230195198,"01",1,"7141","4540",3,"8",6,"0004500000","0045000000","0004500000","0045000000","0","0","4500000","45000000"
1230195202,"01",1,"2320","8090",3,"10",5,"0004000000","0040000000","0004000000","0040000000","0","0","4000000","40000000"
1230195207,"01",1,"5122","5521",3,"10",6,"0003000000","0038000000","0003000000","0036000000","0","0002000000","3000000","38000000"
1230195207,"03",1,"9314","4521",3,"5",4,"0004000000","0024000000","0004000000","0024000000","0","0","4000000","24000000"
1230195211,"01",1,"9314","4521",3,"10",5,"0003500000","0035000000","0003500000","0035000000","0","0","3500000","35000000"
1230019113,"01",1,"8322","8090",3,"10",5,"0005000000","0060000000","0005000000","0060000000","0","0","5000000","60000000"
1230079013,"04",1,"0112","7522",1,"8",6,"0000200000","0002340000","0000182000","0002129400","0","0","182000","2129400"
1230015218,"04",1,"4190","6021",3,"8",6,"0004000000","0048000000","0004000000","0048000000","0","0","4000000","48000000"
1230223168,"01",1,"8232","2520",3,"8",6,"0004000000","0054200000","0003813333","0044997332","0","0007000000","3813333","51997332"
1230227168,"03",2,"2455","9211",3,NA,NA,"0","0030000000","0","0030000000","0","0","0","30000000"
1230227168,"05",2,"4190","8090",3,NA,NA,"0","0002600000","0","0002600000","0","0","0","2600000"
1230263151,"01",2,"9314","4521",3,NA,NA,"0","0025000000","0","0025000000","0","0","0","25000000"
1230271053,"05",1,"9333","2423",3,"8",5,"0003500000","0044500000","0003500000","0042000000","0","0002500000","3500000","44500000"
1230103195,"02",1,"5122","7498",3,"8",6,"0003750000","0022500000","0003575000","0021450000","0","0","3575000","21450000"
1230103195,"02",2,"4211","8511",3,NA,NA,"0","0026700000","0","0019734000","0","0006000000","0","25734000"
1230239053,"01",1,"4190","8031",1,"8",6,"0007500000","0088500000","0006837500","0077836500","0","0003000000","6837500","80836500"
1230239053,"02",1,"2331","8012",1,"4",6,"0004600000","0055500000","0004362833","0049676496","0","0003000000","4362833","52676496"
1230239057,"01",1,"8333","6023",3,"10",6,"0004600000","0059400000","0004362833","0050186497","0","0006000000","4362833","56186497"
1230111115,"01",1,"4190","7522",1,"8",6,"0008000000","0098375000","0006917500","0082503750","0","0003000000","6917500","85503750"
1230287121,"03",1,"7133","4540",3,"12",5,"0003000000","0036000000","0003000000","0036000000","0","0","3000000","36000000"
1230287121,"04",1,"7417","1545",3,"10",6,"0002000000","0026000000","0002000000","0024000000","0","0002000000","2000000","26000000"
1230287121,"05",1,"7417","1545",3,"10",6,"0002000000","0026000000","0002000000","0024000000","0","0002000000","2000000","26000000"
1230047006,"03",1,"2320","8021",3,"6",4,"0004050000","0049700000","0003861000","0045474000","0","0002000000","3861000","47474000"
1230087119,"01",1,"3211","8511",1,"8",6,"0005200000","0064600000","0004649500","0055146000","0","0003000000","4649500","58146000"
1230087119,"02",1,"4222","8514",3,"6",6,"0003150000","0037400000","0003003000","0035178000","0","0000500000","3003000","35678000"
1230095002,"01",1,"3471","3610",3,"8",6,"0004000000","0050000000","0004000000","0048000000","0","0002000000","4000000","50000000"
1230095002,"02",1,"2142","4531",3,"8",6,"0004500000","0058000000","0004277500","0051330000","0","0004000000","4277500","55330000"
1230151056,"01",1,"7442","1912",3,"12",6,"0002600000","0032200000","0002600000","0031200000","0","0001000000","2600000","32200000"
1230323194,"01",1,"7327","5234",3,"10",6,"0003500000","0043900000","0003336667","0039468003","0","0002500000","3336667","41968003"
1230039214,"02",1,"4115","4540",3,"8",6,"0003300000","0041700000","0003146000","0036894000","0","0003000000","3146000","39894000"
1230039214,"03",1,"8159","2412",3,"8",6,"0004800000","0061200000","0004533500","0053671500","0","0004500000","4533500","58171500"
1230223172,"01",1,"7212","2930",3,"8",6,"0003500000","0047800000","0003336667","0038896004","0","0007000000","3336667","45896004"
1230223172,"04",2,"7224","2892",3,NA,NA,"0","0018000000","0","0018000000","0","0","0","18000000"
1230303260,"01",1,"9314","4521",3,"8",6,"0003000000","0036000000","0003000000","0036000000","0","0","3000000","36000000"
1230043065,"02",1,"2320","8021",1,"6",4,"0005000000","0062100000","0004487500","0053121000","0","0003000000","4487500","56121000"
1230067006,"01",1,"8322","6023",3,"8",6,"0005400000","0063000000","0005045500","0059010000","0","0","5045500","59010000"
1230067010,"01",1,"4215","7414",3,"8",6,"0003900000","0049200000","0003718000","0044044000","0","0003000000","3718000","47044000"
1230151065,"01",1,"7433","1810",3,"10",6,"0003000000","0036000000","0003000000","0036000000","0","0","3000000","36000000"
1230151065,"03",1,"7433","1810",3,"10",6,"0002700000","0032400000","0002700000","0032400000","0","0","2700000","32400000"
1230151065,"04",1,"7433","1810",3,"10",6,"0003000000","0036000000","0003000000","0036000000","0","0","3000000","36000000"
1230303255,"01",2,"8321","6021",3,NA,NA,"0","0025000000","0","0025000000","0","0","0","25000000"
1230059100,"04",1,"5220","5238",3,"8",6,"0003500000","0043000000","0003500000","0042000000","0","0001000000","3500000","43000000"
1230059100,"05",1,"3435","5222",3,"8",6,"0003000000","0036000000","0003000000","0036000000","0","0","3000000","36000000"
1230251161,"03",1,"2320","8021",1,"6",6,"0005500000","0066900000","0005130833","0059404497","0","0003000000","5130833","62404497"
1230255242,"01",1,"5220","5222",3,"18",6,"0004000000","0050000000","0004000000","0048000000","0","0002000000","4000000","50000000"
1230255247,"01",1,"9152","7511",1,"12",6,"0008500000","0100000000","0007480333","0085497331","0","0003000000","7480333","88497331"
1230255248,"01",1,"7221","2699",3,"10",6,"0005500000","0067000000","0004920333","0055630666","0","0005000000","4920333","60630666"
1230299202,"01",1,"7345","2222",1,"10",6,"0006000000","0073500000","0005557500","0065409999","0","0003000000","5557500","68409999"
1230311054,"01",1,"4190","2423",3,"8",6,"0003500000","0044500000","0003500000","0042000000","0","0002500000","3500000","44500000"
1230111111,"01",1,"2147","2892",3,"10",6,"0005850000","0023400000","0005850000","0023400000","0","0","5850000","23400000"
1230111111,"01",2,"2147","2892",3,NA,NA,"0","0045600000","0","0042412000","0","0","0","42412000"
1230311065,"01",1,"5122","5521",3,"12",6,"0004000000","0050000000","0004000000","0048000000","0","0002000000","4000000","50000000"
1230087111,"02",1,"4190","8012",1,"4",3,"0001000000","0012000000","0001000000","0012000000","0","0","1000000","12000000"
1230083154,"01",1,"2132","2423",3,"10",6,"0008000000","0098000000","0007264167","0084610005","0","0005000000","7264167","89610005"
1230083161,"01",1,"2143","4010",1,"10",6,"0007500000","0089000000","0006837500","0076930002","0","0005000000","6837500","81930002"
1230063015,"01",1,"1410","6303",1,"8",6,"0010500000","0129600000","0009397500","0110722000","0","0006000000","9397500","116722000"
1230063015,"02",1,"2143","6421",1,"8",6,"0004800000","0059400000","0004533500","0053378000","0","0003000000","4533500","56378000"
1230083165,"01",1,"1410","3410",1,"10",6,"0012500000","0154500000","0011104167","0124290003","0","0015000000","11104167","139290003"
1230131066,"01",1,"1429","8021",3,"8",6,"0003500000","0042500000","0003500000","0041500000","0","0001000000","3500000","42500000"
1230207109,"01",1,"3429","5129",3,"8",6,"0004700000","0059400000","0004348167","0050933834","0","0005000000","4348167","55933834"
1230219056,"01",1,"3435","8511",1,"8",6,"0005500000","0068000000","0004892500","0057900000","0","0003000000","4892500","60900000"
1230283226,"01",1,"0111","7522",1,"8",6,"0003370000","0045840000","0003212733","0038552796","0","0005400000","3212733","43952796"
1230131066,"03",1,"1429","8021",3,"8",6,"0003600000","0045600000","0003432000","0040612000","0","0003000000","3432000","43612000"
1230227165,"01",1,"9314","4521",3,"10",3,"0003500000","0035000000","0003500000","0035000000","0","0","3500000","35000000"
1230227174,"03",2,"8324","6023",3,NA,NA,"0","0035000000","0","0035000000","0","0","0","35000000"
1230227174,"04",1,"4115","2520",3,"8",6,"0003000000","0009000000","0003000000","0009000000","0","0","3000000","9000000"
1230255239,"01",1,"0111","7522",1,"12",7,"0007000000","0082000000","0006300000","0071100000","0","0003000000","6300000","74100000"
1230299191,"01",1,"8153","5148",3,"10",6,"0006000000","0075900000","0005557500","0064898001","0","0006000000","5557500","70898001"
1230299194,"01",1,"5220","5030",3,"8",6,"0003200000","0044400000","0003050667","0036608004","0","0006000000","3050667","42608004"
1230299197,"01",1,"7123","4521",3,"10",4,"0002500000","0030000000","0002500000","0030000000","0","0","2500000","30000000"
1230299198,"01",1,"7224","2892",3,"8",6,"0003000000","0039000000","0002860000","0034320000","0","0003000000","2860000","37320000"
1230299198,"02",1,"2331","8012",1,"6",6,"0005260000","0062340000","0004695100","0053175900","0","0003000000","4695100","56175900"
1230099046,"01",1,"2490","2423",3,"10",6,"0004800000","0059600000","0004533500","0053122000","0","0003500000","4533500","56622000"
1230143050,"03",1,"7442","1912",3,"8",6,"0003600000","0031700000","0002600000","0031200000","0","0000500000","2600000","31700000"
1230143050,"04",1,"7442","1912",3,"8",6,"0002100000","0031700000","0002100000","0025200000","0","0000500000","2100000","25700000"
1230143057,"01",1,"7433","1810",3,"8",6,"0003600000","0043250000","0003432000","0037755000","0","0000500000","3432000","38255000"
1230143052,"01",1,"8232","2520",3,"8",6,"0003450000","0043050000","0003289000","0038181000","0","0003000000","3289000","41181000"
1230215060,"01",1,"7212","2892",3,"7",6,"0004500000","0056000000","0004500000","0054000000","0","0002000000","4500000","56000000"
1230231209,"01",1,"8323","6021",3,"10",6,"0004350000","0055450000","0004147000","0049049000","0","0004000000","4147000","53049000"
1230231209,"04",1,"4190","3410",3,"8",6,"0004250000","0052750000","0004051667","0046951669","0","0003500000","4051667","50451669"
1230231209,"05",1,"0112","7522",1,"12",6,"0000350000","0001750000","0000318500","0001592500","0","0","318500","1592500"
1230231223,"01",1,"5220","5232",3,"8",6,"0004000000","0049000000","0004000000","0048000000","0","0001000000","4000000","49000000"
1230075119,"01",1,"2142","4100",3,"10",6,"0006000000","0074800000","0005557500","0065666000","0","0004000000","5557500","69666000"
1230075119,"02",1,"2212","5156",3,"8",6,"0006300000","0079400000","0005813500","0068738000","0","0005000000","5813500","73738000"
1230031214,"01",2,"1410","6512",1,NA,NA,"0","0063000000","0","0051225000","0","0003000000","0","54225000"
1230043055,"01",1,"9141","9500",3,"8",7,"0003400000","0041800000","0003400000","0040800000","0","0001000000","3400000","41800000"
1230043061,"02",1,"5220","5234",3,"8",6,"0004500000","0055000000","0004500000","0054000000","0","0001000000","4500000","55000000"
1230075109,"01",1,"3134","7511",1,"8",6,"0005100000","0063000000","0004789500","0056450000","0","0003000000","4789500","59450000"
1230075112,"01",1,"4190","3410",1,"8",6,"0004500000","0057800000","0004302500","0050436000","0","0005000000","4302500","55436000"
1230103200,"01",1,"3435","7412",3,"8",6,"0004500000","0052800000","0004277500","0050236000","0","0","4277500","50236000"
1230103202,"01",1,"3435","7511",1,"8",6,"0007500000","0091000000","0006512500","0076530000","0","0003000000","6512500","79530000"
1230115139,"03",1,"2131","7250",3,"8",6,"0002500000","0031000000","0002500000","0030000000","0","0001000000","2500000","31000000"
1230115143,"01",1,"7418","1546",3,"8",6,"0004800000","0060900000","0004533500","0053378000","0","0004500000","4533500","57878000"
1230115150,"01",1,"5220","5259",3,"8",6,"0003900000","0049100000","0003718000","0043472000","0","0003500000","3718000","46972000"
1230187052,"01",1,"8324","6023",3,"8",6,"0002500000","0030000000","0002500000","0030000000","0","0","2500000","30000000"
1230031221,"01",1,"7341","2221",3,"8",6,"0008400000","0107000000","0007605500","0089730000","0","0008000000","7605500","97730000"
1230295015,"01",1,"7327","5234",3,"8",6,"0003000000","0037500000","0003000000","0036000000","0","0001500000","3000000","37500000"
1230079001,"01",2,"4190","1110",1,NA,NA,"0","0051500000","0","0037887500","0","0009000000","0","46887500"
1230187051,"01",1,"9152","6303",3,"10",6,"0003000000","0039000000","0002860000","0034320000","0","0003000000","2860000","37320000"
1230187062,"01",1,"4190","5223",3,"8",6,"0004000000","0051200000","0003813333","0044997332","0","0004000000","3813333","48997332"
1230295004,"01",1,"7212","2892",3,"8",6,"0004000000","0050000000","0004000000","0048000000","0","0002000000","4000000","50000000"
1230307162,"01",2,"7212","4521",3,NA,NA,"0","0035000000","0","0035000000","0","0","0","35000000"
1230307163,"01",1,"7212","2812",3,"10",6,"0003500000","0044000000","0003500000","0042000000","0","0002000000","3500000","44000000"
1230211002,"01",1,"9152","8021",1,"10",6,"0004000000","0049200000","0003813334","0044997340","0","0002000000","3813334","46997340"
1230211002,"02",1,"5220","5238",3,"10",6,"0002500000","0032500000","0002500000","0030000000","0","0002500000","2500000","32500000"
1230047009,"01",1,"0112","7522",1,"8",6,"0001420000","0017040000","0001297800","0015506400","00","0","1297800","15506400"
1230179155,"02",1,"8333","3410",3,"10",6,"0004500000","0056400000","0004165000","0049783002","0","0003000000","4165000","52783002"
1230211007,"01",1,"8324","4100",1,"8",6,"0005500000","0067300000","0004892500","0057738000","0","0002500000","4892500","60238000"
1230211007,"03",2,"7345","2222",3,NA,NA,"0","0010000000","0","0009533333","0","0","0","9533333"
1230211007,"04",2,"7313","3691",3,NA,NA,"0","0030000000","0","0028600000","0","0","0","28600000"
1230211007,"05",2,"9152","6303",3,NA,NA,"0","0002000000","0","0002000000","0","0","0","2000000"
1230211005,"01",1,"8324","4100",1,"8",6,"0006000000","0072500000","0005297500","0061950000","0","0002500000","5297500","64450000"
1230107055,"01",1,"3435","3430",3,"8",6,"0006900000","0087900000","0006325500","0075138000","0","0006000000","6325500","81138000"
1230107055,"02",1,"4190","7522",1,"8",6,"0005900000","0073000000","0005216500","0061950000","0","0003000000","5216500","64950000"
1230107055,"04",1,"5220","5231",3,"8",6,"0004500000","0056400000","0004277500","0050783000","0","0003000000","4277500","53783000"
1230339007,"01",1,"9314","4521",3,"12",4,"0003000000","0036000000","0003000000","0036000000","0","0","3000000","36000000"
1230259058,"01",1,"5220","5221",3,"9",7,"0003500000","0042000000","0003500000","0042000000","0","0","3500000","42000000"
1230071174,"01",1,"8324","6021",1,"8",6,"0005500000","0067800000","0005130834","0060546006","0","0003000000","5130834","63546006"
1230259056,"01",1,"7433","1810",3,"8",6,"0003500000","0042000000","0003500000","0042000000","0","0","3500000","42000000"
1230259056,"02",1,"2320","8021",3,"3",4,"0001500000","0013500000","0001500000","0013500000","0","0","1500000","13500000"
1230259061,"01",1,"9132","7498",3,"12",6,"0004000000","0051000000","0003640333","0041977332","0","0005000000","3640333","46977332"
1230335057,"01",1,"9211","0113",3,"8",7,"0002500000","0030000000","0002500000","0030000000","0","0","2500000","30000000"
1230011060,"01",1,"3143","3530",3,"8",6,"0006000000","0072000000","0006000000","0072000000","0","0","6000000","72000000"
1230011071,"02",1,"9131","9500",3,"18",6,"0005000000","0060000000","0005000000","0060000000","0","0","5000000","60000000"
1230155055,"01",1,"0111","7522",1,"8",6,"0004000000","0050400000","0003600000","0042660000","0","0003000000","3600000","45660000"
1230155062,"01",1,"0111","7522",1,"8",6,"0006500000","0079500000","0005850000","0068850000","0","0003000000","5850000","71850000"
1230155065,"01",1,"0111","7522",1,"8",6,"0006300000","0076500000","0005477500","0071452500","0","0003000000","5477500","74452500"
1230199001,"03",1,"2320","8012",3,"6",5,"0002000000","0024000000","0002000000","0024000000","0","0","2000000","24000000"
1230243108,"01",1,"0111","7511",1,"12",7,"0005000000","0059500000","0004500000","0050850000","0","0003000000","4500000","53850000"
1230243116,"01",1,"9160","7511",3,"10",7,"0004000000","0048500000","0003640333","0041550666","0","0003000000","3640333","44550666"
1230151052,"01",1,"5220","5231",1,"8",6,"0005000000","0062500000","0004704167","0056450004","0","0002500000","4704167","58950004"
1230119193,"01",1,"4223","6421",3,"8",6,"0005100000","0063900000","0004789500","0055938000","0","0004500000","4789500","60438000"
1230023166,"01",1,"4190","9193",3,"8",6,"0006360000","0078240000","0005864700","0069454800","0","0003000000","5864700","72454800"
1230119187,"01",1,"7218","3610",3,"8",6,"0002500000","0007500000","0002500000","0007500000","0","0","2500000","7500000"
1230119187,"01",2,"9314","4521",3,NA,NA,"0","0020000000","0","0015000000","0","0002500000","0","17500000"
1230151061,"01",1,"7345","2222",3,"10",6,"0005000000","0059000000","0005000000","0058000000","0","0001000000","5000000","59000000"
1230223178,"04",1,"3413","7020",3,"5",7,"0002500000","0002500000","0002500000","0002500000","0","0","2500000","2500000"
1230223170,"01",1,"9320","2422",3,"8",6,"0004000000","0053800000","0003813333","0044615996","0","0007000000","3813333","51615996"
1230223177,"01",1,"8231","2511",3,"10",6,"0003500000","0046800000","0003336667","0038896004","0","0006000000","3336667","44896004"
1230327155,"01",1,"5123","7511",1,"10",6,"0003000000","0038000000","0003000000","0036000000","0","0002000000","3000000","38000000"
1230035194,"01",1,"1410","7511",1,"16",5,"0015000000","0200000000","0015000000","0180000000","0","0020000000","15000000","200000000"
1230035194,"03",1,"2221","8511",1,"10",2,"0005000000","0062000000","0005000000","0060000000","0","0002000000","5000000","62000000"
1230035199,"03",1,"3416","7020",3,"8",6,"0004000000","0049500000","0003813334","0044330007","0","0003000000","3813334","47330007"
1230035199,"04",1,"8267","1712",3,"8",3,"0004000000","0046500000","0003813334","0044330007","0","0","3813334","44330007"
1230275211,"01",1,"7221","2811",3,"11",6,"0003500000","0042500000","0003500000","0040500000","0","0002000000","3500000","42500000"
1230203210,"01",1,"7218","5020",3,"10",6,"0004000000","0050000000","0004000000","0048000000","0","0002000000","4000000","50000000"
1230191217,"01",1,"7137","4532",3,"10",6,"0004000000","0050000000","0004000000","0048000000","0","0002000000","4000000","50000000"
1230191222,"01",1,"5141","9302",3,"10",6,"0003000000","0037000000","0003000000","0036000000","0","0001000000","3000000","37000000"
1230027198,"01",1,"3435","8031",1,"8",6,"0006000000","0073800000","0005297500","0062598000","0","0003000000","5297500","65598000"
1230103193,"01",1,"8322","3610",3,"8",6,"0003600000","0045000000","0003432000","0040040000","0","0003000000","3432000","43040000"
1230107052,"01",1,"3435","3430",3,"8",6,"0006000000","0075800000","0005557500","0065666000","0","0005000000","5557500","70666000"
1230135221,"01",1,"7442","1920",3,"10",6,"0005000000","0060000000","0005000000","0060000000","0","0","5000000","60000000"
1230135229,"04",2,"0112","7522",1,NA,NA,"0","0002450000","0","0002229500","0","0","0","2229500"
1230135231,"01",1,"0111","7522",1,"8",6,"0005500000","0069000000","0005005000","0060060000","0","0003000000","5005000","63060000"
1230207120,"01",1,"7122","4521",3,"12",5,"0004500000","0051500000","0004500000","0051500000","0","0","4500000","51500000"
1230123006,"05",1,"5122","5521",3,"10",7,"0004000000","0051000000","0003813333","0044806667","0","0004000000","3813333","48806667"
1230123006,"06",1,"8321","5521",3,"10",6,"0004500000","0057500000","0004290000","0050526665","0","0004500000","4290000","55026665"
1230175101,"01",2,"7231","5020",3,NA,NA,"0","0027500000","0","0027500000","0","0","0","27500000"
1230175103,"01",1,"4190","7511",1,"8",6,"0006000000","0073200000","0005417500","0064346000","0","0002000000","5417500","66346000"
1230331095,"01",1,"9314","4521",3,"10",4,"0003000000","0036000000","0003000000","0036000000","0","0","3000000","36000000"
1230331095,"03",1,"7442","1920",3,"12",6,"0002000000","0024000000","0002000000","0024000000","0","0","2000000","24000000"
1230331095,"04",1,"7442","1920",3,"12",6,"0002000000","0024000000","0002000000","0024000000","0","0","2000000","24000000"
1230331105,"01",1,"8281","3430",3,"10",6,"0005000000","0030000000","0004704167","0028225002","0","0","4704167","28225002"
1230315004,"01",1,"9314","4521",3,"10",4,"0003000000","0036000000","0003000000","0036000000","0","0","3000000","36000000"
1230315007,"01",2,"7212","2892",3,NA,NA,"0","0054000000","0","0054000000","0","0","0","54000000"
1230315007,"01",1,"7212","2892",3,"7",4,"0003000000","0009000000","0003000000","0009000000","0","0","3000000","9000000"
1230099054,"01",2,"7433","1810",3,NA,NA,"0003000000","0033000000","0002860000","0031460000","0","0","2860000","31460000"
1230339006,"01",1,"7224","2892",3,"10",6,"0005000000","0060000000","0005000000","0060000000","0","0","5000000","60000000"
1230123003,"01",1,"7433","1810",3,"8",6,"0004600000","0032200000","0004600000","0032200000","0","0","4600000","32200000"
1230123003,"01",2,"7433","1810",3,NA,NA,"0","0022500000","0","0021450000","0","0","0","21450000"
1230291006,"01",1,"7422","2022",3,"8",6,"0003000000","0040000000","0003000000","0036000000","0","0004000000","3000000","40000000"
1230315013,"01",1,"7433","1810",3,"8",6,"0003000000","0036000000","0003000000","0036000000","0","0","3000000","36000000"
1230171059,"01",1,"7442","1912",3,"4",6,"0001500000","0020500000","0001500000","0018500000","0","0002000000","1500000","20500000"
1230171054,"02",1,"8311","6021",1,"8",6,"0004400000","0056300000","0004192167","0048888504","0","0005000000","4192167","53888504"
1230219062,"01",1,"4190","1110",1,"10",6,"0008500000","0104500000","0007577500","0088830000","0","0005000000","7577500","93830000"
1230051059,"01",1,"0111","7522",1,"10",6,"0015000000","0180000000","0012587500","0147000000","0","0005000000","12587500","152000000"
1230015221,"01",1,"2320","8090",3,"6",6,"0006000000","0072000000","0006000000","0072000000","0","0","6000000","72000000"
1230319167,"01",1,"4134","6302",3,"12",7,"0005000000","0065000000","0005000000","0060000000","0","0005000000","5000000","65000000"
1230311060,"01",1,"7222","3410",1,"10",6,"0004000000","0050000000","0004000000","0048000000","0","0002000000","4000000","50000000"
1230291003,"01",1,"9211","0111",3,"12",6,"0004000000","0032000000","0004000000","0032000000","0","0","4000000","32000000"
1230015214,"01",1,"9152","4521",3,"12",7,"0005000000","0060000000","0005000000","0060000000","0","0","5000000","60000000"
1230291010,"01",2,"9131","9500",3,NA,NA,"0","0025000000","0","0025000000","0","0","0","25000000"
1230319171,"01",1,"7212","2812",3,"10",6,"0004000000","0050000000","0004000000","0048000000","0","0002000000","4000000","50000000"
1230319177,"01",1,"9314","4521",3,"10",5,"0005000000","0040000000","0005000000","0040000000","0","0","5000000","40000000"
1230327157,"01",1,"9314","4521",3,"10",6,"0002500000","0025000000","0002500000","0025000000","0","0","2500000","25000000"
1230319165,"01",1,"9314","4521",3,"10",6,"0004500000","0040500000","0004500000","0040500000","0","0","4500000","40500000"
1230007063,"01",1,"5220","5223",3,"8",6,"0012000000","0149500000","0010677500","0124290000","0","0010000000","10677500","134290000"
1230007065,"01",1,"2320","8021",1,"7",3,"0009000000","0109500000","0007727500","0091515000","0","0003000000","7727500","94515000"
1230007065,"01",1,"2142","4521",3,"8",1,"0010000000","0120000000","0010000000","0120000000","0","0","10000000","120000000"
1230007065,"01",2,"2310","8031",1,NA,NA,"0","0010000000","0","0010000000","0","0","0","10000000"
1230095009,"01",1,"2230","8513",3,"8",6,"0006450000","0076050000","0005941500","0070146000","0","0","5941500","70146000"
1230095012,"01",1,"9141","9305",3,"8",6,"0002500000","0030560000","0002500000","0030000000","0","0000560000","2500000","30560000"
1230095012,"01",1,"9131","9500",3,"8",1,"0000400000","0004800000","0000400000","0004800000","0","0","400000","4800000"
1230167011,"01",1,"5220","5232",3,"11",6,"0003500000","0043500000","0003336667","0040040000","0","0001500000","3336667","41540000"
1230171063,"01",1,"5122","5521",3,"10",6,"0006500000","0084500000","0005984167","0071810004","0","0006500000","5984167","78310004"
1230275204,"01",1,"8323","6021",3,"10",6,"0005200000","0064200000","0004874834","0057474006","0","0003000000","4874834","60474006"
1230024059,"04",1,"4190","8031",3,"7",6,"0004500000","0056850000","0004277500","0051199500","0","0003000000","4277500","54199500"
1230024059,"05",1,"2310","8031",3,"4",3,"0007500000","0092500000","0006837500","0081666000","0","0003000000","6837500","84666000"
1230076218,"01",1,"5220","5238",3,"12",6,"0004800000","0057600000","0004800000","0057600000","0","0","4800000","57600000"
1230024056,"01",1,"9152","4521",3,"8",6,"0004000000","0047600000","0004000000","0047600000","0","0","4000000","47600000"
1230076225,"01",1,"5220","5221",3,"12",6,"0003000000","0041000000","0003000000","0036000000","0","0005000000","3000000","41000000"
1230152215,"01",1,"7433","1810",3,"10",6,"0002800000","0035600000","0002669334","0032032008","0","0002000000","2669334","34032008"
1230256107,"01",1,"4190","3120",3,"10",6,"0004000000","0051600000","0003813333","0044425330","0","0005000000","3813333","49425330"
1230292241,"01",1,"4134","3430",3,"10",6,"0004200000","0053000000","0004004000","0047666668","0","0003000000","4004000","50666668"
1230256105,"01",1,"4190","6512",3,"8",6,"0005475000","0070050000","0005109500","0059691000","0","0006000000","5109500","65691000"
1230216166,"02",1,"0111","7522",1,"8",5,"0004850000","0061380000","0004365000","0052380000","0","0003180000","4365000","55560000"
1230156009,"01",1,"0111","7522",1,"8",6,"0005000000","0063200000","0004487500","0050650000","0","0003200000","4487500","53850000"
1230156009,"02",1,"2331","8012",1,"6",5,"0005000000","0063000000","0004487500","0050850000","0","0003000000","4487500","53850000"
1230180157,"01",1,"9314","4521",3,"12",5,"0004000000","0038000000","0004000000","0038000000","0","0","4000000","38000000"
1230180156,"02",1,"9314","4521",3,"10",6,"0003000000","0035000000","0003000000","0035000000","0","0","3000000","35000000"
1230212197,"01",1,"5220","5223",3,"8",6,"0004000000","0051250000","0003813333","0045521663","0","0003500000","3813333","49021663"
1230256113,"01",1,"2411","3410",1,"8",6,"0005375000","0069050000","0005109500","0059691000","0","0005000000","5109500","64691000"
1230256116,"01",1,"9132","2423",3,"10",6,"0004500000","0058200000","0004277500","0049579000","0","0006000000","4277500","55579000"
1230192007,"01",1,"8282","3430",3,"10",6,"0003800000","0048600000","0003622667","0043472004","0","0003000000","3622667","46472004"
1230316063,"01",1,"9333","6023",3,"8",6,"0003000000","0036000000","0003000000","0036000000","0","0","3000000","36000000"
1230156015,"01",1,"0111","7522",1,"8",6,"0007800000","0099600000","0006755500","0075066000","0","0006000000","6755500","81066000"
1230172113,"01",1,"9333","9305",3,"6",6,"0002700000","0032400000","0002700000","0032400000","0","0","2700000","32400000"
1230244101,"01",1,"7221","2811",3,"10",6,"0005000000","0060000000","0005000000","0060000000","0","0","5000000","60000000"
1230244101,"03",1,"2351","8090",3,"4",4,"0003000000","0036000000","0003000000","0036000000","0","0","3000000","36000000"
1230244110,"01",1,"3475","9241",3,"8",7,"0009675000","0118750000","0008513500","0099448334","0","0006000000","8513500","105448334"
1230192002,"01",1,"8282","3430",3,"10",6,"0005000000","0064000000","0004704167","0056450004",NA,"0004000000","4704167","60450004"
1230084290,"01",1,"1410","2412",3,"8",4,"0021000000","0153000000","0010677500","0128130000","0009000000","0009000000","19677500","137130000"
1230244098,"01",1,"9132","6512",1,"8",6,"0004500000","0055200000","0004082500","0046138000","0","0003000000","4082500","49138000"
1230236005,"01",1,"9314","4521",3,"10",4,"0002500000","0030000000","0002500000","0030000000","0","0","2500000","30000000"
1230276105,"01",1,"7233","4531",3,"8",6,"0005000000","0067000000","0004704167","0056450004","0","0007000000","4704167","63450004"
1230276105,"04",1,"7231","5020",3,"8",6,"0003500000","0045200000","0003336667","0039754004","0","0003500000","3336667","43254004"
1230276105,"06",1,"7231","5020",3,"8",6,"0003000000","0018000000","0003000000","0018000000","0","0","3000000","18000000"
1230120095,"01",1,"9152","9305",3,"8",7,"0003600000","0043200000","0003600000","0043200000","0","0","3600000","43200000"
1230104150,"01",1,"5220","5231",3,"8",6,"0003900000","0050300000","0003718000","0044616000","0","0003500000","3718000","48116000"
1230104150,"02",1,"4115","7513",3,"5",6,"0002400000","0004800000","0002288000","0004576000","0","0","2288000","4576000"
1230080180,"03",1,"2230","8511",3,"10",5,"0006100000","0079000000","0005642834","0067543341","0","0006000000","5642834","73543341"
1230156002,"01",1,"0111","7522",1,"8",6,"0011300000","0097100000","0006755500","0077566000","0003500000","0003500000","10255500","81066000"
1230236012,"01",1,"7417","1545",3,"14",7,"0002000000","0024000000","0002000000","0024000000","0","0","2000000","24000000"
1230236012,"02",2,"9131","9500",3,NA,NA,"0003500000","0042000000","0003500000","0042000000","0","0","3500000","42000000"
1230236013,"01",1,"9132","2912",3,"10",6,"0003600000","0045600000","0003375000","0039912000","0","0003000000","3375000","42912000"
1230104155,"01",1,"3412","6512",3,"8",6,"0009000000","0111000000","0008117500","0097410000","0","0003000000","8117500","100410000"
1230160196,"02",1,"2320","8021",1,"6",4,"0005700000","0071580000","0005301500","0063618000","0","0003180000","5301500","66798000"
1230168177,"01",1,"5220","5232",3,"10",7,"0004500000","0043000000","0003336667","0039040004","0001000000","0001000000","4336667","40040004"
1230208010,"01",1,"7442","1920",3,"10",6,"0002500000","0030000000","0002500000","0030000000","0","0","2500000","30000000"
1230280013,"01",1,"9314","4521",3,"10",6,"0004500000","0040500000","0004500000","0040500000","0","0","4500000","40500000"
1230316049,"01",1,"9333","9305",3,"8",6,"0004000000","0054000000","0004000000","0048000000","0","0006000000","4000000","54000000"
1230316049,"04",1,"7433","1810",3,"8",6,"0003000000","0036000000","0003000000","0036000000","0","0","3000000","36000000"
1230124171,"01",1,"4115","5219",1,"8",6,"0005000000","0061500000","0004704167","0055596670","0","0002500000","4704167","58096670"
1230124180,"01",1,"5169","7512",1,"8",6,"0005550000","0088900000","0005173500","0060631334","0","0024000000","5173500","84631334"
1230108101,"01",1,"2441","6303",1,"9",5,"0015180000","0147180000","0013857500","0128130000","0","0003180000","13857500","131310000"
1230048120,"01",1,"7141","4540",3,"8",6,"0009500000","0054000000","0004277500","0046330000","0005000000","0005000000","9277500","51330000"
1230108105,"01",1,"2429","6599",1,"10",6,"0015150000","0144000000","0010157500","0118710000","0003180000","0003180000","13337500","121890000"
1230108102,"01",1,"2149","3410",3,"10",5,"0012000000","0156000000","0010677500","0128130000","0","0012000000","10677500","140130000"
1230108102,"02",1,"2222","8513",3,"3",4,"0010000000","0120000000","0010000000","0120000000","0","0","10000000","120000000"
1230124174,"01",1,"7125","6021",3,"8",6,"0005100000","0062100000","0004789500","0056093668","0","0002500000","4789500","58593668"
1230212203,"01",1,"5220","5232",3,"8",6,"0003300000","0042900000","0003146000","0037752000","0","0003300000","3146000","41052000"
1230204061,"01",1,"8324","6023",3,"5",5,"0003000000","0036000000","0003000000","0036000000","0","0","3000000","36000000"
1230276107,"01",1,"9314","4521",3,"8",5,"0004000000","0040000000","0004000000","0040000000","0","0","4000000","40000000"
1230316058,"01",1,"9333","6023",3,"8",6,"0003300000","0042500000","0003146000","0037180000","0","0003500000","3146000","40680000"
1230316058,"03",1,"7422","3610",3,"8",6,"0003000000","0035600000","0003000000","0035600000","0","0","3000000","35600000"
1230304164,"04",2,"0112","7522",1,"0",0,"0","0001500000","0","0001365000","0","0","0","1365000"
1230304166,"01",1,"7212","3410",3,"8",6,"0007000000","0089000000","0006410833","0075223330","0","0007000000","6410833","82223330"
1230028064,"01",1,"8231","3410",3,"8",6,"0004850000","0064500000","0004577167","0054670004","0","0006600000","4577167","61270004"
1230100176,"01",1,"2411","7522",1,"8",5,"0009780000","0082380000","0006069500","0072834000","0003180000","0003180000","9249500","76014000"
1230028067,"01",1,"4190","7523",1,"8",5,"0006000000","0074500000","0005558500","0064995334","0","0004500000","5558500","69495334"
1230028067,"01",1,"4190","7523",1,"3",5,"0001500000","0018000000","0001500000","0018000000","0","0","1500000","18000000"
1230248015,"01",1,"2320","8021",1,"5",6,"0010000000","0081500000","0005702000","0068424000","0003500000","0003500000","9202000","71924000"
1230252001,"01",1,"3435","7513",3,"10",6,"0012400000","0077300000","0005471667","0064940000","0006500000","0006500000","11971667","71440000"
1230176155,"03",1,"5220","5234",3,"12",6,"0002000000","0006000000","0002000000","0006000000","0","0","2000000","6000000"
1230168171,"03",1,"3475","9241",3,"12",6,"0003000000","0036000000","0003000000","0036000000","0","0","3000000","36000000"
1230168171,"04",1,"4211","6512",1,"8",6,"0007900000","0059600000","0004197500","0047170000","0003200000","0003200000","7397500","50370000"
1230168171,"05",1,"3475","9241",3,"12",6,"0003000000","0036000000","0003000000","0036000000","0","0","3000000","36000000"
1230176153,"02",1,"4190","6421",3,"11",6,"0003000000","0038500000","0002860000","0034320000","0","0002500000","2860000","36820000"
1230252014,"01",1,"4190","7511",1,"8",6,"0011300000","0069600000","0004959667","0059516000","0006000000","0006000000","10959667","65516000"
1230252005,"01",1,"4190","7513",3,"9",6,"0009370000","0054992804","0004166067","0047992804","0005000000","0005000000","9166067","52992804"
1230252011,"01",1,"4190","7511",1,"8",6,"0012500000","0084000000","0005702000","0068424000","0006000000","0006000000","11702000","74424000"
1230252011,"02",1,"4190","7511",1,"8",6,"0012500000","0084000000","0005702000","0068424000","0006000000","0006000000","11702000","74424000"
1230168174,"01",1,"4190","7511",1,"8",6,"0012000000","0094500000","0006837500","0082050000","0004500000","0004500000","11337500","86550000"
1230204057,"02",1,"0112","7522",1,"8",6,"0000350000","0002800000","0000318500","0002548000","0","0","318500","2548000"
1230224007,"01",1,"8282","2930",3,"10",6,"0003500000","0045000000","0003336667","0040040004","0","0003000000","3336667","43040004"
1230176159,"01",1,"7224","2892",3,"12",6,"0003500000","0042000000","0003500000","0042000000","0","0","3500000","42000000"
1230292241,"05",1,"5220","5232",3,"12",6,"0002000000","0026000000","0002000000","0026000000","0","0","2000000","26000000"
1230340055,"01",1,"8331","6023",3,"10",6,"0003000000","0036000000","0003000000","0036000000","0","0","3000000","36000000"
1230340053,"01",1,"7212","2919",3,"8",6,"0005500000","0069000000","0005500000","0066000000","0","0003000000","5500000","69000000"
1230148008,"01",1,"4190","7511",1,"8",6,"0007000000","0086000000","0006247500","0074140000","0","0003000000","6247500","77140000"
1230172107,"05",1,"7341","2221",3,"10",6,"0002500000","0031500000","0002500000","0030000000","0","0001500000","2500000","31500000"
1230112014,"01",1,"2429","7523",1,"8",5,"0008000000","0097000000","0006917500","0081390000","0","0003000000","6917500","84390000"
1230112014,"01",1,"2429","7523",1,"5",2,"0001500000","0018000000","0001500000","0018000000","0","0","1500000","18000000"
1230340064,"01",1,"8221","2424",3,"10",6,"0004200000","0053400000","0004004000","0048048000","0","0003000000","4004000","51048000"
1230340059,"01",1,"0111","7522",1,"8",5,"0005000000","0065000000","0004550000","0054600000","0","0005000000","4550000","59600000"
1230148012,"03",1,"5220","5232",3,"11",6,"0002000000","0025000000","0002000000","0024000000","0","0001000000","2000000","25000000"
1230148014,"01",1,"7224","2892",3,"10",6,"0007000000","0086500000","0006410834","0076076674","0","0003500000","6410834","79576674"
1230088103,"01",1,"2142","4521",3,"8",6,"0012000000","0144000000","0010677500","0128130000","0","0","10677500","128130000"
1230140204,"03",2,"7222","1810",3,NA,NA,"0","0023900000","0","0022400000","0","0001500000","0","23900000"
1230056062,"01",1,"7233","8511",1,"8",6,"0003900000","0052000000","0003718000","0044330000","0","0005500000","3718000","49830000"
1230140200,"01",1,"5123","7511",3,"10",6,"0004500000","0058700000","0004277500","0051056500","0","0005000000","4277500","56056500"
1230196199,"01",1,"4115","6023",3,"12",6,"0003500000","0035000000","0003500000","0035000000","0","0","3500000","35000000"
1230052002,"01",1,"7231","5020",3,"8",6,"0006450000","0076500000","0005941500","0070530000","0","0","5941500","70530000"
1230052011,"01",1,"8322","5234",3,"8",6,"0007500000","0090000000","0006837500","0082050000","0","0","6837500","82050000"
1230056052,"04",1,"4190","3410",3,"8",6,"0004800000","0062300000","0004533500","0054146000","0","0005000000","4533500","59146000"
1230104143,"03",1,"4190","7411",3,"8",6,"0002500000","0030000000","0002500000","0030000000","0","0","2500000","30000000"
1230104153,"01",1,"4190","7522",1,"8",6,"0008000000","0098500000","0006917500","0082605000","0","0003000000","6917500","85605000"
1230188221,"01",1,"7214","2811",3,"10",6,"0004000000","0051000000","0004000000","0048000000","0","0003000000","4000000","51000000"
1230328109,"01",1,"9211","7511",3,"10",6,"0003000000","0036000000","0003000000","0036000000","0","0","3000000","36000000"
1230308061,"01",1,"7327","2611",3,"10",6,"0004500000","0057000000","0004500000","0054000000","0","0003000000","4500000","57000000"
1230132106,"02",1,"2230","8511",1,"6",6,"0005250000","0065550000","0004917500","0049559000","0","0003000000","4917500","52559000"
1230132112,"01",1,"5220","5221",3,"8",6,"0004500000","0054500000","0004500000","0053500000","0","0001000000","4500000","54500000"
1230032100,"01",1,"2147","1110",1,"8",6,"0009000000","0112000000","0007997500","0095130000","0","0005000000","7997500","100130000"
1230032093,"01",1,"2310","8031",3,"3",3,"0007200000","0086400000","0006840000","0082080000","0","0","6840000","82080000"
1230032093,"01",1,"1410","7498",3,"2",2,"0003500000","0042000000","0000332500","0039900000","0","0","332500","39900000"
1230032098,"01",2,"2490","6512",1,NA,NA,"0","0093000000","0","0075525000","0","0003000000","0","78525000"
1230116058,"01",1,"8321","5521",3,"8",7,"0004500000","0058200000","0004290000","0051194000","0","0004500000","4290000","55694000"
1230328115,"01",1,"7126","2921",3,"14",5,"0003000000","0024000000","0003000000","0024000000","0","0","3000000","24000000"
1230328115,"03",1,"7126","2921",3,"12",6,"0002500000","0025000000","0002500000","0025000000","0","0","2500000","25000000"
1230328115,"05",1,"7433","1810",3,"5",6,"0000750000","0008000000","0000750000","0008000000","0","0","750000","8000000"
1230116061,"01",1,"7417","1545",3,"8",6,"0003900000","0046650000","0003718000","0044473000","0","0","3718000","44473000"
1230116048,"01",1,"3134","9213",1,"10",6,"0006300000","0078780000","0005813500","0069762000","0","0003180000","5813500","72942000"
1230284201,"01",2,"9314","4521",3,NA,NA,"0","0012000000","0","0012000000","0","0","0","12000000"
1230284201,"01",1,"8132","2692",3,"10",6,"0004000000","0032000000","0003813333","0030506664","0","0","3813333","30506664"
1230284211,"01",1,"9211","0124",3,"10",6,"0003000000","0039000000","0002860000","0034320000","0","0003000000","2860000","37320000"
1230284208,"04",1,"7433","1810",3,"10",6,"0002500000","0031000000","0002500000","0030000000","0","0001000000","2500000","31000000"
1230312167,"01",1,"7417","1545",3,"11",7,"0005000000","0060000000","0005000000","0060000000","0","0","5000000","60000000"
1230020104,"01",1,"0111","7522",1,"8",5,"0004300000","0055800000","0003913000","0046683000","0","0004500000","3913000","51183000"
1230004051,"01",1,"1410","2221",3,"8",4,"0025000000","0300000000","0025000000","0300000000","0","0","25000000","300000000"
1230004051,"01",1,"2310","8031",1,"8",2,"0015000000","0183180000","0013237500","0158850000","0","0003180000","13237500","162030000"
1230156004,"01",1,"0111","7522",1,"8",6,"0008900000","0072700000","0005135500","0058526000","0003100000","0003100000","8235500","61626000"
1230020106,"01",1,"0111","7522",1,"8",6,"0004350000","0055400000","0003958500","0047365500","0","0003350000","3958500","50715500"
1230044118,"01",1,"1410","8031",1,"8",6,"0012000000","0147180000","0010157500","0121890000","0","0003180000","10157500","125070000"
1230048111,"01",1,"1410","4521",3,"10",6,"0005700000","0074900000","0005301500","0063618000","0","0006500000","5301500","70118000"
1230080174,"01",1,"9314","4521",3,"10",4,"0003000000","0036000000","0002860000","0034320000","0","0","2860000","34320000"
1230080174,"03",1,"4190","8511",3,"8",6,"0004200000","0054100000","0004004000","0048048000","0","0003700000","4004000","51748000"
1230080174,"04",2,"4190","8511",3,NA,NA,"0","0030300000","0","0026026000","0","0003000000","0","29026000"
1230080174,"05",1,"7241","4532",3,"5",3,"0003500000","0042000000","0003500000","0042000000","0","0","3500000","42000000"
1230080174,"06",1,"7241","4532",3,"6",3,"0003200000","0038400000","0003200000","0038400000","0","0","3200000","38400000"
1230112010,"01",1,"7433","1810",3,"8",6,"0007500000","0090000000","0006837500","0082050000","0","0","6837500","82050000"
1230036057,"01",1,"9152","4531",3,"8",6,"0006000000","0074000000","0006000000","0072000000","0","0002000000","6000000","74000000"
1230036057,"02",1,"9333","9305",3,"8",6,"0004500000","0054500000","0004500000","0054000000","0","0000500000","4500000","54500000"
1230036057,"03",1,"9333","9305",3,"8",6,"0004500000","0054500000","0004500000","0054000000","0","0000500000","4500000","54500000"
1230036057,"04",1,"9333","9305",3,"8",6,"0004500000","0054500000","0004500000","0054000000","0","0000500000","4500000","54500000"
1230036057,"05",1,"9333","9305",3,"8",6,"0004500000","0054500000","0004500000","0054000000","0","0000500000","4500000","54500000"
1230036057,"06",1,"9333","9305",3,"8",6,"0004500000","0054500000","0004500000","0054000000","0","0000500000","4500000","54500000"
1230036055,"01",1,"9211","0112",3,"8",6,"0010300000","0074100000","0005533500","0066402000","0004500000","0004500000","10033500","70902000"
1230152211,"02",1,"4190","2423",3,"8",6,"0006700000","0085600000","0006154834","0073687341","0","0005400000","6154834","79087341"
1230312164,"01",1,"3435","5050",3,"12",6,"0004000000","0048000000","0003813333","0045760000","0","0","3813333","45760000"
1230336011,"01",1,"7233","2710",3,"10",6,"0006000000","0076000000","0005557500","0066690000","0","0004000000","5557500","70690000"
1230144164,"01",2,"8231","2519",3,NA,NA,"0","0027500000","0","0027500000","0","0","0","27500000"
1230144164,"03",1,"8231","2519",3,"10",6,"0002700000","0032400000","0002700000","0032400000","0","0","2700000","32400000"
1230144164,"04",1,"8231","2519",3,"10",6,"0002200000","0026400000","0002200000","0026400000","0","0","2200000","26400000"
1230332140,"01",1,"9314","4521",3,"10",3,"0002500000","0030000000","0002500000","0030000000","0","0","2500000","30000000"
1230268105,"01",1,"9314","4531",3,"10",6,"0004000000","0012000000","0004000000","0012000000","0","0","4000000","12000000"
1230268097,"01",1,"7222","2892",3,"8",6,"0005000000","0062000000","0005000000","0060000000","0","0002000000","5000000","62000000"
1230188216,"01",1,"4134","6302",3,"10",6,"0003000000","0036000000","0003000000","0036000000","0","0","3000000","36000000"
1230160192,"01",1,"4190","7511",1,"8",6,"0007000000","0087180000","0006107500","0073290000","0","0003180000","6107500","76470000"
1230160192,"05",1,"5220","5238",3,"8",6,"0004000000","0051000000","0004000000","0048000000","0","0003000000","4000000","51000000"
1230268107,"01",1,"5220","5234",3,"8",6,"0005500000","0069000000","0005500000","0066000000","0","0003000000","5500000","69000000"
1230336007,"01",1,"4190","4010",1,"8",6,"0013900000","0100800000","0006836500","0076038000","0006000000","0006000000","12836500","82038000"
1230336005,"03",2,"7126","4531",3,NA,NA,"0","0108000000","0","0096097500","0","0","0","96097500"
1230336005,"04",1,"4190","7511",3,"8",6,"0008500000","0069000000","0005130834","0058570008","0003000000","0003000000","8130834","61570008"
1230068115,"01",1,"7141","4540",3,"8",6,"0004500000","0055700000","0004277500","0051056500","0","0002000000","4277500","53056500"
1230068106,"01",1,"8232","2520",3,"8",6,"0004200000","0054100000","0004004000","0047762000","0","0004000000","4004000","51762000"
1230224010,"01",1,"8282","3410",3,"10",6,"0003000000","0040000000","0002860000","0034320000","0","0004000000","2860000","38320000"
1230128001,"01",1,"7233","6021",1,"8",6,"0004800000","0060300000","0004533500","0054146000","0","0003000000","4533500","57146000"
1230128012,"03",1,"1429","8021",1,"5",6,"0007000000","0086500000","0006107500","0072885000","0","0003000000","6107500","75885000"
1230128015,"03",1,"2131","7511",1,"8",6,"0005550000","0069150000","0005173500","0061698000","0","0003000000","5173500","64698000"
1230100170,"01",1,"2147","7421",1,"8",6,"0007950000","0096900000","0007221500","0085378000","0","0003000000","7221500","88378000"
1230064205,"01",1,"7233","4532",3,"8",6,"0005550000","0070700000","0005173500","0061314000","0","0005000000","5173500","66314000"
1230064202,"01",1,"5122","5521",3,"8",6,"0003900000","0051200000","0003718000","0044044000","0","0005000000","3718000","49044000"
1230064194,"03",1,"5220","5231",3,"8",6,"0003840000","0050600000","0003660800","0043472000","0","0005000000","3660800","48472000"
1230064194,"04",1,"2331","8012",3,"5",6,"0002850000","0036100000","0002717000","0032032000","0","0002500000","2717000","34532000"
1230068111,"01",1,"8232","2520",3,"9",6,"0004500000","0057700000","0004277500","0051056500","0","0004000000","4277500","55056500"
1230224015,"01",1,"9333","4531",3,"10",6,"0003000000","0038000000","0002860000","0034320000","0","0002000000","2860000","36320000"
1230200218,"01",1,"9320","2519",3,"10",6,"0004000000","0048000000","0004000000","0048000000","0","0","4000000","48000000"
1230200230,"01",1,"5123","5521",3,"12",7,"0004000000","0050000000","0004000000","0048000000","0","0002000000","4000000","50000000"
1230332148,"01",1,"9333","7511",1,"10",6,"0005500000","0067500000","0005130834","0060716674","0","0002500000","5130834","63216674"
1230320062,"01",1,"5123","7498",3,"10",6,"0003000000","0039000000","0003000000","0036000000","0","0003000000","3000000","39000000"
1230320068,"04",1,"7433","1810",3,"10",6,"0002500000","0030000000","0002500000","0030000000","0","0","2500000","30000000"
1230320068,"05",1,"7433","1810",3,"10",6,"0002500000","0030000000","0002500000","0030000000","0","0","2500000","30000000"
1230320063,"01",1,"9314","4521",3,"10",5,"0003500000","0042000000","0003500000","0042000000","0","0","3500000","42000000"
1230200221,"01",1,"5123","5521",3,"10",7,"0003800000","0047600000","0003800000","0045600000","0","0002000000","3800000","47600000"
1230224005,"01",1,"4190","7511",1,"8",6,"0004000000","0050300000","0003813334","0045569341","0","0002500000","3813334","48069341"
1230332142,"04",1,"7222","2891",3,"10",6,"0002000000","0012000000","0002000000","0012000000","0","0","2000000","12000000"
1230160188,"03",1,"5220","5233",3,"8",6,"0004800000","0060000000","0004533500","0053890000","0","0003000000","4533500","56890000"
1230044111,"01",1,"9141","9305",3,"8",6,"0002500000","0031500000","0002500000","0029500000","0","0002000000","2500000","31500000"
1230044111,"01",1,"9333","9500",3,"8",1,"0001000000","0010000000","0001000000","0010000000","0","0","1000000","10000000"
1230044114,"01",1,"2310","8031",1,"6",5,"0014000000","0169000000","0011777500","0139710000","0","0003000000","11777500","142710000"
1230164116,"03",1,"5220","5234",3,"11",6,"0002700000","0032400000","0002700000","0032400000","0","00","2700000","32400000"
1230120104,"03",1,"2143","4532",3,"8",6,"0005100000","0071200000","0004789500","0057474000","0","0010000000","4789500","67474000"
1230272009,"01",1,"7222","2919",3,"10",6,"0004200000","0052900000","0004004000","0047857334","0","0002700000","4004000","50557334"
1230272012,"01",1,"4190","5237",3,"12",6,"0003500000","0044500000","0003336667","0040040004","0","0002500000","3336667","42540004"
1230120101,"02",1,"2230","8511",3,"8",6,"0011100000","0067200000","0010789500","0057474000","0","0006000000","10789500","63474000"
1230272013,"01",1,"5220","5219",3,"10",6,"0003900000","0050700000","0003813334","0045474008","0","0003000000","3813334","48474008"
1230272006,"01",1,"7224","2892",3,"10",6,"0004000000","0050000000","0003813334","0045760008","0","0002000000","3813334","47760008"
1230240165,"01",1,"4190","4531",3,"10",6,"0006700000","0085400000","0006154834","0068858008","0","0005000000","6154834","73858008"
1230096172,"01",1,"9152","9305",3,"8",6,"0011500000","0061000000","0004277500","0051330000","0007000000","0007000000","11277500","58330000"
1230096170,"03",1,"7136","4531",3,"8",6,"0003500000","0042000000","0003500000","0042000000","0","0","3500000","42000000"
1230228158,"01",2,"7411","1515",3,NA,NA,"0","0015000000","0","0014300000","0","0","0","14300000"
1230240170,"01",1,"9141","9305",3,"14",7,"0003000000","0037000000","0003000000","0036000000","0","0001000000","3000000","37000000"
1230280002,"01",2,"5123","1410",3,NA,NA,"0","0039000000","0","0033366670","0","0004000000","0","37366670"
1230300010,"01",1,"9320","1548",3,"12",6,"0003800000","0045600000","0003800000","0045600000","0","0","3800000","45600000"
1230300008,"01",1,"2490","6512",1,"8",6,"0009000000","0111180000","0007727500","0106727500","0","0003180000","7727500","109907500"
1230080176,"02",1,"2331","8012",1,"6",4,"0004700000","0058700000","0004244500","0050772000","0","0002500000","4244500","53272000"
1230096165,"02",1,"2320","8090",3,"3",5,"0003500000","0042000000","0003500000","0042000000","0","0","3500000","42000000"
1230096165,"03",1,"7311","3311",1,"8",6,"0007800000","0096780000","0007093500","0085122000","0","0003180000","7093500","88302000"
1230096172,"04",1,"0112","7522",1,"8",6,"0000160000","0001920000","0000145600","0001747200","0","0","145600","1747200"
1230016007,"01",1,"0111","7522",1,"8",6,"0004800000","0060300000","0004368000","0051390000","0","0003300000","4368000","54690000"
1230016006,"03",2,"0112","7522",1,NA,NA,"0","0001240000","0","0001128400","0","0","0","1128400"
1230072211,"01",1,"4190","9213",1,"6",6,"0019000000","0164000000","0011097500","0127170000","0006000000","0006000000","17097500","133170000"
1230072211,"01",1,"2310","8031",1,"2",3,"0006000000","0072000000","0006000000","0072000000","0","0","6000000","72000000"
1230304157,"01",1,"9132","7498",3,"8",5,"0003000000","0036000000","0003000000","0036000000","0","0","3000000","36000000"
1230304157,"04",2,"0112","7522",1,NA,NA,"0","0001485000","0","0001305000","0","0","0","1305000"
1230304157,"04",1,"7422","2022",3,"10",6,"0003500000","0042000000","0003500000","0042000000","0","0","3500000","42000000"
1230260108,"01",1,"9314","4521",3,"8",6,"0003600000","0047600000","0003375000","0039912000","0","0005000000","3375000","44912000"
1230260108,"03",1,"3429","7430",1,"6",6,"0002500000","0030000000","0002500000","0030000000","0","0","2500000","30000000"
1230208014,"01",1,"9132","9193",1,"12",7,"0003000000","0039000000","0002860000","0034320000","0","0003000000","2860000","37320000"
1230260110,"01",1,"4190","1110",3,"3",6,"0018000000","0218500000","0015570000","0183813333","0","0006000000","15570000","189813333"
1230264161,"01",1,"9333","1548",3,"10",6,"0010370000","0058440000","0004166067","0049992804","0","0006000000","4166067","55992804"
1230264161,"03",1,"7231","3410",3,"10",6,"0011170000","0068040000","0004848734","0058184808","0","0006000000","4848734","64184808"
1230324149,"01",1,"9211","0124",3,"12",6,"0003000000","0039000000","0003000000","0036000000","0","0003000000","3000000","39000000"
1230232171,"01",1,"7422","3610",3,"8",6,"0004000000","0026000000","0004000000","0024000000","0","0002000000","4000000","26000000"
1230076222,"01",1,"2320","8021",1,"6",4,"0005500000","0068000000","0004892500","0057900000","0","0003000000","4892500","60900000"
1230144158,"01",1,"9152","4531",3,"14",7,"0004000000","0048000000","0004000000","0048000000","0","0","4000000","48000000"
1230116052,"01",1,"5123","4521",3,"9",6,"0004500000","0058200000","0004277500","0051056500","0","0004500000","4277500","55556500"
1230232173,"01",1,"7222","2892",3,"12",6,"0005500000","0069000000","0005500000","0066000000","0","0003000000","5500000","69000000"
1230312171,"01",1,"3115","7421",1,"8",6,"0005000000","0063000000","0004704167","0053450004",NA,"0003000000","4704167","56450004"
1230060011,"01",1,"9141","9305",3,"8",6,"0004500000","0054000000","0004500000","0054000000","0","0","4500000","54000000"
1230060011,"02",1,"7122","4521",3,"8",6,"0004500000","0054000000","0004500000","0054000000","0","0","4500000","54000000"
1230060011,"03",1,"9314","4521",3,"8",6,"0004500000","0054000000","0004500000","0054000000","0","0","4500000","54000000"
1230060011,"04",1,"9314","4521",3,"8",6,"0004500000","0054000000","0004500000","0054000000","0","0","4500000","54000000"
1230060011,"05",1,"9314","4521",3,"8",6,"0004500000","0054000000","0004500000","0054000000","0","0","4500000","54000000"
1240089005,"01",1,"9152","4522",3,"16",7,"0003000000","0012000000","0003000000","0012000000","0","0","3000000","12000000"
1240089005,"01",2,"9314","4521",3,NA,NA,"0003750000","0022500000","0003750000","0022500000","0","0","3750000","22500000"
1240089005,"04",2,"9211","0111",3,NA,NA,"0001440000","0004320000","0001440000","0004320000","0","0","1440000","4320000"
1240089005,"05",2,"9211","0111",3,NA,NA,"0001440000","0004320000","0001440000","0004320000","0","0","1440000","4320000"
1240089009,"01",1,"9314","4521",3,"9",5,"0003000000","0006000000","0003000000","0006000000","0","0","3000000","6000000"
1240089001,"01",1,"9314","4521",3,"9",5,"0002800000","0025200000","0002800000","0025200000","0","0","2800000","25200000"
1240089010,"01",1,"7123","4521",3,"10",6,"0006000000","0042000000","0006000000","0042000000","0","0","6000000","42000000"
1240089010,"01",2,"7132","4540",3,NA,NA,"0006720000","0026880000","0006720000","0026880000","0","0","6720000","26880000"
1240113063,"01",1,"2310","8031",1,"8",6,"0013022000","0159264000","0012700000","0152400000","0","0003000000","12700000","155400000"
1240013006,"01",1,"3435","4522",3,"8",6,"0004500000","0054000000","0004346667","0052160004","0","0","4346667","52160004"
1240013014,"02",1,"9333","5126",3,"10",7,"0002000000","0024000000","0002000000","0024000000","0","0","2000000","24000000"
1240109009,"01",2,"8331","0111",3,NA,NA,"0","0005500000","0","0005500000","0","0","0","5500000"
1240109009,"01",2,"9152","3800",1,NA,NA,"0","0017258812","0","0014258180","0","0000550000","0","14808180"
1240109011,"03",1,"9211","0111",3,"8",3,"0000320000","0000320000","0000320000","0000320000","0","0","320000","320000"
1240109011,"03",2,"9314","4521",3,NA,NA,"0","0009000000","0","0009000000","0","0","0","9000000"
1240109015,"01",2,"9314","4521",3,NA,NA,"0002000000","0012000000","0002000000","0012000000","0","0","2000000","12000000"
1240109015,"02",2,"9211","0111",3,NA,NA,"0","0005500000","0","0005500000","0","0","0","5500000"
1240109015,"05",2,"9211","0111",3,NA,NA,"0","0006000000","0","0006000000","0","0","0","6000000"
1240037270,"01",1,"4190","8513",1,"8",6,"0003914533","0050274396","0003740000","0044880000","0","0003300000","3740000","48180000"
1240037275,"01",2,"8332","4522",3,NA,NA,"0","0032500000","0","0032500000","0","0","0","32500000"
1240001059,"03",1,"3211","8511",1,"12",4,"0005400000","0068700000","0005112000","0061344000","0","0003900000","5112000","65244000"
1240109006,"01",2,"9314","4521",3,NA,NA,"0000300000","0012000000","0000300000","0012000000","0","0","300000","12000000"
1240037266,"01",1,"2320","8021",1,"6",6,"0005042259","0063507108","0004604176","0055250112","0","0003000000","4604176","58250112"
1240061118,"01",1,"1410","7491",3,"10",6,"0002500000","0002500000","0002500000","0002500000","0","0","2500000","2500000"
1240061118,"03",1,"9152","8511",3,"8",6,"0003640000","0044180000","0003500000","0039500000","0","0003000000","3500000","42500000"
1240061118,"04",2,"0112","7522",1,NA,NA,"0","0000750000","0","0000750000","0","0","0","750000"
1240061120,"01",2,"3475","9241",3,NA,NA,"0","0003000000","0","0003000000","0","0","0","3000000"
1240001063,"01",1,"7231","5020",3,"9",6,"0002500000","0032500000","0002500000","0030000000","0","0002500000","2500000","32500000"
1240025295,"01",1,"2429","7411",3,"9",6,"0004800000","0108000000","0004800000","0108000000","0","0","4800000","108000000"
1240049056,"04",1,"9314","4521",3,"8",6,"0002550000","0009000000","0002550000","0009000000","0","0","2550000","9000000"
1240049065,"01",2,"5220","5223",3,NA,NA,"0","0012000000","0","0012000000","0","0","0","12000000"
1240013014,"03",1,"9333","5126",3,"10",7,"0002000000","0024000000","0002000000","0024000000","0","0","2000000","24000000"
1240085107,"01",1,"7231","5020",3,"15",7,"0004000000","0048000000","0004000000","0048000000","0","0","4000000","48000000"
1240085114,"01",1,"8324","6023",3,"14",5,"0003200000","0038400000","0003200000","0038400000","0","0","3200000","38400000"
1240085116,"01",1,"9314","4521",3,"9",4,"0002400000","0019200000","0002400000","0019200000","0","0","2400000","19200000"
1240085120,"03",1,"7212","2892",3,"8",5,"0002400000","0021600000","0002400000","0021600000","0","0","2400000","21600000"
1240061109,"03",1,"8322","5511",3,"8",6,"0003338867","0050866404","0003190000","0038280000","0","0010800000","3190000","49080000"
1240073002,"03",1,"9314","4521",3,"8",2,"0000500000","0004500000","0000500000","0004500000","0","0","500000","4500000"
1240073012,"01",1,"8322","7491",3,"12",4,"0004860000","0061192000","0004633200","0048803040","0","0010000000","4633200","58803040"
1240073014,"01",1,"6113","7511",1,"8",7,"0002300000","0028100000","0002300000","0027600000","0","0000500000","2300000","28100000"
1240097059,"01",1,"5220","5235",3,"9",7,"0003250000","0042000000","0003250000","0042000000","0","0","3250000","42000000"
1240097066,"01",2,"3221","8532",1,NA,NA,"0","0002500000","0","0002500000","0","0","0","2500000"
1240029212,"01",1,"8324","6023",3,"8",3,"0004000000","0048000000","0004000000","0048000000","0","0","4000000","48000000"
1240113063,"02",1,"2320","8021",1,"6",4,"0006268000","0078216000","0005800000","0069600000","0","0003000000","5800000","72600000"
1240113058,"01",1,"9132","2022",3,"3",3,"0000720000","0008640000","0000720000","0008640000","0","0","720000","8640000"
1240113058,"01",1,"7212","2930",3,"10",6,"0004846533","0064362398","0004700000","0056400000","0","0006400000","4700000","62800000"
1240113058,"03",1,"3449","7513",1,"8",6,"0003646533","0022800798","0003500000","0021000000","0","0001000000","3500000","22000000"
1240077304,"04",1,"9314","4540",3,"8",5,"0002600000","0027300000","0002600000","0027300000","0","0","2600000","27300000"
1240077311,"01",1,"2320","8021",1,"8",3,"0006764125","0085669500","0006184354","0074212248","0","0004500000","6184354","78712248"
1240089009,"03",1,"9132","5020",3,"10",7,"0000200000","0002400000","0000200000","0002400000","0","0","200000","2400000"
1240089014,"01",2,"9314","4521",3,NA,NA,"0003600000","0010800000","0003600000","0010800000","0","0","3600000","10800000"
1240077303,"01",1,"9211","0113",3,"9",6,"0003900000","0023400000","0003900000","0023400000","0","0","3900000","23400000"
1240077303,"03",2,"7123","4521",3,NA,NA,"0","0008000000","0","0008000000","0","0","0","8000000"
1240077303,"04",2,"9314","4521",3,NA,NA,"0","0007500000","0","0007500000","00",NA,"0","7500000"
1240077314,"03",1,"0112","7522",1,"7",6,"0000400000","0002400000","0000400000","0002400000","0","0","400000","2400000"
1240113051,"01",1,"8333","2694",1,"8",6,"0005963750","0082435000","0005456434","0065477208","0","0010870000","5456434","76347208"
1240077303,"05",2,"0112","7522",1,NA,NA,"0","0001870000","0","0001870000","0","0","0","1870000"
1240005014,"01",1,"9132","4521",3,"8",3,"0002100000","0007200000","0002100000","0007200000","0","0","2100000","7200000"
1240005014,"01",2,"9211","0111",3,NA,NA,"0","0004000000","0","0004000000","0","0","0","4000000"
1240005014,"01",2,"9320","1515",3,NA,NA,"0","0003000000","0","0003000000","0","0","0","3000000"
1240041115,"01",1,"2490","6512",1,"8",6,"0007200000","0112900000","0006495400","0077944800","0","0026500000","6495400","104444800"
1240041114,"02",1,"4190","8511",1,"8",6,"0007072193","0087866316","0006300732","0075608784","0","0003000000","6300732","78608784"
1240065148,"03",2,"5220","5236",3,NA,NA,"0","0009000000","0","0009000000","0","0","0","9000000"
1240065148,"05",2,"9314","4521",3,NA,NA,"0","0001500000","0","0001500000","0","0","0","1500000"
1240065147,"01",1,"9314","4521",3,"8",3,"0000900000","0007500000","0000900000","0007500000","0","0","900000","7500000"
1240065147,"03",1,"9314","4521",3,"8",6,"0003150000","0039600000","0003150000","0039600000","0","0","3150000","39600000"
1240065147,"05",1,"9314","4521",3,"8",3,"0000850000","0006000000","0000850000","0006000000","0","0","850000","6000000"
1240017108,"03",1,"9314","4521",3,"8",2,"0000650000","0007500000","0000650000","0007500000","0","0","650000","7500000"
1240017110,"02",2,"9333","5145",3,NA,NA,"0","0024650000","0","0024440000","0","0","0","24440000"
1240017110,"02",1,"9132","9302",3,"10",7,"0000600000","0000600000","0000600000","0000600000","0","0","600000","600000"
1240017100,"04",2,"0111","7523",1,NA,NA,"0","0001000000","0","0001000000","0","0","0","1000000"
1240017100,"04",1,"9132","3610",3,"9",6,"0000900000","0002700000","0000900000","0002700000","0","0","0900000","2700000"
1240041107,"01",1,"5162","7523",1,"8",6,"0007100000","0089200000","0006250000","0075000000","0","0004000000","6250000","79000000"
1240017104,"01",2,"9314","4521",3,NA,NA,"0","0006000000","0","0006000000","0","0","0","6000000"
1240065144,"01",1,"9314","4521",3,"8",5,"0003000000","0027000000","0003000000","0027000000","0","0","3000000","27000000"
1240065144,"03",1,"4190","7422",3,"8",6,"0003150000","0039300000","0003003467","0034737600","0","0003000000","3003467","37737600"
1240053167,"01",1,"8332","2699",3,"10",7,"0003200000","0041400000","0003020000","0036240000","0","0003000000","3020000","39240000"
1240053170,"04",2,"5220","5221",3,NA,NA,"0","0007500000","0","0007500000","0","0","0","7500000"
1240101345,"01",1,"9314","4521",3,"9",5,"0003400000","0040800000","0003400000","0040800000","0","0","3400000","40800000"
1240101355,"01",1,"9314","4521",3,"10",4,"0002550000","0027000000","0002550000","0027000000","0","0","2550000","27000000"
1240101355,"02",2,"9211","0111",3,NA,NA,"0","0006000000","0","0006000000","0","0","0","6000000"
1240101355,"06",2,"0112","7522",1,NA,NA,"0","0002250000","0","0002250000","0","0","0","2250000"
1240101358,"01",2,"9211","0111",3,NA,NA,"0","0001500000","0","0001500000","0","0","0","1500000"
1240017098,"01",2,"7231","7513",1,NA,NA,"0","0062320690","0","0052914056","0","0003000000","0","55914056"
1240101349,"01",1,"9314","4521",3,"9",4,"0001950000","0028800000","0001950000","0028800000","0","0","1950000","28800000"
1240101349,"01",2,"9211","0111",3,NA,NA,"0","0002000000","0","0002000000","0","0","0","2000000"
1240101351,"01",2,"9314","4521",3,NA,NA,"0","0015000000","0","0015000000","0","0","0","15000000"
1240101351,"01",2,"7417","1545",3,NA,NA,"0","0005200000","0","0005200000","0","0","0","5200000"
1240101358,"01",1,"9314","4521",3,"9",4,"0001500000","0027000000","0001500000","0027000000","0","0","1500000","27000000"
1240045061,"01",1,"2490","6512",1,"8",6,"0009988782","0147865384","0009080843","0108970116","0","0028000000","9080843","136970116"
1240009120,"01",1,"2144","6421",1,"9",5,"0011168300","0146019600","0010201193","0122414316","0","0012000000","10201193","134414316"
1240009120,"02",1,"2320","8021",1,"6",6,"0006148426","0799739040","0005532910","0066394920","0","0003000000","5532910","69394920"
1240081052,"01",1,"3449","7492",3,"8",6,"0003546533","0047681996","0003400000","0040800000","0","0005300000","3400000","46100000"
1240081060,"01",1,"7124","2022",3,"8",7,"0003207000","0041484000","0003000000","0036000000","0","0003000000","3000000","39000000"
1240081063,"01",1,"5169","7512",1,"10",6,"0008739439","0107873268","0007960965","0095531580","0","0003000000","7960965","98531580"
1240081063,"02",1,"2331","8012",1,"5",6,"0005979953","0074759436","0005283845","0063406140","0","0003000000","5283845","66406140"
1240033158,"01",1,"9314","4521",3,"8",3,"0001050000","0024000000","0001050000","0024000000","0","0","1050000","24000000"
1240057011,"01",1,"7123","4521",3,"12",7,"0003500000","0010500000","0003500000","0010500000","0","0","3500000","10500000"
1240057011,"01",2,"7501","5260",3,NA,NA,"0","0028080000","0","0028080000","0","0","0","28080000"
1240093002,"01",1,"5220","7513",1,"8",6,"0005000000","0067200000","0004482500","0047790000","0","0013200000","4482500","60990000"
1240093006,"01",1,"2490","7512",1,"8",6,"0007223195","0114278340","0006718168","0104618016","0","0003600000","6718168","108218016"
1240093006,"02",1,"2320","8022",1,"8",4,"0003000000","0029200000","0002850000","0025650000","0","0002200000","2850000","27850000"
1240093011,"01",1,"1410","8532",1,"8",6,"0010934334","0134212008","0010674908","0128098896","0","0003000000","10674908","131098896"
1240033158,"03",1,"9132","5260",3,"9",6,"0000300000","0001100000","0000300000","0001100000","0","0","300000","1100000"
1240033158,"04",1,"9132","5020",3,"10",6,"0000160000","0000960000","0000160000","0000960000","0","0","160000","960000"
1240105255,"01",1,"7231","5020",3,"12",6,"0003845000","0046140000","0003684276","0044211312","0","0","3684276","44211312"
1240021050,"02",1,"5220","5050",3,"6",7,"0002675000","0013375000","0002550167","0012750833","0","0","2550167","12750833"
1240021056,"01",1,"9314","4521",3,"8",5,"0002700000","0032000000","0002700000","0032000000","0","0","2700000","32000000"
1240021056,"03",1,"9314","4521",3,"8",2,"0000750000","0009000000","0000750000","0009000000","0","0","750000","9000000"
1240021056,"06",1,"7417","1545",3,"8",2,"0000300000","0001800000","0000300000","0001800000","0","0","300000","1800000"
1240021058,"01",1,"8322","6022",1,"10",7,"0008564113","0110769356","0007652273","0091827276","0","0008000000","7652273","99827276"
1240021058,"03",1,"9314","4521",3,"8",2,"0000800000","0012000000","0000800000","0012000000","0","0","800000","12000000"
1240033162,"01",2,"9132","7491",3,NA,NA,"0","0023639000","0","0019190000","0","0003000000","0","22190000"
1240033166,"01",1,"8324","6023",3,"8",6,"0003500000","0042200000","0003500000","0042000000","0","0000200000","3500000","42200000"
1240033165,"01",2,"8324","6421",1,NA,NA,"0","0027000000",NA,"0024516000","0","0","0","24516000"
1240033169,"01",1,"3435","7513",1,"8",6,"0005436667","0068240004","0005017500","0060210000","0","0003000000","5017500","63210000"
1240093009,"01",1,"4134","7512",1,"8",6,"0004500925","0059011100","0004184075","0050208900","0","0005000000","4184075","55208900"
1240069169,"03",1,"9314","4521",3,"8",3,"0001800000","0021000000","0001800000","0021000000","0","0","1800000","21000000"
1240069169,"04",1,"9314","4521",3,"8",3,"0001800000","0021000000","0001800000","0021000000","0","0","1800000","21000000"
1240069174,"04",2,"4222","8514",3,NA,NA,"0","0001850000","0","0001850000","0","0","0","1850000"
1240069174,"05",1,"4222","8514",3,"5",6,"0000350000","0000650000","0000350000","0000650000","0","0","350000","650000"
1240005011,"03",2,"9314","4522",3,NA,NA,"0","0015000000","0","0015000000","0","0","0","15000000"
1240049057,"01",1,"7418","1546",3,"10",7,"0002500000","0030800000","0002500000","0030000000","0","0000800000","2500000","30800000"
1240049067,"02",1,"9314","4540",3,"9",4,"0003000000","0029700000","0003000000","0029700000","0","0","3000000","29700000"
1240049067,"03",2,"5220","5222",3,NA,NA,"0","0000300000","0","0000300000","0","0","0","300000"
1240073002,"04",2,"9314","4521",3,NA,NA,"0","0004000000","0","0004000000","0","0","0","4000000"
1240069167,"03",1,"9314","4521",3,"8",5,"0001800000","0015840000","0001800000","0015840000","0","0","1800000","15840000"
1240114154,"01",2,"7136","4521",3,NA,NA,"0","0024653333","0","0024000000","0","0","0","24000000"
1240114163,"01",1,"9314","4521",3,"8",4,"0002400000","0024000000","0002400000","0024000000","0","0","2400000","24000000"
1240114152,"01",2,"9314","4521",3,NA,NA,"0","0001500000","0","0001500000","0","0","0","1500000"
1240014061,"03",1,"9314","4521",3,"8",3,"0000900000","0001680000","0000900000","0001680000",NA,NA,"900000","1680000"
1240014063,"01",1,"9314","4521",3,"8",5,"0002550000","0027000000","0002550000","0027000000",NA,NA,"2550000","27000000"
1240026051,"01",1,"9314","4521",3,"8",5,"0003300000","0029700000","0003300000","0029700000",NA,NA,"3300000","29700000"
1240026051,"03",2,"9152","2422",3,NA,NA,"0","0024000000","0","0024000000","0","0","0","24000000"
1240026065,"01",1,"2320","8021",1,"6",4,"0006153202","0081338424","0005605887","0067270644","0","0007500000","5605887","74770644"
1240026065,"02",1,"4113","8031",3,"5",5,"0003000000","0041000000","0002890000","0034680000","0","0005000000","2890000","39680000"
1240078179,"01",2,"9132","2022",3,NA,NA,"0","0006724663","0","0005250000","0","0","0","5250000"
1240018153,"02",2,"0112","7523",1,NA,NA,"0","0002240000","0","0002240000","0","0","0","2240000"
1240018160,"03",2,"5220","5232",3,NA,NA,"0","0006000000","0","0006000000","0","0","0","6000000"
1240018160,"04",1,"5220","5238",3,"7",7,"0001800000","0021600000","0001800000","0021600000","0","0","1800000","21600000"
1240018163,"01",2,"9314","4521",3,NA,NA,"0","0008000000","0","0008000000","0","0","0","8000000"
1240018156,"01",1,"9314","4521",3,"8",2,"0000600000","0009000000","0000600000","0009000000","0","0","600000","9000000"
1240018156,"01",1,"9211","0111",3,"8",5,"0003600000","0018000000","0003600000","0018000000","0","0","3600000","18000000"
1240018156,"03",2,"5141","9302",3,NA,NA,"0","0018000000","0","0018000000","0","0","0","18000000"
1240018156,"07",1,"9314","4521",3,"8",6,"0002700000","0016200000","0002700000","0016200000","0","0","2700000","16200000"
1240066112,"02",1,"9314","4521",3,"8",5,"0002500000","0012500000","0002500000","0012500000",NA,NA,"2500000","12500000"
1240066112,"03",1,"9314","4521",3,"8",5,"0002500000","0012500000","0002500000","0012500000",NA,NA,"2500000","12500000"
1240050156,"03",1,"1429","8531",3,"3",3,"0","0","0","0","0","0","0","0"
1240050156,"03",2,"2351","8517",3,NA,NA,"0","0000900000","0","0000900000","0","0","0","900000"
1240050156,"03",2,"2310","8031",3,NA,NA,"0","0006000000","0","0006000000","0","0","0","6000000"
1240050159,"03",2,"4134","5129",3,NA,NA,"0","0000900000","0","0000900000","0","0","0","900000"
1240050161,"01",1,"4115","3610",3,"10",6,"0002250000","0029000000","0002250000","0027000000","0","0002000000","2250000","29000000"
1240050161,"03",1,"0112","7523",1,"12",6,"0000270000","0003240000","0000270000","0003240000",NA,NA,"270000","3240000"
1240050163,"01",1,"7233","2699",3,"13",7,"0003140000","0012280000","0003000000","0012000000","0","0","3000000","12000000"
1240050163,"01",2,"7231","5020",3,NA,NA,"0","0022400000","0","0022400000","0","0","0","22400000"
1240074295,"01",1,"3112","4521",3,"12",7,"0003500000","0028147000","0003500000","0028000000",NA,NA,"3500000","28000000"
1240074301,"01",1,"9211","0111",3,"12",7,"0005000000","0017500000","0005000000","0017500000",NA,NA,"5000000","17500000"
1240098060,"03",1,"9333","2413",3,"10",7,"0003500000","0014000000","0003500000","0014000000",NA,NA,"3500000","14000000"
1240110348,"01",2,"7122","4521",3,NA,NA,"0005400000","0045000000","0005400000","0045000000","0","0","5400000","45000000"
1240110348,"03",1,"4211","6421",3,"9",6,"0000600000","0001200000","0000600000","0001200000","0","0","600000","1200000"
1240098060,"03",2,"9320","1543",3,NA,NA,"0","0012500000","0","0012500000","0","0","0","12500000"
1240098060,"07",2,"9314","4521",3,NA,NA,"0","0001900000","0","0001900000","0","0","0","1900000"
1240098060,"08",1,"8268","9301",3,"4",5,"0000500000","0002000000","0000500000","0002000000",NA,NA,"500000","2000000"
1240098064,"04",2,"0112","7522",1,NA,NA,"0","0005390000","0","0005390000","0","0","0","5390000"
1240098068,"01",1,"8322","6022",3,"10",7,"0002000000","0024000000","0002000000","0024000000",NA,NA,"2000000","24000000"
1240098071,"01",1,"5122","8031",3,"10",6,"0003171533","0043101596","0003025000","0036300000",NA,"0005200000","3025000","41500000"
1240110351,"01",1,"9314","4521",3,"8",4,"0001800000","0028800000","0001800000","0028800000","0","0","1800000","28800000"
1240110355,"01",1,"9314","4521",3,"10",5,"0000450000","0036000000","0000450000","0036000000","0","0","450000","36000000"
1240062059,"01",1,"9211","0126",3,"9",7,"0004200000","0048000000","0004055333","0045606873",NA,"0000800000","4055333","46406873"
1240102001,"01",1,"9314","4521",3,"8",3,"0001440000","0018000000","0001440000","0018000000","0","0","1440000","18000000"
1240102001,"01",2,"8331","0111",3,NA,NA,"00","0018000000","0","0018000000","00","0","0","18000000"
1240038297,"02",1,"3480","8090",1,"2",3,"0","0000800000","0","0000800000","0","0","0","800000"
1240062052,"03",1,"9314","4521",3,"8",3,"0001500000","0006000000","0001500000","0006000000","0","0","1500000","6000000"
1240062052,"03",2,"9211","0111",3,NA,NA,"0","0002400000","0","0002400000","0","0","0","2400000"
1240062055,"01",1,"9314","4521",3,"8",5,"0003300000","0022500000","0003300000","0022500000",NA,NA,"3300000","22500000"
1240062055,"04",1,"9314","4521",3,"8",5,"0002400000","0005400000","0002400000","0005400000",NA,NA,"2400000","5400000"
1240062064,"01",1,"7233","8511",1,"9",5,"0009216440","0115097280","0008613867","0103366404",NA,"0004500000","8613867","107866404"
1240066106,"01",1,"8332","4521",3,"8",5,"0001500000","0022800000","0001500000","0022800000","0","0","1500000","22800000"
1240066106,"01",1,"8331","0111",3,"8",2,"0004000000","0012000000","0004000000","0012000000","0","0","4000000","12000000"
1240102004,"01",1,"9314","4521",3,"8",5,"0003250000","0028800000","0003250000","0028800000","0","0","3250000","28800000"
1240078166,"04",2,"0112","7522",1,NA,NA,"0","0002400000","0","0002400000","0","0","0","2400000"
1240066103,"01",1,"9314","4522",3,"8",2,"0","0011700000","0","0011700000","0","0","0","11700000"
1240102012,"01",1,"9314","4521",3,"10",3,"0003000000","0031500000","0003000000","0031500000","0","0","3000000","31500000"
1240102015,"01",1,"9314","4521",3,"8",3,"0002250000","0027000000","0002250000","0027000000","0","0","2250000","27000000"
1240054002,"01",1,"9211","0111",3,"9",4,"0000450000","0020400000","0000450000","0020400000","0","0","450000","20400000"
1240054002,"01",2,"9314","4521",3,NA,NA,"0001200000","0009000000","0001200000","0009000000","0","0","1200000","9000000"
1240054015,"02",1,"3231","8531",1,"12",6,"0003300000","0013200000","0003300000","0013200000","0","0","3300000","13200000"
1240102008,"01",2,"9314","4521",3,NA,NA,"0002040000","0028800000","0002040000","0028800000","0","0","2040000","28800000"
1240042010,"01",2,"2320","8021",1,NA,NA,"0006000000","0006000000","0005200000","0005200000",NA,NA,"5200000","5200000"
1240090167,"01",1,"9314","4521",3,"8",5,"0003400000","0030600000","0003400000","0030600000","0","0","3400000","30600000"
1240042003,"01",1,"9141","7512",1,"8",7,"0004165000","0012495000","0004001667","0012005001","0","0","4001667","12005001"
1240042003,"01",2,"9141","7491",3,NA,NA,"0","0044616000","0","0029472003","0","0013800000","0","43272003"
1240030059,"03",1,"9320","2520",3,"8",6,"0002300000","0009800000","0002300000","0009800000",NA,NA,"2300000","9800000"
1240042008,"01",1,"1429","7250",3,"8",6,"0009000000","0111500000","0008403467","0100978804","0","0003500000","8403467","104478804"
1240042013,"01",1,"0112","7522",1,"9",6,"0000600000","0005050000","0000600000","0005050000","0","0","600000","5050000"
1240054002,"03",1,"2320","8021",1,"6",4,"0000750000","0001500000","0000750000","0001500000","0","0","750000","1500000"
1240054002,"03",2,"5220","5236",3,NA,NA,"0","0017500000","0","0017500000","0","0","0","17500000"
1240054002,"04",1,"9314","4540",3,"9",5,"0002600000","0015600000","0002600000","0015600000","0","0","2600000","15600000"
1240054006,"01",2,"8331","4522",3,NA,NA,"0","0015007732","0","0014000000","0","0000500000","0","14500000"
1240054006,"04",1,"5220","5234",3,"10",6,"0002000000","0008000000","0002000000","0008000000","0","0","2000000","8000000"
1240090170,"01",1,"9314","4521",3,"8",4,"0002400000","0019200000","0002400000","0019200000","0","0","2400000","19200000"
1240090170,"03",1,"9132","5020",3,"8",6,"0001200000","0014400000","0001200000","0014400000","0","0","1200000","14400000"
1240090172,"01",1,"9160","7491",3,"10",7,"0003500000","0046000000","0003336667","0040040004","0","0004000000","3336667","44040004"
1240090176,"01",1,"8324","6023",3,"8",6,"0004800000","0048000000","0004800000","0048000000","0","0","4800000","48000000"
1240006137,"01",1,"5220","5030",3,"10",6,"0001400000","0017300000","0001400000","0016800000","0","0000500000","1400000","17300000"
1240006148,"01",1,"5220","5222",3,"9",6,"0004750000","0058000000","0004583333","0055000000","0","0001000000","4583333","56000000"
1240030062,"01",1,"8212","2695",3,"9",6,"0003450000","0042200000","0003283333","0039399996",NA,"0000800000","3283333","40199996"
1240030065,"01",2,"9211","0111",3,NA,NA,"0","0003500000","0","0003500000","0","0","0","3500000"
1240034326,"03",1,"7134","4521",3,"8",3,"0004000000","0009000000","0004000000","0009000000",NA,NA,"4000000","9000000"
1240046056,"01",1,"7437","3610",3,"10",3,"0002200000","0026400000","0002200000","0026400000",NA,NA,"2200000","26400000"
1240034323,"01",1,"8322","8090",3,"9",6,"0002700000","0032400000","0002574000","0030888000",NA,NA,"2574000","30888000"
1240034323,"02",1,"2230","8511",1,"8",7,"0005200000","0068400000","0004957333","0059488000",NA,"0006000000","4957333","65488000"
1240046059,"01",1,"8323","6022",3,"12",4,"0003500000","0039000000","0003500000","0039000000","0","0","3500000","39000000"
1240082164,"01",1,"9314","4521",3,"10",6,"0001560000","0022560000","0001560000","0022560000","0","0","1560000","22560000"
1240082167,"01",1,"5123","5523",3,"4",6,"0000650000","0002600000","0000650000","0002600000","0","0","650000","2600000"
1240030057,"01",1,"5220","5234",3,"9",6,"0002500000","0036000000","0002500000","0036000000",NA,NA,"2500000","36000000"
1240082161,"01",1,"4142","6411",1,"8",6,"0001612750","0021653000","0001452683","0017432196","0","0002300000","1452683","19732196"
1240082169,"01",1,"8323","6022",3,"8",7,"0004850000","0058200000","0004850000","0058200000","0","0","4850000","58200000"
1240022102,"01",1,"7212","7498",3,"9",6,"0004250000","0044620000","0004250000","0044620000",NA,NA,"4250000","44620000"
1240022097,"01",1,"8231","2511",3,"8",6,"0005110530","0069826360","0004930173","0059162072",NA,"0008500000","4930173","67662072"
1240022104,"04",2,"0112","7522",1,NA,NA,"0000350000","0004200000","0000350000","0004200000",NA,NA,"350000","4200000"
1240094297,"01",1,"9141","0201",1,"12",7,"0006763163","0085496189","0006326615","0075919380",NA,"0004338233","6326615","80257613"
1240094300,"01",1,"4190","7513",1,"8",6,"0007724721","0107696652","0007120639","0085447668",NA,"0015000000","7120639","100447668"
1240094306,"01",1,"7222","2893",3,"9",7,"0003720000","0044640000","0003720000","0044640000",NA,NA,"3720000","44640000"
1240022108,"01",1,"3435","7512",1,"8",6,"0007449818","0095897816","0006536893","0078442721",NA,"0006500000","6536893","84942721"
1240022108,"03",1,"0112","7522",1,"8",6,"0000420000","0004620000","0000420000","0004620000",NA,NA,"420000","4620000"
1240010001,"01",1,"9211","0111",3,"8",6,"0004500000","0033750000","0004500000","0033750000",NA,NA,"4500000","33750000"
1240058151,"01",1,"9314","4521",3,"9",5,"0001755000","0024300000","0001755000","0024300000",NA,NA,"1755000","24300000"
1240094300,"02",1,"2320","8021",1,"8",3,"0004030000","0051360000","0003688500","0044262000",NA,"0003000000","3688500","47262000"
1240094302,"01",1,"5220","5222",3,"10",7,"0003720000","0044640000","0003720000","0044640000",NA,NA,"3720000","44640000"
1240094309,"01",1,"8324","6022",3,"6",6,"0004080000","0048960000","0004080000","0048960000",NA,NA,"4080000","48960000"
1240058151,"03",1,"9314","4521",3,"9",3,"0001560000","0018000000","0001560000","0018000000",NA,NA,"1560000","18000000"
1240058157,"01",2,"9211","0111",3,NA,NA,"0000420000","0006300000","0000420000","0006300000",NA,NA,"420000","6300000"
1240106008,"01",1,"2411","3800",1,"8",6,"0008840736","0113588832","0008071752","0096861024",NA,"0007500000","8071752","104361024"
1240010004,"01",1,"8324","6022",3,"12",4,"0003500000","0031000000","0003500000","0028000000",NA,"0003000000","3500000","31000000"
1240010011,"01",1,"3435","0112",3,"9",7,"0003100000","0038700000","0002953333","0035439998",NA,"0001500000","2953333","36939998"
1240058155,"02",2,"0112","7522",1,NA,NA,"0","0001750000","0","0001750000","0","0","0","1750000"
1240058155,"04",1,"9211","0111",3,"8",5,"0001500000","0001500000","0001500000","0001500000","0","0","1500000","1500000"
1240070005,"01",1,"2310","8031",3,"8",6,"0012000000","0185000000","0011440000","0173280000","0","0005000000","11440000","178280000"
1240054002,"05",2,"9314","4521",3,NA,NA,"0","0018000000","0","0018000000","0","0","0","18000000"
1240082169,"02",1,"2411","7512",1,"9",6,"0004315000","0054780000","0004151217","0049814604","0","0003000000","4151217","52814604"
1240051003,"01",1,"8322","4100",1,"10",6,"0006800000","0087100000","0006052000","0072624000",NA,"0005500000","6052000","78124000"
1240051003,"03",1,"9314","4521",3,"8",4,"0002500000","0030000000","0002500000","0030000000",NA,NA,"2500000","30000000"
1240099208,"03",1,"9314","4521",3,"8",4,"0002400000","0025200000","0002400000","0025200000","0","0","2400000","25200000"
1240087102,"01",1,"2331","8012",1,"4",6,"0007363100","0091357200","0006596970","0079163640","0","0003000000","6596970","82163640"
1240051003,"04",1,"9314","4521",3,"8",4,"0002200000","0026400000","0002200000","0026400000",NA,NA,"2200000","26400000"
1240099208,"05",1,"9314","4521",3,"8",3,"0001000000","0006000000","0001000000","0006000000","0","0","1000000","6000000"
1240051006,"01",1,"2411","8511",1,"8",6,"0010310000","0126720000","0009444455","0113333460",NA,"0003000000","9444455","116333460"
1240051015,"03",1,"5220","5232",3,"10",7,"0001600000","0022700000","0001600000","0020700000",NA,"0002000000","1600000","22700000"
1240087107,"01",1,"9211","0126",3,"15",6,"0002770000","0033240000","0002640733","0031688000",NA,NA,"2640733","31688000"
1240087107,"01",2,"9314","4521",3,NA,NA,"0","0002000000","0","0002000000","0","0","0","2000000"
1240099198,"04",2,"9314","4521",3,NA,NA,"0000840000","0010800000","0000840000","0010800000","0","0","840000","10800000"
1240099198,"05",1,"9314","4521",3,"8",2,"0000480000","0007200000","0000480000","0007200000","0","0","480000","7200000"
1240007012,"03",1,"9132","5020",3,"8",5,"0001200000","0015000000","0001200000","0015000000","0","0","1200000","15000000"
1240067014,"04",1,"9314","4521",3,"8",6,"0001920000","0021600000","0001920000","0021600000","0","0","1920000","21600000"
1240007003,"01",2,"8232","2520",3,NA,NA,"0","0029000000","0","0024832000","0","0003000000","0","27832000"
1240007006,"01",1,"9132","7491",3,"11",7,"0006358288","0082299456","0005908744","0070904932","0","0006000000","5908744","76904932"
1240007006,"03",1,"9314","4521",3,"8",5,"0002200000","0024750000","0002200000","0024750000","0","0","2200000","24750000"
1240007006,"04",1,"9314","4521",3,"8",5,"0002200000","0022450000","0002200000","0022450000","0","0","2200000","22450000"
1240007015,"01",1,"5123","7491",3,"8",6,"0003792040","0052104480","0003643357","0043720304","0","0006600000","3643357","50320304"
1240063105,"01",1,"4142","6411",1,"8",6,"0007891960","0099703520","0007350848","0088210176","0","0005000000","7350848","93210176"
1240015056,"01",1,"4115","5126",3,"10",6,"0003317000","0042804000","0003162207","0037946480","0","0003000000","3162207","40946480"
1240015050,"01",1,"7123","4521",3,"12",5,"0003300000","0040800000","0003300000","0040800000","0","0","3300000","40800000"
1240003137,"01",1,"4215","7511",1,"8",6,"0006077881","0077934572","0005926125","0071113500","0","0005000000","5926125","76113500"
1240015049,"01",1,"9314","4521",3,"9",3,"0002250000","0002250000","0002250000","0002250000","0","0","2250000","2250000"
1240015049,"01",2,"8332","4522",3,NA,NA,"0","0072800000","0","0070933330","0","0","0","70933330"
1240015053,"01",1,"8322","8517",1,"9",7,"0004404574","0058854888","0004249090","0050989080","0","0006000000","4249090","56989080"
1240015053,"03",2,"7141","4540",3,NA,NA,"0","0003840000","0","0003840000","0","0","0","3840000"
1240015060,"01",1,"9160","7491",3,"9",7,"0004217000","0055604000","0004072333","0048867996","0","0005000000","4072333","53867996"
1240015060,"03",2,"9314","4521",3,"0",0,"0","0002250000","0","0002250000","0","0","0","2250000"
1240027002,"01",1,"9160","6302",3,"8",7,"0000900000","0008600000","0000900000","0008600000","0","0","900000","8600000"
1240027002,"02",1,"9133","7493",3,"5",5,"0001000000","0007500000","0001000000","0007500000","0","0","1000000","7500000"
1240027002,"04",1,"9131","7493",3,"4",4,"0000650000","0007800000","0000650000","0007800000","0","0","650000","7800000"
1240063101,"04",1,"9314","4521",3,"8",5,"0002200000","0014000000","0002200000","0014000000","0","0","2200000","14000000"
1240063101,"05",1,"9211","0111",3,"8",2,"0001500000","0006750000","0001500000","0006750000","0","0","1500000","6750000"
1240099210,"03",1,"3221","8516",3,"7",6,"0000676750","0008121000","0000558917","0006707000","0","0","558917","6707000"
1240027012,"01",1,"4190","7511",1,"8",6,"0005681400","0074176800","0005288874","0063466488","0","0006000000","5288874","69466488"
1240003140,"01",1,"9314","4521",3,"8",5,"0001800000","0010800000","0001800000","0010800000","0","0","1800000","10800000"
1240003140,"03",1,"9111","5259",3,"8",3,"0001600000","0007500000","0001600000","0007500000","0","0","1600000","7500000"
1240003143,"01",1,"8163","8511",1,"9",6,"0007300000","0090600000","0007090000","0085080000","0","0003000000","7090000","88080000"
1240003145,"02",1,"2230","8511",1,"8",6,"0006762000","0084144000","0006361211","0076334532","0","0003000000","6361211","79334532"
1240075119,"01",1,"8324","6023",3,"14",6,"0004500000","0055500000","0004500000","0054000000","0","0001500000","4500000","55500000"
1240003137,"04",1,"9211","7491",3,"8",6,"0003200000","0016000000","0003050667","0015253333","0","0","3050667","15253333"
1240003137,"06",1,"9211","7491",3,"8",6,"0003200000","0016000000","0003050667","0015253333","0","0","3050667","15253333"
1240003149,"01",1,"2320","8021",3,"4",6,"0002880000","0023040000","0002880000","0023040000","0","0","2880000","23040000"
1240003149,"01",2,"2320","8021",1,NA,NA,"0","0036975780","0","0033647960","0","0","0","33647960"
1240075112,"01",1,"8331","3800",1,"8",7,"0007609231","0097510772","0007162996","0085955952","0","0006200000","7162996","92155952"
1240075115,"05",2,"9211","0111",3,NA,NA,"0","0002600000","0","0002600000","0","0","0","2600000"
1240027014,"01",1,"4222","8514",3,"9",6,"0001500000","0021600000","0001500000","0021000000","0","0000600000","1500000","21600000"
1240027014,"03",1,"7418","1543",3,"8",7,"0001200000","0016000000","0001200000","0016000000","0","0","1200000","16000000"
1240111055,"01",1,"5161","7491",3,"12",4,"0004744667","0062636004","0004600000","0055200000","0","0005700000","4600000","60900000"
1240067010,"01",1,"7417","1545",3,"4",7,"0001200000","0012000000","0001144000","0011440000","0","0","1144000","11440000"
1240067008,"03",1,"9132","4521",3,"8",6,"0004000000","0037000000","0004000000","0037000000","0","0","4000000","37000000"
1240111061,"01",1,"9314","4521",3,"9",5,"0001800000","0011400000","0001800000","0011400000",NA,NA,"1800000","11400000"
1240111061,"03",1,"7141","4540",3,"9",4,"0000800000","0021000000","0000800000","0021000000",NA,NA,"800000","21000000"
1240067008,"05",1,"9314","4521",3,"8",6,"0002500000","0018500000","0002500000","0018500000","0","0","2500000","18500000"
1240067002,"01",1,"7123","4521",3,"8",5,"0003230000","0042240000","0003220000","0042240000","0","0","3220000","42240000"
1240075110,"01",1,"8331","0111",3,"8",3,"0001800000","0012000000","0001800000","0012000000","0","0","1800000","12000000"
1240075110,"01",2,"0112","7522",1,NA,NA,"0","0001000000","0","0001000000","0","0","0","1000000"
1240075123,"01",1,"8331","0111",3,"8",7,"0003500000","0021500000","0003500000","0021500000","0","0","3500000","21500000"
1240111049,"01",1,"2331","8012",1,"4",6,"0006472343","0081668116","0005628726","0067544712","0","0003000000","5628726","70544712"
1240043333,"01",1,"5220","5238",3,"9",7,"0002000000","0024000000","0002000000","0024000000","0","0","2000000","24000000"
1240031004,"01",1,"8125","2893",3,"6",6,"0003200000","0044800000","0003200000","0038400000","0","0006400000","3200000","44800000"
1240019112,"04",2,"9211","0111",3,NA,NA,"0","0000840000","0","0000840000","0","0","0","840000"
1240031002,"02",1,"0111","7522",1,"12",6,"0006865395","0085384740","0006395409","0076744908","0","0003000000","6395409","79744908"
1240031002,"03",1,"8322","7491",3,"5",5,"0003359800","0042317600","0003213269","0038559228","0","0002000000","3213269","40559228"
1240031015,"01",1,"5123","7491",3,"10",6,"0004419800","0058437600","0004273267","0051279204","0","0005400000","4273267","56679204"
1240031015,"06",1,"3432","7523",1,"8",6,"0005273085","0073677020","0004993120","0059917440","0","0010400000","4993120","70317440"
1240079051,"01",1,"9132","9193",3,"4",3,"0000240000","0002880000","0000240000","0002880000","0","0","240000","2880000"
1240079051,"02",1,"3480","8090",3,"5",3,"0000235000","0002800000","0000235000","0002800000","0","0","235000","2800000"
1240079062,"01",1,"7433","1810",3,"10",7,"0003000000","0036000000","0003000000","0036000000","0","0","3000000","36000000"
1240115005,"01",2,"5123","7491",3,NA,NA,"0","0021279200","0","0013493068","0","0007200000","0","20693068"
1240115011,"01",1,"4190","7491",3,"10",6,"0004102800","0054233600","0003913267","0046959204","0","0005000000","3913267","51959204"
1240019102,"01",1,"9314","4540",3,"9",5,"0002700000","0022320000","0002700000","0022320000","0","0","2700000","22320000"
1240019102,"01",2,"7123","4521",3,NA,NA,"0","0012760400","0","0012467334","0","0","0","12467334"
1240019102,"03",1,"0112","7522",1,"9",6,"0000310000","0003720000","0000310000","0003720000",NA,NA,"310000","3720000"
1240019114,"01",1,"7136","7491",3,"12",7,"0007505194","0090062328","0006987978","0083855736","0","0","6987978","83855736"
1240019114,"04",1,"9314","4521",3,"10",4,"0001800000","0012600000","0001800000","0012600000","0","0","1800000","12600000"
1240079055,"01",1,"7221","2811",3,"8",6,"0002860000","0034320000","0002860000","0034320000","0","0","2860000","34320000"
1240079060,"01",1,"7231","5020",3,"8",6,"0006213000","0075056000","0006071000","0072852000","0","0000500000","6071000","73352000"
1240055193,"01",1,"9314","4521",3,"8",5,"0003150000","0034800000","0003150000","0034800000",NA,NA,"3150000","34800000"
1240091155,"03",1,"5111","6022",3,"10",7,"0004500000","0054000000","0004500000","0054000000",NA,NA,"4500000","54000000"
1240059112,"02",1,"2139","8021",3,"4",4,"0001280000","0015360000","0001280000","0015360000",NA,NA,"1280000","15360000"
1240055197,"01",1,"4211","1520",3,"11",7,"0001750000","0014000000","0001668333","0013346664",NA,NA,"1668333","13346664"
1240055197,"01",2,"0112","7523",1,NA,NA,"0","0001200000","0","0001200000","0","0","0","1200000"
1240055197,"02",2,"4211","1520",3,NA,NA,"0","0002500000","0","0002500000","0","0","0","2500000"
1240055200,"01",1,"9314","4521",3,"8",5,"0002700000","0034700000","0002700000","0034700000",NA,NA,"2700000","34700000"
1240055200,"01",2,"9211","0111",3,NA,NA,"0","0003450000","0","0003450000","0","0","0","3450000"
1240055207,"03",2,"5220","5234",3,NA,NA,"0","0001500000","0","0001500000","0","0","0","1500000"
1240055207,"04",2,"9132","4540",3,NA,NA,"0","0001200000","0","0001200000","0","0","0","1200000"
1240059104,"01",1,"9314","4521",3,"8",4,"0001500000","0022500000","0001500000","0022500000","0","0","1500000","22500000"
1240059104,"04",1,"9314","4521",3,"8",5,"0000750000","0000750000","0000750000","0000750000","0","0","750000","750000"
1240059105,"01",2,"9314","4521",3,NA,NA,"0","0030600000","0","0030600000","0","0","0","30600000"
1240059108,"03",1,"7136","4531",3,"8",6,"0001500000","0018000000","0001500000","0018000000","0","0","1500000","18000000"
1240091158,"03",2,"9314","4521",3,NA,NA,"0","0007200000","0","0007200000","0","0","0","7200000"
1240091160,"01",2,"9152","2691",3,NA,NA,"0","0005400000","0","0005400000","0","0","0","5400000"
1240083284,"01",2,"9314","4540",3,NA,NA,"0","0010800000","0","0010800000","0","0","0","10800000"
1240095209,"01",2,"9314","4521",3,NA,NA,"0","0013500000","0","0013500000","0","0","0","13500000"
1240095215,"03",2,"9314","4521",3,NA,NA,"0","0000600000","0","0000600000","0","0","0","600000"
1240095215,"04",2,"9314","4521",3,NA,NA,"0","0000360000","0","0000360000","0","0","0","360000"
1240095219,"01",1,"9152","3800",1,"12",6,"0004758000","0061896000","0004198000","0050736000","0","0004800000","4198000","55536000"
1240095223,"01",2,"5220","5238",3,NA,NA,"0","0004800000","0","0004800000","0","0","0","4800000"
1240103111,"01",1,"8323","6022",3,"8",7,"0003500000","0042000000","0003500000","0042000000",NA,NA,"3500000","42000000"
1240035057,"01",1,"9112","5259",3,"8",5,"0003000000","0039600000","0003000000","0039600000",NA,NA,"3000000","39600000"
1240035063,"02",1,"0111","7522",1,"8",6,"0006200000","0077400000","0005750000","0069000000",NA,"0003000000","5750000","72000000"
1240023006,"01",1,"2351","8090",1,"10",6,"0006421894","0080062728","0005807878","0069694536",NA,"0003000000","5807878","72694536"
1240035051,"03",2,"9132","3610",3,NA,NA,"0","0001800000","0","0001800000","0","0","0","1800000"
1240035054,"04",1,"5220","5222",3,"8",7,"0000900000","0004500000","0000900000","0004500000",NA,NA,"900000","4500000"
1240023006,"02",1,"2320","8021",1,"6",5,"0005905553","0073866636","0005243564","0062922768",NA,"0003000000","5243564","65922768"
1240083287,"01",1,"1410","7513",1,"12",6,"0009743985","0119927820","0008961534","0107538408","0","0003000000","8961534","110538408"
1240083287,"02",1,"2320","8012",1,"6",6,"0006903578","0084978936","0005982607","0071791284","0000288000","0005592000","6270607","77383284"
1240083290,"01",1,"9314","4521",3,"9",5,"0002325000","0032550000","0002325000","0032550000",NA,NA,"2325000","32550000"
1240023007,"03",1,"9314","4521",3,"8",3,"0001200000","0018000000","0001200000","0018000000",NA,NA,"1200000","18000000"
1240011063,"03",1,"2221","8513",3,"2",7,"0002500000","0030000000","0002383333","0028600000",NA,NA,"2383333","28600000"
1240047164,"01",1,"2490","7491",3,"06",4,"0004334550","0058214600","0004160551","0049926612",NA,"0006200000","4160551","56126612"
1240071361,"01",1,"9132","5511",1,"8",6,"0004613673","0070564076","0004077382","0048928584",NA,"0015200000","4077382","64128584"
1240071359,"01",1,"5122","5521",3,"12",7,"0004259000","0056108000","0004086333","0052036000","0","0002000000","4086333","54036000"
1240107258,"01",1,"9211","7491",3,"8",6,"0003144667","0043736004","0003000000","0036000000",NA,"0006000000","3000000","42000000"
1240107265,"01",2,"9211","0111",3,NA,NA,"0","0006000000","0","0006000000","0","0","0","6000000"
1240107265,"04",2,"9314","4521",3,NA,NA,"0000600000","0010800000","0000600000","0010800000",NA,NA,"600000","10800000"
1240019102,"03",2,"9314","4540",3,NA,NA,"0","0001800000","0","0001800000","0","0","0","1800000"
1240063101,"05",1,"9314","4521",3,"8",3,"0000800000","0001500000","0000800000","0001500000","0","0","800000","1500000"
1240071363,"01",1,"9314","4521",3,"9",5,"0003400000","0039100000","0003400000","0039100000",NA,NA,"3400000","39100000"
1240063101,"05",2,"7218","5020",3,NA,NA,"0","0014200000","0","0014200000","0","0","0","14200000"
1240056176,"01",1,"7422","3610",3,"10",6,"0003500000","0048600000","0003500000","0042600000","0","0006000000","3500000","48600000"
1240068057,"01",2,"9314","4521",3,NA,NA,"0","0028800000","0","0028800000","0","0","0","28800000"
1240068059,"01",1,"0112","7523",1,"8",6,"0000370000","0000750000","0000370000","0000750000","0","0","370000","750000"
1240068069,"02",1,"7123","4522",3,"7",4,"0004500000","0004500000","0004500000","0004500000","0","0","4500000","4500000"
1240068069,"03",1,"2461","7530",1,"1",6,"0001000000","0013500000","0001000000","0013500000","0","0","1000000","13500000"
1240032339,"01",1,"7417","1545",3,"10",7,"0004500000","0054000000","0004500000","0054000000","0","0","4500000","54000000"
1240032344,"01",1,"9132","8022",1,"8",6,"0004520600","0054247200","0004323779","0051885344","0","0","4323779","51885344"
1240032350,"01",1,"4190","7513",1,"8",6,"0006673687","0091084244","0006073055","0072886662","0","0011000000","6073055","83886662"
1240068061,"04",1,"7418","1546",3,"8",7,"0002500000","0003750000","0002500000","0003750000","0","0","2500000","3750000"
1240068061,"04",2,"9314","4521",3,NA,NA,"0","0022680000","0","0022680000","0","0","0","22680000"
1240100219,"01",2,"8322","6022",3,NA,NA,"0","0021200000","0","0021200000","0","0","0","21200000"
1240004342,"01",1,"4190","7513",1,"8",6,"0009000000","0111000000","0008480000","0101760000","0","0003000000","8480000","104760000"
1240028320,"02",1,"2230","8511",1,"8",6,"0007131593","0093579116","0006718716","0080624596","0","0008000000","6718716","88624596"
1240104095,"01",1,"5169","3800",1,"8",6,"0008571450","0109857400","0008040175","0096482148","0","0007000000","8040175","103482148"
1240104101,"01",1,"8322","3800",1,"8",6,"0008619855","0110438260","0008125833","0097509996","0","0007000000","8125833","104509996"
1240020005,"01",1,"8332","4522",3,"9",4,"0","0021000000","0","0021000000","0","0","0","21000000"
1240020001,"01",1,"3212","0140",1,"10",6,"0008518542","0105222504","0008217166","0098605992","0","0003000000","8217166","101605992"
1240020007,"02",1,"2331","8012",1,"4",6,"0005446789","0068361468","0004875459","0058505508","0","0003000000","4875459","61505508"
1240020015,"01",1,"5169","7513",1,"9",6,"0012264000","0150168000","0011385200","0136622400","0","0003000000","11385200","139622400"
1240104098,"01",1,"8322","3800",1,"8",6,"0008619855","0110438260","0008125833","0097509996","0","0007000000","8125833","104509996"
1240116119,"03",1,"9132","1810",3,"6",7,"0001800000","0001800000","0001800000","0001800000","0","0","1800000","1800000"
1240088056,"02",1,"9152","7491",3,"8",7,"0002400000","0016800000","0002400000","0016800000","0","0","2400000","16800000"
1240088056,"02",2,"5123","5523",3,NA,NA,"0","0007500000","0","0007500000","0","0","0","7500000"
1240088061,"01",1,"9314","4521",3,"9",5,"0003000000","0030000000","0003000000","0030000000","0","0","3000000","30000000"
1240076165,"01",2,"7123","4521",3,NA,NA,"0","0041680000","0","0040560000","0","0","0","40560000"
1240076169,"01",1,"9314","4521",3,"8",4,"0003750000","0042000000","0003750000","0042000000","0","0","3750000","42000000"
1240088050,"01",1,"3480","7491",3,"8",7,"0003500000","0048000000","0003348100","0040177200","0","0006000000","3348100","46177200"
1240052160,"01",1,"5162","7523",1,"8",6,"0009785432","0132425184","0008904743","0106856917","0","0015000000","8904743","121856917"
1240052167,"01",1,"2411","7511",1,"10",6,"0010589735","0130076820","0009867739","0118412868","0","0003000000","9867739","121412868"
1240052167,"02",1,"2320","8021",1,"6",4,"0005732387","0068788644","0005101101","0061213214","0","0003000000","5101101","64213214"
1240040159,"01",1,"0111","7522",1,"8",6,"0010000000","0135000000","0009440000","0113280000","0","0015000000","9440000","128280000"
1240040162,"01",1,"4190","8513",1,"8",6,"0008631978","0106583736","0008188783","0098265396","0","0003000000","8188783","101265396"
1240052172,"01",1,"2230","8511",1,"8",6,"0007663523","0102962276","0006888063","0082656756","0","0011000000","6888063","93656756"
1240112052,"01",1,"7433","1810",3,"11",6,"0003200000","0038400000","0003200000","0038400000","0","0","3200000","38400000"
1240112052,"04",2,"9314","4521",3,NA,NA,"0","0008400000","0","0008400000","0","0","0","8400000"
1240112052,"05",2,"9314","4540",3,NA,NA,"0000450000","0004500000","0000450000","0004500000","0","0","450000","4500000"
1240112055,"01",2,"7123","4521",3,NA,NA,"0","0042800000","0","0040933333","0","0","0","40933333"
1240112059,"01",1,"2331","8012",1,"4",6,"0007122779","0088473348","0006505286","0078063432","0","0003000000","6505286","81063432"
1240004345,"01",1,"1429","8021",1,"6",6,"0010246296","0110955552","0009029480","0095140070","0","0003000000","9029480","98140070"
1240008066,"01",2,"9152","1410",3,NA,NA,"0","0018000000","0","0018000000","0","0","0","18000000"
1240008066,"03",2,"7111","1410",3,NA,NA,"0","0025200000","0","0025200000","0","0","0","25200000"
1240004350,"01",1,"3416","4522",3,"8",6,"0004239800","0057418800","0004020000","0048240000","0","0006600000","4020000","54840000"
1240004350,"05",1,"5220","5030",3,"8",6,"0003219800","0044578800","0003073267","0033923070","0","0006000000","3073267","39923070"
1240004350,"06",1,"5220","5030",3,"8",6,"0003219800","0028978200","0003073267","0027659403","0","0","3073267","27659403"
1240028327,"01",2,"9314","4521",3,NA,NA,"0","0022500000","0","0022500000","0","0","0","22500000"
1240028327,"03",1,"9314","4521",3,"8",4,"0001800000","0024000000","0001800000","0024000000","0","0","1800000","24000000"
1240028327,"04",1,"9314","4521",3,"8",4,"0002550000","0027000000","0002550000","0027000000","0","0","2550000","27000000"
1240008068,"01",2,"5162","7523",1,NA,NA,"0","0049800000","0","0042588000","0","0003000000","0","45588000"
1240064091,"01",2,"8331","0111",3,NA,NA,"0","0014000000","0","0014000000","0","0","0","14000000"
1240064091,"01",2,"7111","1410",3,NA,NA,"0","0009000000","0","0009000000","0","0","0","9000000"
1240064094,"03",1,"9314","4521",3,"8",3,"0002040000","0032400000","0002040000","0032400000","0","0","2040000","32400000"
1240064094,"04",1,"9314","4521",3,"8",4,"0001980000","0033000000","0001980000","0033000000","0","0","1980000","33000000"
1240064102,"05",1,"9314","4521",3,"8",2,"0000900000","0006000000","0000900000","0006000000","0","0","900000","6000000"
1240064102,"06",1,"9314","4521",3,"8",2,"0000750000","0005300000","0000750000","0005300000","0","0","750000","5300000"
1240064102,"06",2,"7212","4522",3,NA,NA,"0","0009000000","0","0009000000","0","0","0","9000000"
1240064105,"01",1,"9314","4521",3,"8",5,"0001800000","0031500000","0001800000","0031500000","0","0","1800000","31500000"
1240016241,"01",1,"3431","7512",1,"12",6,"0010054024","0128648288","0008699469","0104393580","0","0008000000","8699469","112393580"
1240016241,"03",1,"9152","8031",3,"10",7,"0003880000","0054256000","0003698933","0044387200","0","0007600000","3698933","51987200"
1240016245,"03",1,"3429","5156",3,"9",6,"0003750000","0056000000","0003533000","0042396000","0","0011000000","3533000","53396000"
1240008068,"03",1,"5220","5238",3,"10",7,"0002800000","0033600000","0002800000","0033600000","0","0","2800000","33600000"
1240008068,"04",1,"5220","5238",3,"9",5,"0002000000","0022500000","0002000000","0022500000","0","0","2000000","22500000"
1240016252,"05",1,"5162","4100",1,"12",5,"0007806843","0101082116","0006938390","0083260680","0","0007400000","6938390","90660680"
1240104102,"01",1,"7231","3800",1,"8",6,"0007240050","0093880600","0006819405","0081832860","0","0007000000","6819405","88832860"
1240108337,"01",2,"9314","4521",3,NA,NA,"0001500000","0036000000","0001500000","0036000000","0","0","1500000","36000000"
1240108346,"01",2,"9314","4521",3,NA,NA,"0","0022500000","0","0022500000","0","0","0","22500000"
1240080167,"01",1,"9314","4521",3,"8",5,"0003500000","0024500000","0003500000","0024500000","0","0","3500000","24500000"
1240092099,"01",1,"9333","9305",3,"8",5,"0002000000","0022000000","0002000000","0022000000","0","0","2000000","22000000"
1240092107,"01",1,"9314","4521",3,"8",5,"0003000000","0027000000","0003000000","0027000000","0","0","3000000","27000000"
1240092103,"02",1,"9314","4521",3,"8",5,"0003000000","0030000000","0003000000","0030000000","0","0","3000000","30000000"
1240080179,"01",1,"9112","7491",3,"9",7,"0003119800","0040637600","0002973267","0035679204","0","0003200000","2973267","38879204"
1240008056,"01",1,"5220","5238",3,"8",6,"0004580000","0058460000","0004366267","0052395200","0","0003500000","4366267","55895200"
1240044170,"01",1,"4141","7411",3,"6",6,"0008000000","0074000000","0008000000","0074000000","0","0","8000000","74000000"
1240084207,"01",1,"2320","8022",1,"8",6,"0006658848","0083086176","0006115647","0073387764","0","0003180000","6115647","76567764"
1240084207,"02",1,"2331","8012",1,"5",6,"0005997345","0075148140","0005422503","0065070036","0","0003180000","5422503","68250036"
1240044175,"01",1,"4111","8511",3,"2",6,"0001200000","0015000000","0001200000","0015000000","0","0","1200000","15000000"
1240048110,"04",1,"4190","8532",1,"8",6,"0001000000","0023200000","0001000000","0012000000","0","0011200000","1000000","23200000"
1240048117,"02",1,"8324","6023",3,"15",6,"0003300000","0056100000","0003300000","0056100000","0","0","3300000","56100000"
1240048117,"03",2,"9314","4521",3,NA,NA,"0001200000","0022800000","0001200000","0022800000","0","0","1200000","22800000"
1240056163,"01",1,"4142","7491",3,"10",6,"0012717000","0074604000","0004572333","0056867996","0008000000","0010000000","12572333","66867996"
1240084205,"01",1,"1429","8022",1,"8",6,"0007895898","0097930776","0007072470","0084869640","0","0003180000","7072470","88049640"
1240084209,"01",1,"5123","7491",3,"8",6,"0003760000","0058120000","0003384000","0040608000","0","0013000000","3384000","53608000"
1240096054,"01",2,"9314","4522",3,NA,NA,"0","0014000000","0","0014000000","0","0","0","14000000"
1240044175,"01",1,"4190","4010",1,"8",6,"0025504109","0318049308","0021928016","0263136195","0","0012000000","21928016","275136195"
1240044175,"02",1,"4190","0140",1,"8",6,"0004920000","0067040000","0004690400","0056284800","0","0008000000","4690400","64284800"
1240024249,"01",1,"8231","2511",3,"8",6,"0005500000","0075300000","0005355100","0064261200","0","0009300000","5355100","73561200"
1240024244,"01",1,"4134","7491",3,"8",6,"0004500000","0057500000","0004355100","0052261200","0","0003500000","4355100","55761200"
1240024247,"01",1,"1429","8012",1,"6",6,"0007800000","0096780000","0006760000","0081120000","0","0003180000","6760000","84300000"
1240072115,"04",1,"2331","8021",1,"6",4,"0007980000","0098940000","0006862800","0082353600","0","0003180000","6862800","85533600"
1240072122,"01",2,"9211","0111",3,NA,NA,"0","0014000000","0","0014000000","0","0","0","14000000"
1240096057,"03",1,"9314","4521",3,"8",4,"0000360000","0020160000","0000360000","0020160000","0","0","360000","20160000"
1240096060,"01",1,"1429","8022",1,"8",6,"0012444465","0058766790","0008447818","0050686908","0003180000","0003180000","11627818","53866908"
1240096060,"01",2,"2320","8022",1,NA,NA,"0","0041426790","0","0037259838","0","0","0","37259838"
1240012001,"01",1,"9152","4522",3,"12",7,"0004300000","0053100000","0004155100","0049861200","0","0001500000","4155100","51361200"
1240012001,"02",1,"9152","4522",3,"12",7,"0004150000","0049800000","0004005100","0048061200","0","0001500000","4005100","49561200"
1240012001,"03",1,"9152","4522",3,"12",7,"0004150000","0049800000","0004005100","0048061200","0","0001500000","4005100","49561200"
1240036057,"01",1,"4142","6411",1,"8",6,"0013425566","0164286792","0012744076","0152928912","0","0003180000","12744076","156108912"
1240060006,"01",1,"8324","6023",3,"14",7,"0004000000","0051000000","0004000000","0051000000","0","0","4000000","51000000"
1240036053,"02",1,"9314","4521",3,"8",3,"0001800000","0006800000","0001800000","0006800000","0","0","1800000","6800000"
1240036059,"03",1,"2230","8513",1,"8",6,"0004500000","0051000000","0004500000","0051000000","0","0","4500000","51000000"
1240036059,"04",1,"5162","7523",1,"10",6,"0007861622","0059359476","0004213194","0050558328","0003180000","0003180000","7393194","53738328"
1240036067,"01",1,"4142","7513",1,"8",6,"0005282900","0070594800","0004945577","0059346920","0","0007200000","4945577","66546920"
1240060007,"01",1,"8125","2731",3,"8",6,"0003500000","0051000000","0003355100","0040261200","0","0009000000","3355100","49261200"
1240080174,"01",2,"3114","2699",3,NA,NA,"0","0054000000","0","0054000000","0","0","0","54000000"
1240080177,"02",1,"7123","4521",3,"9",7,"0005400000","0019800000","0005400000","0019800000","0","0","5400000","19800000"
1240092104,"05",2,"9314","4521",3,NA,NA,"0","0002000000","0","0002000000","0","0","0","2000000"
1240036063,"01",1,"2320","8022",1,"5",6,"0005478000","0068916000","0004984980","0059819760","0","0003180000","4984980","62999760"
1240012007,"01",1,"2320","8021",1,"6",6,"0007672511","0095250132","0006877467","0082529604","0","0003180000","6877467","85709604"
1250025009,"01",1,"5220","5231",3,"8",6,"0004000000","0053000000","0004000000","0048000000","0","0003000000","4000000","51000000"
1250025014,"01",1,"9314","4521",3,"9",6,"0002000000","0024000000","0002000000","0024000000","0","0","2000000","24000000"
1250025010,"01",1,"3412","7530",1,"10",6,"0009500000","0114000000","0007000000","0084000000","0002200000","0005000000","9200000","89000000"
1250025006,"03",1,"3111","7421",3,"8",3,"0002500000","0030000000","0002500000","0030000000","0","0","2500000","30000000"
1250061108,"01",1,"8324","4010",1,"8",6,"0008000000","0096000000","0006500000","0078000000","0","0007000000","6500000","85000000"
1250061102,"01",1,"9314","4521",3,"9",4,"0002400000","0028800000","0002400000","0028800000","0","0","2400000","28800000"
1250061097,"02",1,"0112","7522",1,"12",7,"0000340000","0002720000","0000340000","0002720000","0","0","340000","2720000"
1250061097,"03",1,"9152","7511",3,"8",7,"0002800000","0033600000","0002800000","0033600000","0","0","2800000","33600000"
1250085158,"01",1,"2146","5141",1,"10",6,"0007000000","0090000000","0006000000","0062000000",NA,"0016000000","6000000","78000000"
1250085164,"01",1,"7442","2893",3,"8",6,"0002200000","0028000000","0002200000","0026400000",NA,"0001600000","2200000","28000000"
1250085164,"03",1,"7124","2022",3,"8",6,"0002000000","0026000000","0002000000","0026000000",NA,NA,"2000000","26000000"
1250085164,"04",1,"7241","5260",3,"8",6,"0001000000","0005000000","0001000000","0005000000",NA,NA,"1000000","5000000"
1250085166,"03",1,"7141","4540",3,"8",6,"0003000000","0014000000","0003000000","0014000000",NA,NA,"3000000","14000000"
1250085169,"03",1,"3229","8516",3,"5",6,"0000600000","0007200000","0000600000","0007200000",NA,NA,"600000","7200000"
1250085169,"04",1,"5220","5231",3,"6",6,"0000500000","0006000000","0000500000","0006000000",NA,NA,"500000","6000000"
1250013246,"01",1,"7136","4531",3,"8",3,"0003500000","0044000000","0003000000","0040000000",NA,NA,"3000000","40000000"
1250013250,"01",1,"4211","6592",3,"8",6,"0002800000","0036000000","0002600000","0031000000",NA,"0004000000","2600000","35000000"
1250013250,"03",1,"7133","4540",3,"8",4,"0003000000","0040000000","0003000000","0040000000",NA,NA,"3000000","40000000"
1250061111,"01",1,"4211","6592",3,"8",6,"0003500000","0042000000","0002800000","0033600000","0000500000","0007500000","3300000","41100000"
1250013260,"01",1,"9314","4521",3,"8",3,"0002100000","0026000000","0002100000","0026000000","0","0","2100000","26000000"
1250049007,"03",1,"7431","1711",3,"8",6,"0003200000","0025600000","0003000000","0024000000","0","0","3000000","24000000"
1250049013,"01",1,"7411","1515",3,"8",4,"0002600000","0032000000","0002600000","0032000000","0","0","2600000","32000000"
1250073008,"01",1,"9314","4521",3,"10",3,"0002000000","0025000000","0002000000","0025000000","0","0","2000000","25000000"
1250073012,"01",1,"7123","4521",3,"10",6,"0003600000","0040000000","0003600000","0040000000","0","0","3600000","40000000"
1250037172,"01",1,"9131","9197",3,"10",7,"0003000000","0036000000","0002700000","0032400000","0","0003000000","2700000","35400000"
1250037172,"03",1,"7218","5030",3,"8",6,"0003000000","0036000000","0002700000","0032400000","0","0003000000","2700000","35400000"
1250037176,"03",1,"7243","4533",3,"5",3,"0002000000","0024000000","0002000000","0024000000","0","0","2000000","24000000"
1250037167,"03",1,"0112","7522",1,"8",6,"0000400000","0002800000","0000400000","0002800000","0","0","400000","2800000"
1250037167,"04",1,"0112","7522",1,"8",6,"0000300000","0000900000","0000300000","0000900000","0","0","300000","900000"
1250073015,"01",1,"9314","4521",3,"10",6,"0003600000","0040000000","0003600000","0040000000","0","0","3600000","40000000"
1250073015,"03",1,"9314","4521",3,"10",4,"0001200000","0015000000","0001200000","0015000000","0","0","1200000","15000000"
1250073003,"01",1,"9314","4521",3,"10",5,"0003400000","0034000000","0003400000","0034000000","0","0","3400000","34000000"
1250073003,"04",1,"7218","3610",3,"9",6,"0000700000","0010000000","0000700000","0010000000","0","0","700000","10000000"
1250073003,"05",1,"5220","2213",3,"6",5,"0002000000","0024000000","0002000000","0024000000","0","0","2000000","24000000"
1250001303,"01",1,"5220","5234",3,"11",6,"0004400000","0053000000","0004200000","0050400000","0","0000800000","4200000","51200000"
1250001305,"01",1,"7126","7511",3,"9",6,"0002700000","0039700000","0002300000","0032400000","0","0003300000","2300000","35700000"
1250001315,"01",1,"3416","7511",1,"9",6,"0004600000","0054600000","0004000000","0048000000","0000100000","0003000000","4100000","51000000"
1250089067,"01",1,"9132","5232",3,"10",6,"0002000000","0024000000","0002000000","0024000000",NA,NA,"2000000","24000000"
1250089058,"01",1,"8274","1548",3,"12",6,"0003700000","0044400000","0002700000","0032400000","0001000000","0012000000","3700000","44400000"
1250041106,"03",1,"9314","4521",3,"10",4,"0002250000","0022500000","0002250000","0022500000","0","0","2250000","22500000"
1250041108,"01",1,"9314","4521",3,"12",5,"0003000000","0036000000","0003000000","0036000000","0","0","3000000","36000000"
1250097103,"01",1,"7218","5020",3,"10",6,"0003000000","0040000000","0003000000","0037000000","0","0003000000","3000000","40000000"
1250097105,"01",1,"4113","7511",1,"8",6,"0004700000","0056400000","0004200000","0050400000","0","0003000000","4200000","53400000"
1250089053,"01",1,"8332","4510",3,"8",6,"0005000000","0060000000","0004500000","0054000000","0","0","4500000","54000000"
1250089059,"01",1,"9131","9500",3,"5",3,"0001400000","0016800000","0001400000","0016800000",NA,NA,"1400000","16800000"
1250089059,"02",1,"8141","2022",3,"12",7,"0003000000","0036000000","0003000000","0036000000",NA,NA,"3000000","36000000"
1250097109,"02",1,"3152","8021",1,"7",6,"0004800000","0057600000","0004400000","0052800000","0","0003000000","4400000","55800000"
1250005005,"01",1,"7418","1546",3,"8",6,"0004000000","0048000000","0003500000","0042000000","0","0003000000","3500000","45000000"
1250005012,"03",1,"2331","8012",1,"5",6,"0006500000","0080000000","0005000000","0060000000","0001000000","0015000000","6000000","75000000"
1250005008,"01",1,"7221","2811",3,"10",6,"0004200000","0050400000","0004200000","0050400000","0","0","4200000","50400000"
1250053137,"01",1,"9160","7511",3,"9",7,"0006000000","0072000000","0005200000","0062400000","0","0","5200000","62400000"
1250053142,"01",1,"9314","4521",3,"8",5,"0003600000","0043200000","0003600000","0043200000","0","0","3600000","43200000"
1250053142,"04",1,"8281","5030",3,"10",6,"0003200000","0038400000","0002800000","0034900000","0","0","2800000","34900000"
1250053149,"01",1,"7233","1711",3,"12",6,"0005000000","0066000000","0004500000","0054000000","0","0","4500000","54000000"
1250053145,"02",1,"0112","7522",1,"8",7,"0000300000","0003600000","0000300000","0003600000","0","0","300000","3600000"
1250017215,"01",1,"3212","7513",1,"8",6,"0006000000","0072000000","0005500000","0066000000","0","0003000000","5500000","69000000"
1250017215,"02",1,"2331","8012",1,"8",4,"0004000000","0048000000","0003700000","0044000000","0","0003000000","3700000","47000000"
1250017211,"01",1,"2452","7498",3,"8",3,"0002500000","0030000000","0002500000","0030000000","0","0","2500000","30000000"
1250005001,"01",1,"2432","7511",1,"9",6,"0009500000","0114000000","0007500000","0090000000","0001200000","0015000000","8700000","105000000"
1250017208,"01",1,"8141","2010",3,"10",6,"0004000000","0048000000","0004000000","0048000000","0","0","4000000","48000000"
1250053140,"01",1,"2331","8012",1,"5",6,"0005600000","0067200000","0005200000","0062400000","0","0","5200000","62400000"
1250017211,"02",1,"2331","8012",1,"8",7,"0004000000","0048000000","0003600000","0043200000","0","0003000000","3600000","46200000"
1250065226,"01",1,"5220","5222",3,"8",7,"0002500000","0030000000","0002500000","0030000000",NA,NA,"2500000","30000000"
1250077048,"02",1,"8322","4100",3,"8",3,"0001500000","0009000000","0001500000","0009000000","0","0","1500000","9000000"
1250077054,"01",1,"9314","4521",3,"8",6,"0002500000","0030000000","0002500000","0030000000","0","0","2500000","30000000"
1250029051,"03",1,"0112","7522",1,"8",7,"0000380000","0004560000","0000300000","0003600000","0","0","300000","3600000"
1250029057,"01",1,"6155","0501",3,"10",5,"0006000000","0045000000","0005400000","0040500000","0","0","5400000","40500000"
1250029062,"01",1,"9314","4521",3,"9",5,"0003000000","0036000000","0003000000","0036000000","0","0","3000000","36000000"
1250029062,"03",1,"9314","4521",3,"9",5,"0003000000","0036000000","0003000000","0036000000","0","0","3000000","36000000"
1250029062,"04",1,"9314","4521",3,"8",4,"0002800000","0033600000","0002800000","0033600000","0","0","2800000","33600000"
1250065214,"01",1,"0112","7522",1,"8",6,"0005000000","0060000000","0004500000","0054000000","0","0003000000","4500000","57000000"
1250065218,"01",1,"6113","1515",3,"9",7,"0004500000","0054000000","0004000000","0048000000",NA,NA,"4000000","48000000"
1250065218,"06",1,"9314","4521",3,"8",5,"0003300000","0039600000","0003300000","0039600000",NA,NA,"3300000","39600000"
1250065220,"01",1,"9314","4521",3,"12",4,"0002700000","0032400000","0002700000","0032400000",NA,NA,"2700000","32400000"
1250017204,"03",1,"4211","6512",1,"10",6,"0003000000","0006000000","0002700000","0005400000","0","0","2700000","5400000"
1250009014,"02",1,"5220","5222",3,"8",6,"0004000000","0048000000","0004000000","0048000000","0","0","4000000","48000000"
1250009011,"01",1,"4121","7411",3,"10",6,"0001500000","0018000000","0001500000","0018000000","0","0","1500000","18000000"
1250101159,"01",1,"2461","8090",1,"8",6,"0002800000","0038800000","0002200000","0026400000","0000500000","0006000000","2700000","32400000"
1250101153,"03",1,"3225","8514",3,"8",7,"0002000000","0024000000","0002000000","0024000000","0","0","2000000","24000000"
1250101153,"05",1,"5122","5521",3,"8",7,"0001500000","0015000000","0001500000","0015000000","0","0","1500000","15000000"
1250069123,"01",1,"9314","4521",3,"12",5,"0003000000","0036000000","0003000000","0036000000","0","0","3000000","36000000"
1250069116,"01",1,"9211","0111",3,"12",7,"0001700000","0026800000","0001700000","0026800000","0","0","1700000","26800000"
1250069109,"03",1,"7413","1520",3,"8",6,"0003500000","0041600000","0003300000","0039600000","0","0002000000","3300000","41600000"
1250069109,"04",1,"8274","1548",3,"8",6,"0003000000","0038000000","0002600000","0031200000","0","0002000000","2600000","33200000"
1250069109,"05",1,"9314","4521",3,"10",4,"0002700000","0032400000","0002700000","0032400000","0","0","2700000","32400000"
1250069113,"01",1,"9141","8012",1,"6",6,"0005000000","0062000000","0004600000","0055200000","0","0002000000","4600000","57200000"
1250101156,"01",1,"2142","4522",3,"5",6,"0012000000","0140000000","0011000000","0132000000","0","0","11000000","132000000"
1250101156,"02",1,"2320","8021",1,"5",6,"0004700000","0059800000","0004600000","0055200000","0","0004000000","4600000","59200000"
1250101161,"02",1,"2230","8511",1,"7",6,"0007500000","0092000000","0005500000","0066000000","0001000000","0015000000","6500000","81000000"
1250057011,"01",1,"7141","4540",3,"8",5,"0005000000","0060000000","0005000000","0060000000","0","0","5000000","60000000"
1250109247,"01",1,"9211","0111",3,"16",7,"0003500000","0042000000","0003500000","0042000000",NA,NA,"3500000","42000000"
1250109254,"01",1,"7126","4523",3,"8",4,"0002400000","0028800000","0002400000","0028800000",NA,NA,"2400000","28800000"
1250109254,"03",1,"7126","4523",3,"8",4,"0002000000","0024000000","0002000000","0024000000",NA,NA,"2000000","24000000"
1250109250,"01",1,"4134","9213",1,"8",6,"0004800000","0057600000","0004000000","0051600000","0000300000","0004800000","4300000","56400000"
1250109250,"03",1,"7133","4540",3,"8",4,"0002400000","0028800000","0002400000","0028800000",NA,NA,"2400000","28800000"
1250109250,"04",1,"7133","4540",3,"8",4,"0002400000","0028800000","0002400000","0028800000",NA,NA,"2400000","28800000"
1250109250,"05",1,"7133","4540",3,"8",4,"0002400000","0028800000","0002400000","0028800000",NA,NA,"2400000","28800000"
1250021214,"01",1,"7124","3610",3,"8",6,"0003000000","0036000000","0003000000","0036000000","0","0","3000000","36000000"
1250021217,"02",1,"7414","1519",3,"7",4,"0000750000","0012000000","0000750000","0012000000","0","0","750000","12000000"
1250021217,"04",1,"7414","1519",3,"7",4,"0000750000","0012000000","0000750000","0012000000","0","0","750000","12000000"
1250057004,"01",1,"8281","3591",3,"8",6,"0003100000","0039200000","0003000000","0036000000","0","0002500000","3000000","38500000"
1250033258,"01",1,"7437","1721",3,"9",7,"0004000000","0048000000","0004000000","0048000000","0","0","4000000","48000000"
1250033260,"01",1,"8322","7320",1,"12",6,"0007000000","0087000000","0006500000","0078000000","0","0003000000","6500000","81000000"
1250033265,"03",1,"9314","4521",3,"8",6,"0002000000","0024000000","0002000000","0024000000","0","0","2000000","24000000"
1250105002,"01",1,"5162","7511",1,"8",6,"0005820000","0069840000","0005000000","0060000000","0","0003000000","5000000","63000000"
1250105015,"01",1,"0112","7522",1,"8",6,"0009500000","0124000000","0008500000","0102000000",NA,"0003500000","8500000","105500000"
1250105004,"01",1,"3429","5153",3,"7",5,"0002500000","0030000000","0002500000","0030000000",NA,NA,"2500000","30000000"
1250081146,"01",1,"9152","1310",3,"8",7,"0003000000","0036000000","0003000000","0036000000",NA,NA,"3000000","36000000"
1250081151,"01",1,"8324","6023",3,"4",5,"0002000000","0024000000","0002000000","0024000000",NA,NA,"2000000","24000000"
1250045110,"04",1,"7241","3110",3,"4",4,"0000450000","0008100000","0000450000","0008100000",NA,NA,"450000","8100000"
1250093012,"01",1,"9314","4521",3,"10",3,"0001200000","0015600000","0001200000","0015600000",NA,NA,"1200000","15600000"
1250093006,"01",1,"7241","3120",3,"9",6,"0004000000","0048000000","0004000000","0048000000",NA,NA,"4000000","48000000"
1250021206,"01",1,"5130","8511",1,"7",7,"0003300000","0045200000","0003000000","0036000000","0","0005600000","3000000","41600000"
1250021206,"03",1,"7433","1810",3,"9",6,"0","0","0","0","0","0","0","0"
1250105012,"01",1,"4115","7511",1,"4",6,"0003500000","0042000000","0003000000","0036000000","0","0","3000000","36000000"
1250082330,"03",1,"2331","8012",1,"7",6,"0006000000","0075000000","0005000000","0060000000","0000500000","0009000000","5500000","69000000"
1250082324,"03",1,"7331","2029",3,"8",7,"0002500000","0030000000","0002500000","0030000000","0","0","2500000","30000000"
1250082324,"04",1,"7331","2029",3,"8",7,"0002500000","0030000000","0002500000","0030000000","0","0","2500000","30000000"
1250046153,"01",1,"8311","6010",1,"10",6,"0007000000","0087000000","0006500000","0082000000","0","0001500000","6500000","83500000"
1250038007,"01",1,"7211","2731",3,"11",6,"0003600000","0043200000","0003200000","0038400000","0","0002000000","3200000","40400000"
1250046148,"01",1,"7241","3110",3,"12",3,"0004500000","0054000000","0004500000","0054000000","0","0","4500000","54000000"
1250046155,"01",1,"2411","7511",1,"7",7,"0007000000","0086500000","0006500000","0082000000","0","0001500000","6500000","83500000"
1250046158,"04",1,"7433","1810",3,"6",6,"0001000000","0010000000","0001000000","0010000000","0","0","1000000","10000000"
1250046162,"01",1,"9314","4521",3,"10",4,"0002880000","0034560000","0002880000","0034560000","0","0","2880000","34560000"
1250082320,"01",1,"4141","7523",1,"8",6,"0005500000","0069000000","0005000000","0060000000","0","0003000000","5000000","63000000"
1250082320,"06",1,"5162","7523",1,"8",6,"0004000000","0051000000","0003500000","0042000000","0","0003000000","3500000","45000000"
1250082326,"01",1,"2412","7522",1,"8",6,"0011000000","0135000000","0010000000","0120000000","0","0003000000","10000000","123000000"
1250082332,"01",1,"5220","5234",3,"8",7,"0003000000","0036000000","0002700000","0033000000","0","0","2700000","33000000"
1250038002,"01",1,"0111","7522",1,"10",6,"0002300000","0037200000","0002100000","0034500000","0","0002000000","2100000","36500000"
1250038011,"01",1,"2351","7512",1,"10",6,"0005400000","0067800000","0005000000","0060000000","0","0003000000","5000000","63000000"
1250038011,"02",1,"5162","7523",1,"8",6,"0003800000","0045600000","0003300000","0039600000","0","0003000000","3300000","42600000"
1250062047,"01",1,"8322","6022",3,"10",7,"0002500000","0030000000","0002500000","0030000000","0","0","2500000","30000000"
1250062058,"01",1,"9314","4521",3,"8",6,"0004500000","0054000000","0004500000","0054000000","0","0","4500000","54000000"
1250062054,"03",1,"7136","4531",3,"10",5,"0003300000","0040000000","0003300000","0040000000","0","0","3300000","40000000"
1250086014,"01",1,"9314","4521",3,"8",6,"0004000000","0048000000","0004000000","0048000000","0","0","4000000","48000000"
1250014197,"01",1,"2143","4010",1,"10",6,"0010000000","0130000000","0009500000","0114000000","0","0004000000","9500000","118000000"
1250014192,"01",1,"2310","8032",1,"3",5,"0003500000","0042000000","0003000000","0036000000","0","0","3000000","36000000"
1250014200,"01",1,"5220","5234",3,"16",7,"0004000000","0050000000","0003500000","0042000000","0","0","3500000","42000000"
1250086002,"01",1,"7417","1545",3,"12",7,"0003900000","0046800000","0003600000","0043200000","0","0","3600000","43200000"
1250086008,"01",1,"2143","4010",1,"8",6,"0008000000","0096000000","0007500000","0090000000","0","0","7500000","90000000"
1250110001,"01",1,"9211","0111",3,"12",7,"0003000000","0036000000","0003000000","0036000000","0","0","3000000","36000000"
1250110008,"02",1,"1100","7511",1,"10",6,"0002000000","0035000000","0002000000","0035000000","0","0","2000000","35000000"
1250110011,"01",1,"9314","4521",3,"8",4,"0003600000","0043200000","0003600000","0043200000","0","0","3600000","43200000"
1250110011,"03",1,"9314","4540",3,"8",2,"0001600000","0014400000","0001600000","0014400000","0","0","1600000","14400000"
1250110011,"04",1,"9314","4540",3,"8",4,"0003600000","0043200000","0003600000","0043200000","0","0","3600000","43200000"
1250110011,"05",1,"9314","4540",3,"8",4,"0003600000","0043200000","0003600000","0043200000","0","0","3600000","43200000"
1250050052,"01",1,"5162","7523",1,"7",6,"0008700000","0104400000","0007000000","0084000000","0000800000","0012600000","7800000","96600000"
1250026105,"01",1,"5123","5123",3,"12",7,"0001000000","0012000000","0001000000","0012000000","0","0","1000000","12000000"
1250026102,"01",1,"7212","4521",3,"10",7,"0003000000","0024000000","0003000000","0024000000",NA,"0","3000000","24000000"
1250074159,"01",1,"9314","4521",3,"10",7,"0004000000","0040000000","0004000000","0040000000","0","0","4000000","40000000"
1250026095,"01",1,"7113","2696",3,"9",7,"0002900000","0034800000","0002500000","0030000000","0","0003000000","2500000","33000000"
1250050055,"01",1,"5169","9213",1,"8",6,"0003500000","0042000000","0003000000","0036000000","0","0003000000","3000000","39000000"
1250002147,"04",1,"7137","4532",3,"10",7,"0002500000","0030000000","0002500000","0030000000","0","0","2500000","30000000"
1250074147,"01",1,"7141","4540",3,"10",7,"0003500000","0031500000","0003500000","0031500000","0","0","3500000","31500000"
1250074150,"01",1,"9314","4540",3,"9",7,"0003200000","0034600000","0003000000","0033000000","0","0","3000000","33000000"
1250074153,"01",1,"8171","3699",3,"10",7,"0003700000","0045000000","0003200000","0038400000","0","0003000000","3200000","41400000"
1250002149,"01",1,"5220","5129",3,"10",6,"0003500000","0047000000","0003000000","0036000000","0000300000","0006600000","3300000","42600000"
1250002151,"01",1,"8322","6022",3,"10",7,"0003000000","0036000000","0003000000","0036000000","0","0","3000000","36000000"
1250066001,"01",1,"9314","4521",3,"9",7,"0003000000","0015000000","0003000000","0015000000","0","0","3000000","15000000"
1250030099,"01",1,"8324","6023",3,"8",7,"0005500000","0066000000","0005000000","0060000000","0","0","5000000","60000000"
1250030099,"03",1,"7224","2892",3,"10",6,"0000800000","0009600000","0000800000","0009600000","0","0","800000","9600000"
1250030105,"01",1,"7341","2211",3,"10",7,"0003000000","0036000000","0002700000","0033000000","0","0","2700000","33000000"
1250030109,"01",2,"7142","4540",3,NA,NA,"0","0036000000","0","0036000000","0","0","0","36000000"
1250054007,"01",1,"5220","5223",3,"10",7,"0003500000","0042000000","0003500000","0042000000","0","0","3500000","42000000"
1250066005,"06",1,"8143","2101",3,"8",6,"0003800000","0048600000","0003000000","0036000000","0000500000","0009000000","3500000","45000000"
1250066005,"07",1,"2411","7412",3,"8",5,"0006200000","0075000000","0006000000","0071000000","0","0002000000","6000000","73000000"
1250066005,"08",1,"5162","7523",1,"8",6,"0","0","0","0","0","0","0","0"
1250066009,"01",1,"5123","5521",3,"8",7,"0003500000","0042000000","0003250000","0036000000","0","0003000000","3250000","39000000"
1250102165,"01",1,"2310","8032",1,"4",3,"0005000000","0060000000","0004500000","0054000000","0","0","4500000","54000000"
1250102165,"01",1,"2461","8090",1,"2",4,"0004000000","0048000000","0004000000","0048000000","0","0","4000000","48000000"
1250102166,"01",1,"2310","8032",1,"4",6,"0003500000","0042000000","0003000000","0036000000","0","0","3000000","36000000"
1250054002,"01",1,"9314","4521",3,"10",5,"0003520000","0042240000","0003520000","0042240000","0","0","3520000","42240000"
1250006116,"03",1,"8232","2520",3,"8",6,"0003000000","0036000000","0003000000","0036000000","0","0","3000000","36000000"
1250006119,"01",1,"9314","4521",3,"9",5,"0003740000","0044880000","0003740000","0044880000","0","0","3740000","44880000"
1250090157,"01",1,"8322","6022",3,"10",7,"0005000000","0010000000","0005000000","0010000000","0","0","5000000","10000000"
1250090154,"01",1,"2412","7513",1,"8",6,"0005500000","0066000000","0005000000","0060000000","0","0003000000","5000000","63000000"
1250018013,"01",1,"1429","8021",1,"6",6,"0009500000","0117000000","0008000000","0096000000","0001000000","0015000000","9000000","111000000"
1250018001,"01",1,"8322","6022",3,"10",6,"0003500000","0021000000","0003500000","0021000000","0","0","3500000","21000000"
1250018001,"02",1,"2331","8012",1,"6",6,"0006500000","0081000000","0006000000","0072000000","0","0003000000","6000000","75000000"
1250018006,"01",1,"4222","5511",3,"11",7,"0005000000","0063000000","0004000000","0048000000","0000500000","0009000000","4500000","57000000"
1250018007,"02",1,"2331","8012",1,"6",6,"0006000000","0075000000","0005000000","0060000000","0000500000","0009000000","5500000","69000000"
1250018010,"01",1,"2331","8012",1,"6",6,"0006500000","0081000000","0006000000","0072000000","0","0003000000","6000000","75000000"
1250042009,"01",1,"7126","4521",3,"10",7,"0008000000","0040000000","0008000000","0040000000","0","0","8000000","40000000"
1250042009,"03",1,"5220","5232",3,"10",7,"0002500000","0030000000","0002500000","0030000000","0","0","2500000","30000000"
1250090163,"03",1,"2411","7412",3,"10",6,"0003000000","0010000000","0003000000","0010000000","0","0","3000000","10000000"
1250042006,"01",1,"9314","4521",3,"9",7,"0004500000","0027000000","0004500000","0027000000","0","0","4500000","27000000"
1250042013,"01",1,"9152","6021",3,"8",7,"0003500000","0045000000","0003000000","0036000000","0000300000","0006600000","3300000","42600000"
1250006107,"01",1,"7418","1543",3,"13",7,"0007050000","0066400000","0007050000","0063900000","0","0002500000","7050000","66400000"
1250106260,"01",1,"3435","6512",1,"8",6,"0007500000","0093000000","0006500000","0078000000","0000500000","0009000000","7000000","87000000"
1250070055,"01",1,"9314","4521",3,"8",4,"0003900000","0046800000","0003900000","0046800000","00","0","3900000","46800000"
1250042002,"01",1,"2412","8531",2,"8",6,"0004500000","0054000000","0004000000","0048000000","0","0003000000","4000000","51000000"
1250070050,"01",1,"4141","3430",3,"8",6,"0003500000","0046500000","0003200000","0041000000","0","0001500000","3200000","42500000"
1250070061,"01",1,"2412","8032",3,"8",6,"0006500000","0081500000","0006000000","0075000000","0","0002500000","6000000","77500000"
1250078059,"01",1,"1427","7511",1,"8",6,"0006000000","0072000000","0005500000","0066000000","0","0002500000","5500000","68500000"
1250106247,"01",1,"4115","4100",1,"8",6,"0004000000","0051000000","0003500000","0042000000","0","0003000000","3500000","45000000"
1250106250,"01",1,"2412","8032",1,"8",6,"0006000000","0075000000","0005500000","0066000000","0","0003000000","5500000","69000000"
1250106254,"03",1,"7218","3610",3,"8",7,"0001500000","0018000000","0001500000","0018000000","0","0","1500000","18000000"
1250058056,"01",1,"2331","8012",1,"8",6,"0006000000","0075000000","0005500000","0066000000","0","0003000000","5500000","69000000"
1250058063,"01",1,"7122","4540",3,"10",7,"0006600000","0066000000","0006600000","0066000000","0","0","6600000","66000000"
1250058053,"05",1,"9314","4521",1,"8",7,"0003000000","0036000000","0003000000","0036000000","0","0","3000000","36000000"
1250094112,"04",1,"2230","8517",3,"6",4,"0002800000","0033600000","0002500000","0031600000","0","0","2500000","31600000"
1250034305,"05",1,"7422","2022",3,"8",7,"0003500000","0036000000","0003000000","0030000000","0","0002000000","3000000","32000000"
1250034295,"01",1,"0111","7522",1,"9",6,"0004000000","0051000000","0003500000","0042000000","0","0003000000","3500000","45000000"
1250034308,"02",1,"2331","8012",1,"7",6,"0006000000","0075000000","0005500000","0066000000","0","0003000000","5500000","69000000"
1250034298,"01",1,"3435","6512",1,"8",6,"0005000000","0063000000","0004000000","0048000000","0000500000","0009000000","4500000","57000000"
1250022015,"01",1,"9314","4521",3,"8",4,"0002000000","0042000000","0002000000","0042000000","0","0","2000000","42000000"
1250058066,"01",1,"8232","2520",3,"10",7,"0004000000","0048000000","0003500000","0042000000","0","0003000000","3500000","45000000"
1250070048,"01",1,"9314","4521",3,"8",4,"0003050000","0036600000","0003050000","0036600000","0","0","3050000","36600000"
1250094117,"01",1,"2461","8032",1,"3",5,"0005000000","0060000000","0005000000","0060000000","0","0","5000000","60000000"
1250094119,"01",1,"2412","7512",1,"4",6,"0003500000","0042000000","0003000000","0036000000","0","0","3000000","36000000"
1250022005,"01",1,"7141","4540",3,"8",6,"0003750000","0045000000","0003750000","0045000000","0","0","3750000","45000000"
1250063098,"01",1,"4211","6512",1,"7",6,"0003800000","0049600000","0003500000","0043600000","0","0002000000","3500000","45600000"
1250063105,"01",2,"9314","4521",3,NA,NA,"0","0013200000","0","0013200000","0","0","0","13200000"
1250063109,"01",1,"9333","5144",3,"10",6,"0003500000","0042000000","0003500000","0042000000","0","0","3500000","42000000"
1250063106,"01",1,"0111","7522",1,"8",6,"0007000000","0087000000","0006500000","0081000000","0","0002000000","6500000","83000000"
1250087203,"01",1,"4212","6512",1,"7",6,"0005500000","0068000000","0005000000","0060000000","0","0002000000","5000000","62000000"
1250087202,"02",1,"2331","8012",1,"4",6,"0005000000","0060000000","0004500000","0054000000","0","0002500000","4500000","56500000"
1250087210,"01",1,"3113","4010",1,"8",4,"0007000000","0084000000","0006500000","0078000000","0","0002500000","6500000","80500000"
1250087210,"02",1,"2320","8021",1,"4",5,"0004500000","0054000000","0004000000","0048000000","0","0002500000","4000000","50500000"
1250015149,"01",1,"2131","7513",1,"7",6,"0005200000","0073000000","0005000000","0063000000","0","0003000000","5000000","66000000"
1250015144,"01",1,"2351","9199",1,"7",6,"0007000000","0087000000","0006500000","0078000000","0","0003000000","6500000","81000000"
1250015144,"02",1,"2320","8021",1,"7",6,"0007000000","0087000000","0006500000","0078000000","0","0003000000","6500000","81000000"
1250003161,"01",1,"1100","7511",1,"8",6,"0012000000","0147000000","0011000000","0132000000","0","0003000000","11000000","135000000"
1250003161,"01",1,"3480","9194",3,"2",2,"0002000000","0020000000","0002000000","0020000000","0","0","2000000","20000000"
1250003166,"01",1,"9152","9305",3,"10",6,"0003500000","0045000000","0003000000","0036000000","0","0003000000","3000000","39000000"
1250051009,"01",1,"9314","4521",3,"10",7,"0003000000","0030000000","0003000000","0030000000","0","0","3000000","30000000"
1250051009,"03",1,"7418","1546",3,"10",7,"0002000000","0020000000","0002000000","0020000000","0","0","2000000","20000000"
1250051015,"01",1,"9152","1110",1,"10",7,"0008500000","0105000000","0008000000","0096000000","0","0003000000","8000000","99000000"
1250051004,"01",1,"7231","5020",3,"10",7,"0002500000","0030000000","0002500000","0030000000","0","0","2500000","30000000"
1250051001,"01",1,"7126","4523",3,"10",7,"0002000000","0012000000","0002000000","0012000000","0","0","2000000","12000000"
1250027061,"01",1,"9333","6303",3,"10",7,"0003000000","0033000000","0003000000","0033000000","0","0","3000000","33000000"
1250027060,"01",1,"9314","4521",3,"9",7,"0003000000","0027000000","0003000000","0027000000","0","0","3000000","27000000"
1250027056,"03",1,"9314","4521",3,"10",7,"0003500000","0035000000","0003500000","0035000000","0","0","3500000","35000000"
1250027056,"04",1,"9314","4521",3,"10",7,"0003500000","0031500000","0003500000","0031500000","0","0","3500000","31500000"
1250027056,"05",1,"9314","4521",3,"10",7,"0003500000","0028000000","0003500000","0028000000","0","0","3500000","28000000"
1250075236,"01",1,"9314","4521",3,"8",4,"0003200000","0038400000","0003200000","0038400000","0","0","3200000","38400000"
1250075239,"01",1,"8322","6022",3,"8",7,"0003000000","0036000000","0003000000","0036000000","0","0","3000000","36000000"
1250075239,"03",1,"9314","4521",3,"8",5,"0003600000","0043200000","0003600000","0043200000","0","0","3600000","43200000"
1250099060,"01",1,"8324","1410",3,"10",6,"0003800000","0047000000","0003500000","0042000000","0","0","3500000","42000000"
1250099057,"03",1,"5220","1546",3,"10",7,"0003500000","0044500000","0003500000","0042000000","0","0002500000","3500000","44500000"
1250039003,"01",1,"9152","2211",3,"10",6,"0004000000","0051000000","0003500000","0042000000","0","0003000000","3500000","45000000"
1250039007,"01",1,"7417","1545",3,"10",7,"0004000000","0051000000","0003500000","0042000000","0","0003000000","3500000","45000000"
1250039015,"01",1,"2310","8032",1,"10",6,"0005000000","0063000000","0004500000","0054000000","0","0003000000","4500000","57000000"
1250039011,"01",1,"7417","1545",3,"10",7,"0004500000","0057000000","0004500000","0054000000","0","0003000000","4500000","57000000"
1250039011,"03",1,"7417","1545",3,"10",7,"0003500000","0045000000","0003500000","0042000000","0","0003000000","3500000","45000000"
1250079163,"01",1,"2310","8031",1,"5",6,"0003300000","0036000000","0003300000","0033000000","0","0003000000","3300000","36000000"
1250079160,"01",1,"5169","9213",1,"7",6,"0006000000","0078000000","0005500000","0072000000","0","0002000000","5500000","74000000"
1250019166,"01",1,"7418","1546",3,"10",7,"0004000000","0048000000","0004000000","0048000000","0","0","4000000","48000000"
1250019169,"01",1,"3435","6512",1,"8",6,"0005500000","0069000000","0005000000","0060000000","0","0004000000","5000000","64000000"
1250019169,"03",1,"7311","3311",3,"10",6,"0003000000","0036000000","0003000000","0036000000","0","0","3000000","36000000"
1250019176,"03",1,"3435","6512",1,"8",6,"0005000000","0063000000","0004500000","0054000000","0","0003000000","4500000","57000000"
1250019179,"01",1,"5220","6429",3,"10",7,"0003000000","0036000000","0003000000","0036000000","0","0","3000000","36000000"
1250055010,"01",1,"9314","4521",3,"8",5,"0003400000","0040800000","0003400000","0040800000","0","0","3400000","40800000"
1250055009,"03",1,"9314","4521",3,"8",4,"0002890000","0034680000","0002890000","0034680000","0","0","2890000","34680000"
1250103116,"03",1,"2412","7512",1,"8",6,"0004500000","0059000000","0004000000","0054000000","0","0002000000","4000000","56000000"
1250043099,"01",1,"5162","7523",1,"8",6,"0007000000","0087000000","0006000000","0072000000","0000500000","0009000000","6500000","81000000"
1250043096,"01",1,"8323","6021",3,"10",6,"0003000000","0036000000","0003000000","0036000000","0","0","3000000","36000000"
1250043106,"01",1,"3221","8511",1,"8",6,"0004500000","0057000000","0004000000","0048000000","0","0003000000","4000000","51000000"
1250067199,"01",1,"9314","4521",3,"8",5,"0003400000","0040800000","0003400000","0040800000","0","0","3400000","40800000"
1250067199,"04",1,"9314","4521",3,"8",4,"0002900000","0034800000","0002900000","0034800000","0","0","2900000","34800000"
1250067197,"01",1,"9314","4521",3,"8",4,"0002900000","0034800000","0002900000","0034800000","0","0","2900000","34800000"
1250007167,"02",1,"7122","4540",3,"10",7,"0006000000","0024000000","0006000000","0024000000","0","0","6000000","24000000"
1250007162,"01",1,"2490","7512",1,"8",6,"0005000000","0063000000","0004500000","0054000000","0","0003000000","4500000","57000000"
1250007164,"01",1,"0111","7522",1,"8",6,"0005500000","0069000000","0005000000","0060000000","0","0003000000","5000000","63000000"
1250091164,"01",1,"9314","4521",3,"10",7,"0005000000","0040000000","0005000000","0040000000","0","0","5000000","40000000"
1250091164,"03",1,"7142","5020",3,"10",7,"0002500000","0030000000","0002500000","0030000000","0","0","2500000","30000000"
1250091164,"05",1,"5123","7511",3,"8",6,"0003000000","0036000000","0003000000","0036000000","0","0","3000000","36000000"
1250091167,"01",1,"2320","8021",1,"8",6,"0006000000","0075000000","0005500000","0066000000","0","0003000000","5500000","69000000"
1250091155,"01",1,"8323","6021",3,"10",6,"0005500000","0069000000","0005000000","0060000000","0000300000","0006600000","5300000","66600000"
1250091155,"05",1,"8274","1548",3,"10",6,"0004000000","0051000000","0003500000","0042000000","0","0003000000","3500000","45000000"
1250091159,"01",1,"5161","5141",1,"8",6,"0005500000","0069000000","0005000000","0060000000","0","0003000000","5000000","63000000"
1250031136,"04",1,"7417","1545",3,"10",7,"0004500000","0018000000","0004500000","0018000000","0","0","4500000","18000000"
1250031140,"01",1,"2331","8012",1,"8",6,"0005500000","0069000000","0005000000","0060000000","0","0003000000","5000000","63000000"
1250031150,"01",1,"2490","6421",1,"8",6,"0005500000","0069000000","0005000000","0060000000","0","0003000000","5000000","63000000"
1250031145,"01",1,"2429","7514",3,"8",6,"0004000000","0051000000","0003500000","0042000000","0","0003000000","3500000","45000000"
1250031145,"02",1,"2320","8090",3,"8",6,"0001000000","0012000000","0001000000","0012000000","0","0","1000000","12000000"
1250023161,"01",1,"5220","1520",3,"12",7,"0002000000","0024000000","0002000000","0024000000","0","0","2000000","24000000"
1250023158,"01",1,"3114","6421",3,"7",6,"0003500000","0048000000","0003300000","0042000000","0","0002000000","3300000","44000000"
1250023165,"05",1,"7422","3610",3,"9",6,"0003600000","0043200000","0003600000","0043200000","0","0","3600000","43200000"
1250047060,"01",1,"9333","5129",3,"12",6,"0003000000","0036000000","0003000000","0036000000","0","0","3000000","36000000"
1250047054,"01",1,"9152","8513",3,"10",6,"0002500000","0032500000","0002500000","0030000000","0","0002500000","2500000","32500000"
1250047056,"01",1,"9160","7511",1,"11",7,"0006500000","0078000000","0006000000","0069500000","0","0002500000","6000000","72000000"
1250047056,"02",1,"3231","8511",3,"8",6,"0002500000","0030000000","0002500000","0030000000","0","0","2500000","30000000"
1250035151,"04",1,"9314","4521",3,"8",3,"0002210000","0026520000","0002210000","0026520000","0","0","2210000","26520000"
1250083115,"02",1,"9314","4521",3,"10",7,"0007500000","0075000000","0007500000","0075000000","0","0","7500000","75000000"
1250083114,"01",1,"3480","9193",1,"10",6,"0004500000","0057000000","0004000000","0048000000","0","0003000000","4000000","51000000"
1250083119,"01",1,"9314","4521",3,"10",7,"0004000000","0036000000","0004000000","0036000000","0","0","4000000","36000000"
1250083123,"01",1,"9314","4521",3,"10",7,"0004000000","0036000000","0004000000","0036000000","0","0","4000000","36000000"
1250059066,"04",1,"5220","5236",3,"9",6,"0003030000","0038360000","0003030000","0036360000","0","0002000000","3030000","38360000"
1250059066,"06",1,"7221","2811",3,"11",6,"0001000000","0012000000","0001000000","0012000000","0","0","1000000","12000000"
1250071119,"01",1,"8332","4510",3,"10",6,"0006000000","0075000000","0005500000","0066000000","0","0003000000","5500000","69000000"
1250071119,"03",1,"2213","7513",1,"10",6,"0005500000","0069000000","0005000000","0060000000","0","0003000000","5000000","63000000"
1250071110,"01",1,"8331","0111",3,"10",7,"0005000000","0040000000","0005000000","0040000000","0","0","5000000","40000000"
1250071106,"03",1,"5122","5521",3,"10",7,"0004000000","0048000000","0004000000","0048000000","0","0","4000000","48000000"
1250071113,"01",1,"9314","4521",3,"10",7,"0003000000","0024000000","0003000000","0024000000","0","0","3000000","24000000"
1250071113,"03",1,"7231","5020",3,"10",7,"0004000000","0028000000","0004000000","0028000000","0","0","4000000","28000000"
1250071113,"04",1,"7133","4540",3,"10",7,"0004000000","0040000000","0004000000","0040000000","0","0","4000000","40000000"
1250107010,"01",1,"2422","7523",1,"10",6,"0030000000","0360000000","0025000000","0300000000","0","0010000000","25000000","310000000"
1250107003,"01",1,"0111","7522",1,"10",6,"0006500000","0081000000","0006000000","0072000000","0","0003000000","6000000","75000000"
1250107003,"02",1,"2331","8012",1,"10",6,"0006000000","0075000000","0005500000","0066000000","0","0003000000","5500000","69000000"
1250011100,"01",1,"9314","4521",3,"8",3,"0002200000","0026400000","0002200000","0026400000","0","0","2200000","26400000"
1250011096,"03",1,"7231","5020",3,"9",6,"0000800000","0009600000","0000800000","0009600000","0","0","800000","9600000"
1250095222,"01",1,"2320","8021",1,"8",6,"0006500000","0081000000","0006000000","0072000000","0","0003000000","6000000","75000000"
1250095216,"01",1,"2411","4531",3,"10",6,"0005000000","0063000000","0004500000","0054000000","0","0003000000","4500000","57000000"
1250052108,"01",1,"9314","4521",3,"8",3,"0002380000","0028560000","0002380000","0028560000","0","0","2380000","28560000"
1250052111,"01",1,"9314","4521",3,"8",4,"0003000000","0036000000","0003000000","0036000000","0","0","3000000","36000000"
1250052114,"01",1,"9314","4521",3,"8",5,"0003750000","0045000000","0003750000","0045000000","0","0","3750000","45000000"
1250092103,"01",1,"9152","9249",3,"12",4,"0003000000","0034000000","0002600000","0024000000","0","0006000000","2600000","30000000"
1250092103,"04",1,"7231","5020",3,"10",6,"0003200000","0038400000","0003200000","0038400000","0","0","3200000","38400000"
1250092111,"01",1,"8323","6021",3,"10",7,"0004500000","0054000000","0004500000","0054000000","0","0","4500000","54000000"
1250092112,"01",1,"9314","4521",3,"8",4,"0002720000","0032640000","0002720000","0032640000","0","0","2720000","32640000"
1250052102,"01",1,"9314","4522",3,"9",6,"0004500000","0056000000","0004000000","0048000000","0","0002000000","4000000","50000000"
1250052105,"01",1,"7341","2221",3,"9",6,"0004000000","0048000000","0003500000","0042000000","0","0","3500000","42000000"
1250092116,"01",1,"7221","2811",3,"10",6,"0003500000","0046000000","0003000000","0042000000","0","0001000000","3000000","43000000"
1250068150,"06",1,"8232","1920",3,"8",6,"0002000000","0024000000","0002000000","0024000000","0","0","2000000","24000000"
1250068153,"01",1,"9314","4521",3,"8",3,"0002100000","0025200000","0002100000","0025200000","0","0","2100000","25200000"
1250068153,"02",1,"7501","1724",3,"5",6,"0001000000","0012000000","0001000000","0012000000","0","0","1000000","12000000"
1250068154,"03",1,"7437","1721",3,"8",6,"0002500000","0030000000","0002500000","0030000000","0","0","2500000","30000000"
1250044067,"03",1,"9314","4521",3,"10",7,"0004500000","0013500000","0004500000","0013500000","0","0","4500000","13500000"
1250044067,"04",1,"9314","4521",3,"10",6,"0004500000","0027000000","0004500000","0027000000","0","0","4500000","27000000"
1250044067,"05",1,"9314","4521",3,"10",7,"0004000000","0028000000","0004000000","0028000000","0","0","4000000","28000000"
1250044062,"01",1,"2331","8012",1,"10",6,"0005500000","0069000000","0005000000","0060000000","0","0003000000","5000000","63000000"
1250064356,"01",1,"7132","4540",3,"10",7,"0009000000","0045000000","0009000000","0045000000","0","0","9000000","45000000"
1250016002,"01",1,"1427","2924",1,"15",7,"0014000000","0168000000","0012000000","0158000000","0","0","12000000","158000000"
1250016002,"02",1,"2320","8021",1,"6",4,"0004800000","0059600000","0004500000","0052600000","0","0002000000","4500000","54600000"
1250016014,"02",1,"2331","8012",1,"4",6,"0005300000","0066600000","0004700000","0053600000","0","0003000000","4700000","56600000"
1250068146,"01",1,"1425","5521",3,"10",7,"0003750000","0047000000","0003450000","0040000000","0","0002000000","3450000","42000000"
1250076210,"01",1,"2320","8021",1,"6",4,"0006800000","0089100000","0006100000","0081600000","0","0002500000","6100000","84100000"
1250076201,"01",1,"8112","2696",3,"8",4,"0003000000","0036000000","0003000000","0036000000","0","0","3000000","36000000"
1250016008,"01",1,"2412","1110",1,"8",4,"0007000000","0087000000","0006700000","0082000000","0","0001000000","6700000","83000000"
1250016005,"01",1,"5220","1543",3,"12",7,"0004500000","0054000000","0004500000","0054000000","0","0","4500000","54000000"
1250032302,"03",1,"2320","8021",1,"10",6,"0005500000","0069000000","0005000000","0060000000","0","0003000000","5000000","63000000"
1250028013,"03",1,"8232","1920",3,"10",7,"0003500000","0042000000","0003500000","0042000000","0","0","3500000","42000000"
1250032290,"01",1,"9314","4521",3,"10",7,"0004500000","0027000000","0004500000","0027000000","0","0","4500000","27000000"
1250032294,"01",1,"7345","2222",3,"10",7,"0005000000","0060000000","0004000000","0048000000","0000500000","0006000000","4500000","54000000"
1250032298,"01",1,"0112","7522",1,"9",7,"0000320000","0001800000","0000300000","0001520000","0","0","300000","1520000"
1250040010,"01",1,"4212","6512",1,"8",6,"0006500000","0080000000","0005500000","0068000000","0","0002000000","5500000","70000000"
1250064362,"01",1,"7411","1515",3,"10",6,"0004000000","0051000000","0003000000","0036000000","0000500000","0009000000","3500000","45000000"
1250064365,"01",1,"9314","4521",3,"10",7,"0004000000","0024000000","0004000000","0024000000","0","0","4000000","24000000"
1250076215,"01",1,"5220","1543",3,"9",7,"0004000000","0050000000","0004000000","0048000000","0","0001000000","4000000","49000000"
1250040006,"01",1,"7231","5020",3,"8",7,"0002100000","0025200000","0002100000","0025200000","0","0","2100000","25200000"
1250040008,"01",1,"5123","6512",1,"8",6,"0004000000","0452000000","0003600000","0038000000","0","0004000000","3600000","42000000"
1250088160,"02",1,"5220","5231",3,"10",6,"0001500000","0009000000","0001500000","0009000000","0","0","1500000","9000000"
1250080148,"01",1,"9314","4521",3,"10",7,"0004500000","0036000000","0004500000","0036000000","0","0","4500000","36000000"
1250080162,"01",1,"2351","8090",1,"10",6,"0006500000","0085000000","0006000000","0072000000","0","0003000000","6000000","75000000"
1250056304,"01",1,"8322","9500",1,"8",6,"0005000000","0060000000","0005000000","0060000000","0","0","5000000","60000000"
1250088166,"01",1,"2412","7511",1,"8",6,"0006000000","0075000000","0005500000","0066000000","0","0003000000","5500000","69000000"
1250040014,"05",1,"7431","1711",3,"10",7,"0003800000","0047600000","0003500000","0040600000","0","0002000000","3500000","42600000"
1250080151,"03",1,"9314","4521",3,"10",7,"0004500000","0036000000","0004500000","0036000000","0","0","4500000","36000000"
1250080156,"01",1,"7241","5020",3,"9",6,"0004500000","0054000000","0004000000","0045000000","0","0003000000","4000000","48000000"
1250080157,"05",1,"8324","6023",3,"10",7,"0006000000","0060000000","0005500000","0052000000","0","0","5500000","52000000"
1250080157,"06",1,"7345","2222",3,"10",6,"0003500000","0039000000","0003000000","0032000000","0","0003000000","3000000","35000000"
1250080157,"07",1,"5220","5030",3,"10",7,"0004500000","0048000000","0004000000","0045000000","0","0","4000000","45000000"
1250088170,"01",1,"5122","7522",1,"10",6,"0005500000","0069000000","0005000000","0060000000","0","0003000000","5000000","63000000"
1250020167,"01",1,"7133","4540",3,"8",4,"0002890000","0034680000","0002890000","0034680000","0","0","2890000","34680000"
1250020156,"04",1,"7133","4540",3,"8",5,"0003400000","0040800000","0003400000","0040800000","0","0","3400000","40800000"
1250020156,"06",1,"9314","4540",3,"8",5,"0003400000","0040800000","0003400000","0040800000","0","0","3400000","40800000"
1250004246,"01",1,"2320","8021",1,"6",3,"0003500000","0048000000","0003200000","0041000000","0","0003000000","3200000","44000000"
1250004243,"01",1,"9314","4521",3,"8",3,"0002080000","0024960000","0002080000","0024960000","0","0","2080000","24960000"
1250008114,"01",1,"2412","8032",1,"11",6,"0006000000","0079000000","0005600000","0071000000","0","0002000000","5600000","73000000"
1250048100,"01",1,"8212","5144",3,"10",7,"0003500000","0045000000","0003000000","0036000000","0","0003000000","3000000","39000000"
1250004254,"03",1,"5220","5221",3,"10",7,"0003800000","0045600000","0003800000","0045600000","0","0","3800000","45600000"
1250048103,"01",1,"8212","5144",3,"10",7,"0006000000","0072000000","0005500000","0066000000","0","0","5500000","66000000"
1250048107,"01",1,"7422","2022",1,"10",7,"0006500000","0081000000","0006000000","0072000000","0","0003000000","6000000","75000000"
1250048110,"05",1,"0112","7522",1,"10",7,"0000300000","0002700000","0000300000","0002700000","0","0","300000","2700000"
1250104093,"01",1,"2310","8032",1,"7",6,"0005000000","0063000000","0005000000","0060000000","0","0003000000","5000000","63000000"
1250104096,"03",1,"4211","5231",3,"3",6,"0001000000","0003000000","0001000000","0003000000","0","0","1000000","3000000"
1250048100,"03",1,"9142","5020",3,"10",6,"0003000000","0036000000","0003000000","0036000000","0","0","3000000","36000000"
1250048100,"04",1,"5220","1546",3,"10",6,"0005000000","0060000000","0004500000","0054000000","0","0","4500000","54000000"
1250012193,"01",1,"5220","5231",3,"10",7,"0003000000","0036000000","0003000000","0036000000","0","0","3000000","36000000"
1250108223,"01",1,"9314","4521",3,"10",6,"0004500000","0031500000","0004500000","0031500000","0","0","4500000","31500000"
1250060060,"05",1,"9314","4521",3,"10",7,"0004500000","0045000000","0004500000","0045000000","0","0","4500000","45000000"
1250036113,"01",1,"2411","0126",2,"8",6,"0004500000","0056000000","0004000000","0051000000","0","0002000000","4000000","53000000"
1250036120,"01",1,"2412","8032",1,"8",6,"0007000000","0087000000","0006000000","0081000000","0","0002000000","6000000","83000000"
1250060061,"01",1,"0111","7522",1,"10",6,"0006500000","0081000000","0006000000","0072000000","0","0003000000","6000000","75000000"
1250060064,"01",1,"9314","4521",3,"10",7,"0004500000","0045000000","0004500000","0045000000","0","0","4500000","45000000"
1250084148,"01",1,"9152","9305",3,"8",7,"0004000000","0051000000","0003500000","0042000000","0","0003000000","3500000","45000000"
1250084153,"01",1,"5122","8511",3,"10",7,"0004000000","0035000000","0003500000","0028000000","0","0003000000","3500000","31000000"
1250084158,"04",1,"5220","5222",3,"10",7,"0003000000","0036000000","0003000000","0036000000","0","0","3000000","36000000"
1250108226,"03",1,"0112","7522",1,"9",6,"0000300000","0003600000","0000300000","0003600000","0","0","300000","3600000"
1250060052,"04",1,"5123","5521",3,"10",7,"0003500000","0003500000","0003000000","0003000000","0","0","3000000","3000000"
1250024153,"01",1,"3121","7250",3,"7",6,"0008000000","0099000000","0007500000","0090000000","0","0003000000","7500000","93000000"
1250024153,"02",1,"2320","8090",1,"8",6,"0001800000","0021600000","0001300000","0015600000","0","0003000000","1300000","18600000"
1250072052,"01",1,"9314","4521",3,"10",7,"0004500000","0027000000","0004500000","0027000000","0","0","4500000","27000000"
1250072052,"03",1,"9314","4521",3,"10",7,"0004000000","0020000000","0004000000","0020000000","0","0","4000000","20000000"
1250072052,"04",1,"9314","4521",3,"10",7,"0004500000","0031500000","0004500000","0031500000","0","0","4500000","31500000"
1250072056,"01",1,"9314","4521",3,"10",7,"0004500000","0009000000","0004500000","0009000000","0","0","4500000","9000000"
1250072057,"01",1,"7123","4521",3,"10",7,"0006000000","0054000000","0006000000","0054000000","0","0","6000000","54000000"
1250072063,"01",1,"9314","4521",3,"10",7,"0004500000","0027000000","0004500000","0027000000","0","0","4500000","27000000"
1250024154,"01",1,"9333","7498",3,"10",3,"0004000000","0048000000","0003600000","0045000000","0","0","3600000","45000000"
1250024157,"01",1,"1100","7512",1,"6",7,"0006000000","0012000000","0006000000","0012000000","0","0","6000000","12000000"
1250024157,"01",1,"2432","7512",1,"5",7,"0005000000","0063000000","0004500000","0057000000","0","0003000000","4500000","60000000"
1260017009,"02",2,"9314","4521",3,NA,NA,"0","0003000000","0","0003000000","0","0","0","3000000"
1260017009,"03",1,"9211","0112",3,"8",4,"0002000000","0006000000","0002000000","0006000000","0","0","2000000","6000000"
1260017009,"04",1,"9211","0112",3,"8",4,"0002000000","0006000000","0002000000","0006000000","0","0","2000000","6000000"
1260017009,"05",1,"9211","0113",3,"8",4,"0003500000","0010500000","0003500000","0010500000","0","0","3500000","10500000"
1260017009,"05",2,"9314","4521",3,NA,NA,"0","0009000000","0","0009000000","0","0","0","9000000"
1260001164,"01",2,"9314","4521",3,NA,NA,"0","0007500000","0","0007500000","0","0","0","7500000"
1260001164,"01",2,"7442","1920",3,NA,NA,"0","0015000000","0","0015000000","0","0","0","15000000"
1260001171,"01",1,"9314","4540",3,"8",4,"0001500000","0001500000","0001500000","0001500000","0","0","1500000","1500000"
1260017004,"01",1,"5122","3430",3,"8",6,"0004200000","0051100000","0004004000","0042328000","0","0006700000","4004000","49028000"
1260013100,"01",1,"4190","6421",3,"10",6,"0006650000","0086800000","0006650000","0079800000","0","0007000000","6650000","86800000"
1260013100,"02",1,"2320","8021",3,"5",3,"0000500000","0003000000","0000500000","0003000000","0","0","500000","3000000"
1260025104,"01",1,"9320","2691",3,"8",6,"0004650000","0058050000","0004441480","0048757543",NA,"0007200000","4441480","55957543"
1260049305,"01",1,"9314","4521",3,"8",3,"0001500000","0013500000","0001500000","0013500000","0","0","1500000","13500000"
1260005101,"04",2,"8232","3430",3,NA,NA,"0","0029200000","0","0025454000","0","0002500000","0","27954000"
1260049308,"02",1,"5162","7523",1,"8",6,"0005175000","0058985000","0004611750","0049426850","0","0004200000","4611750","53626850"
1260005104,"02",1,"7418","1546",3,"9",6,"0001500000","0004500000","0001500000","0004500000","0","0","1500000","4500000"
1260013100,"02",2,"2320","8021",1,NA,NA,"0","0027500000","0","0024610000","0","0","0","24610000"
1260025112,"01",1,"9211","0112",3,"8",7,"0003000000","0012000000","0003000000","0012000000","0","0","3000000","12000000"
1260025112,"01",2,"7126","4521",3,NA,NA,"0","0012000000","0","0012000000","0","0","0","12000000"
1260025112,"01",2,"9314","4521",3,NA,NA,"0","0007000000","0","0007000000","0","0","0","7000000"
1260025112,"02",1,"9211","0112",3,"8",7,"0003000000","0012000000","0003000000","0012000000","0","0","3000000","12000000"
1260025112,"08",1,"9211","0112",3,"8",7,"0003000000","0012000000","0003000000","0012000000","0","0","3000000","12000000"
1260061056,"01",2,"3111","4522",3,NA,NA,"0","0046900000","0","0038800663","0","0006200000","0","45000663"
1260005098,"01",1,"8232","2520",3,"8",7,"0005000000","0057500000","0004700806","0052126212","0","0002500000","4700806","54626212"
1260065315,"01",1,"8331","3800",1,"10",6,"0005800000","0071500000","0005430473","0059180686","0","0008900000","5430473","68080686"
1260073062,"03",2,"3118","7421",3,NA,NA,"0","0036000000","0","0036000000","0","0","0","36000000"
1260025110,"01",1,"8267","1711",3,"8",6,"0006400000","0077200000","0005920673","0063230673","0","0009200000","5920673","72430673"
1260005107,"01",2,"2331","8012",1,NA,NA,"0","0039563556","0","0036319056","0",NA,"0","36319056"
1260017015,"01",1,"9211","0113",3,"9",5,"0004000000","0004000000","0004000000","0004000000","0","0","4000000","4000000"
1260017015,"01",2,"9314","4521",3,NA,NA,"0","0027000000","0","0027000000","0","0","0","27000000"
1260065301,"01",1,"6121","0123",1,"8",7,"0005400000","0066000000","0005103980","0053353430","0","0012000000","5103980","65353430"
1260029110,"01",1,"8323","6021",3,"8",7,"0005000000","0055000000","0005000000","0055000000","0","0","5000000","55000000"
1260009095,"01",1,"2320","8021",1,"6",6,"0007318039","0085824617","0006691983","0075063618","0","0003800000","6691983","78863618"
1260029100,"01",1,"7422","3610",3,"8",6,"0004000000","0045500000","0003858600","0041471200","0","0002500000","3858600","43971200"
1260065311,"03",1,"5220","5231",3,"8",5,"0001000000","0012000000","0001000000","0012000000","0","0","1000000","12000000"
1260065311,"04",1,"0112","7522",1,"8",6,"0004000000","0012000000","0003813333","0011439999","0","0","3813333","11439999"
1260065311,"06",1,"5130","8517",3,"6",6,"0001500000","0018000000","0001500000","0018000000","0","0","1500000","18000000"
1260061065,"01",1,"3113","3130",3,"8",6,"0006500000","0075300000","0006006006","0063328403","0","0007200000","6006006","70528403"
1260069199,"01",1,"9314","4521",3,"8",4,"0001500000","0013500000","0001500000","0013500000","0","0","1500000","13500000"
1260069202,"01",1,"9314","4521",3,"8",4,"0001800000","0016200000","0001800000","0016200000","0","0","1800000","16200000"
1260069202,"04",1,"9314","4521",3,"8",3,"0001200000","0003600000","0001200000","0003600000","0","0","1200000","3600000"
1260069202,"04",2,"9132","2811",3,NA,NA,"0","0006000000","0","0006000000","0","0","0","6000000"
1260069197,"01",1,"9314","4521",3,"8",4,"0","0015000000","0","0015000000","0","0","0","15000000"
1260069190,"01",1,"9132","2811",3,"10",6,"0006854339","0075539526","0006472397","0063804147","0","0009000000","6472397","72804147"
1260069194,"02",1,"9314","4540",3,"8",3,"0001500000","0012000000","0001500000","0012000000","0","0","1500000","12000000"
1260073056,"01",1,"7241","2423",3,"8",6,"0005500000","0073160000","0005153414","0061840968","0","0007160000","5153414","69000968"
1260029105,"02",1,"2320","8021",1,"6",6,"0004596988","0058963856","0004161204","0049934448","0","0003800000","4161204","53734448"
1260037108,"01",1,"5220","4010",1,"8",6,"0007650000","0095600000","0006720000","0080640000","0","0003800000","6720000","84440000"
1260037108,"02",1,"2320","8021",1,"6",6,"0005550000","0070400000","0004963200","0059558400","0","0003800000","4963200","63358400"
1260037105,"01",1,"9152","8090",1,"8",7,"0005200000","0068600000","0004931447","0059177364","0","0006200000","4931447","65377364"
1260037115,"01",1,"8232","2520",3,"8",6,"0005000000","0060000000","0005000000","0060000000","0","0","5000000","60000000"
1260037115,"02",1,"2320","8021",1,"6",6,"0004440000","0057080000","0004232800","0050793600","0","0003800000","4232800","54593600"
1260077197,"02",1,"2331","8012",1,"6",6,"0005084872","0065218464","0004585169","0055022028","0","0004200000","4585169","59222028"
1260077198,"01",1,"2320","8021",1,"6",6,"0006500000","0079100000","0005788500","0066955000","0","0004100000","5788500","71055000"
1260021108,"01",1,"7417","1545",3,"8",6,"0002250000","0024750000","0002250000","0024750000","0","0","2250000","24750000"
1260021111,"01",1,"8322","2811",3,"8",6,"0002712100","0032438100","0002570700","0030812697","0","0","2570700","30812697"
1260073059,"01",1,"3113","4010",1,"9",7,"0007150000","0095800000","0006576254","0078915048","0","0010000000","6576254","88915048"
1260077201,"01",1,"3113","3591",3,"8",6,"0004800000","0060800000","0004591180","0052327830","0","0006200000","4591180","58527830"
1260021107,"01",1,"9211","0140",3,"7",2,"0001200000","0013500000","0001200000","0013500000","0","0","1200000","13500000"
1260021107,"03",1,"9314","4540",3,"8",6,"0002400000","0018000000","0002400000","0018000000","0","0","2400000","18000000"
1260021101,"01",1,"7126","4521",3,"8",5,"0004000000","0036000000","0004000000","0036000000","0","0","4000000","36000000"
1260009108,"05",1,"8324","6023",3,"12",6,"0003000000","0036000000","0003000000","0036000000","0","0","3000000","36000000"
1260081173,"01",1,"8253","2102",3,"8",6,"0004900000","0059700000","0004677314","0050288865","0","0007200000","4677314","57488865"
1260081164,"04",1,"8261","1711",3,"8",6,"0005000000","0005000000","0005000000","0005000000","0","0","5000000","5000000"
1260081166,"01",1,"3471","3430",3,"12",6,"0012000000","0140000000","0010702460","0119849523","0","0005000000","10702460","124849523"
1260081175,"01",1,"3115","2698",3,"8",6,"0005100000","0066100000","0004833840","0054088380","0","0009400000","4833840","63488380"
1260009105,"01",2,"9314","4521",3,NA,NA,"0","0003000000","0","0003000000","0","0","0","3000000"
1260009105,"01",2,"9211","0140",3,NA,NA,"0","0013500000","0","0013500000","0","0","0","13500000"
1260009105,"03",2,"9314","4521",3,NA,NA,"0","0003000000","0","0003000000","0","0","0","3000000"
1260009105,"03",2,"9211","0140",3,NA,NA,"0","0009000000","0","0009000000","0","0","0","9000000"
1260009105,"04",2,"9314","4521",3,NA,NA,"0","0003000000","0","0003000000","0","0","0","3000000"
1260009105,"04",2,"9211","0140",3,NA,NA,"0","0007200000","0","0007200000","0","0","0","7200000"
1260033199,"04",1,"8261","1711",3,"8",6,"0003200000","0041200000","0003050666","0033175995","0","0006400000","3050666","39575995"
1260033199,"05",1,"9320","2424",3,"8",6,"0","0","0","0","0","0","0","0"
1260033204,"04",1,"7233","2919",3,"8",6,"0003850000","0047500000","0003684473","0039050556","0","0006700000","3684473","45750556"
1260033204,"05",1,"5161","2611",3,"10",6,"0004200000","0051600000","0004004000","0043757997","0","0005700000","4004000","49457997"
1260057163,"01",1,"9320","2424",1,"8",6,"0006524674","0074800964","0006524674","0068600964","0","0006200000","6524674","74800964"
1260057154,"01",1,"5162","7523",1,"8",6,"0005972335","0064425146","0005430452","0055087197","0","0003800000","5430452","58887197"
1260041062,"01",1,"8324","4522",3,"8",6,"0005300000","0061800000","0005017947","0054591764","0","0004200000","5017947","58791764"
1260041058,"01",1,"7122","4521",3,"8",6,"0008000000","0080000000","0008000000","0080000000","0","0","8000000","80000000"
1260041068,"01",1,"1422","3430",3,"10",6,"0008300000","0100300000","0007557666","0083315332","0","0008700000","7557666","92015332"
1260041068,"02",1,"2411","7523",1,"8",6,"0004500000","0055300000","0004095000","0046865000","0","0004200000","4095000","51065000"
1260009095,"04",1,"0112","7522",1,"6",6,"0001800000","0005400000","0001638000","0004914000","0","0","1638000","4914000"
1260009095,"06",1,"0112","7522",1,"6",6,"0001800000","0005400000","0001638000","0004914000","0","0","1638000","4914000"
1260045206,"01",1,"7137","4532",3,"8",7,"0003500000","0042000000","0003500000","0042000000","0","0","3500000","42000000"
1260045209,"01",1,"7417","1545",3,"8",6,"0004212100","0045818400","0004070700","0044272800","0","0","4070700","44272800"
1260045209,"03",1,"7417","1545",3,"8",6,"0002500000","0007500000","0002500000","0007500000","0","0","2500000","7500000"
1260045209,"03",2,"0112","7522",1,NA,NA,"0","0002340000","0","0002129400","0","0","0","2129400"
1260053157,"01",1,"4190","8031",3,"8",6,"0008500000","0106200000","0007748613","0088728026","0","0009200000","7748613","97928026"
1260053165,"01",1,"2149","4010",1,"10",6,"0008700000","0107600000","0007919280","0089039360","0","0010200000","7919280","99239360"
1260053165,"02",1,"2230","8511",1,"10",6,"0007000000","0082800000","0006137000","0069594000","0","0003800000","6137000","73394000"
1260053166,"01",1,"3229","7512",1,"8",6,"0006700000","0080900000","0006212614","0072399368","0","0003000000","6212614","75399368"
1260053166,"02",1,"2230","8511",1,"12",6,"0006500000","0076800000","0005732000","0064734000","0","0003800000","5732000","68534000"
1260053171,"01",1,"3421","5010",3,"8",7,"0003500000","0042000000","0003500000","0042000000","0","0","3500000","42000000"
1260013105,"01",1,"0112","7522",1,"8",6,"0004500000","0058200000","0004150800","0049809600","0","0004200000","4150800","54009600"
1260013105,"02",1,"4141","8511",1,"8",6,"0005200000","0066600000","0004904333","0058851996","0","0004200000","4904333","63051996"
1260057159,"01",1,"5162","7523",1,"8",6,"0005323824","0063600641","0004835098","0054234219","0","0004400000","4835098","58634219"
1260057161,"01",1,"5162","7523",1,"8",6,"0004981256","0054284270","0004627640","0046180977","0","0004400000","4627640","50580977"
1260013098,"01",1,"2351","7512",1,"8",6,"0008605434","0107065208","0007973009","0095676108","0","0003800000","7973009","99476108"
1260013098,"02",1,"2331","8012",1,"6",4,"0005110491","0066125892","0004606498","0055277976","0","0004800000","4606498","60077976"
1260057166,"01",1,"8232","2930",3,"8",6,"0004500000","0059030000","0004304140","0047351280","0","0009530000","4304140","56881280"
1260002005,"01",1,"9141","7513",1,"12",7,"0004535020","0059020240","0004365875","0050842212","0","0006200000","4365875","57042212"
1260038107,"01",1,"9314","4521",3,"8",5,"0003000000","0030000000","0003000000","0030000000","0","0","0003000000","30000000"
1260074203,"01",1,"3416","2691",3,"8",6,"0004000000","0048000000","0004000000","0048000000","0","0","0004000000","0048000000"
1260074203,"05",1,"2149","1712",3,"8",6,"0005600000","0022400000","0005246366","0020985464","0","0","5246366","20985464"
1260074204,"01",2,"9320","1548",3,NA,NA,"0","0039200000","0","0029280320","0","0007200000","0","36480320"
1260074210,"01",2,"9320","3430",3,NA,NA,"0","0022200000","0","0019400241","0","0001200000","0","20600241"
1260074213,"05",1,"3119","2812",3,"8",6,"0005200000","0062500000","0004904333","0053174668","0","0006500000","4904333","59674668"
1260002008,"01",1,"9211","0123",3,"8",7,"0003500000","0007000000","0003500000","0007000000","0","0","3500000","7000000"
1260002008,"01",2,"9314","4521",3,NA,NA,"0","0007200000","0","0007200000","0","0","0","7200000"
1260002008,"01",2,"9333","5234",3,NA,NA,"0","0005100000","0","0005100000","0","0","0","5100000"
1260026103,"02",2,"8141","2021",3,NA,NA,"0","0024000000","0","0022879998","0","0","0","22879998"
1260026105,"01",1,"5220","5223",3,"8",6,"0004000000","0048000000","0004000000","0048000000","0","0","4000000","48000000"
1260038103,"02",1,"9131","7493",3,"8",4,"0001500000","0018000000","0001500000","0018000000","0","0","0001500000","18000000"
1260038103,"04",1,"9314","4521",3,"8",5,"0003000000","0027000000","0003000000","0027000000","0","0","0003000000","0027000000"
1260038103,"05",1,"9314","4521",3,"8",5,"0003000000","0009000000","0003000000","0009000000","0","0","0003000000","0009000000"
1260050242,"01",1,"7417","1545",3,"8",6,"0003212100","0035943600","0003070700","0034381200","0","0","3070700","34381200"
1260050249,"01",1,"8125","2912",3,"10",6,"0004500000","0055700000","0004318280","0047973920","0","0005700000","4318280","53673920"
1260050252,"01",1,"9160","7511",1,"8",7,"0006893163","0082404652","0006389169","0069613900","0","0007200000","6389169","76813900"
1260050252,"03",1,"5220","5522",3,"8",7,"0002500000","0005000000","0002500000","0005000000","0","0","0002500000","0005000000"
1260006291,"01",1,"9314","4521",3,"8",5,"0003000000","0030000000","0003000000","0030000000","0","0","0003000000","0030000000"
1260006292,"01",1,"5220","5232",3,"8",7,"0004000000","0048000000","0004000000","0048000000","0","0","0004000000","0048000000"
1260066004,"01",1,"8324","6023",3,"10",6,"0003900000","0046800000","0003900000","0046800000","0","0","0003900000","0046800000"
1260066008,"01",2,"9211","0126",3,NA,NA,"0","0064400000","0","0054473823","0","0005900000","0","60373823"
1260018107,"03",1,"9320","1548",3,"8",6,"0003030000","0009090000","0002888600","0008665800","0","0","2888600","8665800"
1260018115,"01",1,"9314","4521",3,"10",6,"0003000000","0030000000","0003000000","0030000000","0","0","0003000000","0030000000"
1260018110,"01",1,"9314","4521",3,"8",5,"0003750000","0026250000","0003750000","0026250000","0","0","0003750000","0026250000"
1260018110,"01",2,"9211","0140",3,NA,NA,"0","0005000000","0","0005000000","0","0","0","5000000"
1260066011,"01",1,"3443","7511",1,"8",6,"0006846993","0085163916","0006291269","0075495228","0","0003000000","6291269","78495228"
1260018118,"01",1,"9314","4540",3,"8",5,"0002500000","0020000000","0002500000","0020000000","0","0","0002500000","0020000000"
1260042047,"01",1,"9152","2424",3,"8",6,"0004500000","0004500000","0004318280","0004318280","0","0","0004318280","0004318280"
1260062195,"03",1,"9152","7511",1,"8",7,"0004500000","0054200000","0004290000","0047666664","0","0004200000","4290000","51866664"
1260062197,"01",1,"7231","5020",3,"10",6,"0004500000","0055000000","0004318000","0047965328","0","0005000000","4318000","52965328"
1260062204,"03",2,"4190","7493",3,NA,NA,"0","0009000000","0","0009000000","0","0","0","0009000000"
1260062205,"03",1,"7222","3430",3,"8",6,"0003800000","0047900000","0003622666","0039658664","0","0006300000","3622666","45958664"
1260042049,"01",1,"8281","3430",1,"8",6,"0005735000","0078905000","0005389147","0060850564","0","0014530000","5389147","75380564"
1260042047,"01",2,"9314","4521",3,NA,NA,"0","0018000000","0","0018000000","0","0","0","0018000000"
1260042057,"01",1,"9314","4521",3,"8",3,"0001200000","0012000000","0001200000","0012000000","0","0","0001200000","0012000000"
1260042057,"01",1,"8324","6023",3,"8",3,"0002000000","0024000000","0002000000","0024000000","0","0","0002000000","0024000000"
1260078330,"01",1,"8232","2519",3,"8",6,"0003640000","0044650000","0003470133","0039706327","0","0003000000","3470133","42706327"
1260078336,"03",2,"9320","1519",3,NA,NA,"0003500000","0038500000","0003500000","0038500000","0","0","0003500000","0038500000"
1260078340,"01",1,"7231","5020",3,"8",6,"0003000000","0032500000","0003000000","0032500000","0","0","0003000000","0032500000"
1260022100,"01",1,"9132","9120",3,"4",3,"0000150000","0001800000","0000150000","0001800000","0","0","150000","1800000"
1260022100,"03",1,"0112","7522",1,"8",6,"0000418000","0005016000","0000380380","0004564560","0","0","380380","4564560"
1260022106,"01",1,"7231","5020",3,"8",6,"0003000000","0036000000","0003000000","0036000000","0","0","3000000","0036000000"
1260022100,"04",2,"9211","0140",3,NA,NA,"0","0001000000","0","0001000000","0","0","0","0001000000"
1260022103,"03",1,"5220","5222",3,"8",6,"0003000000","0036000000","0003000000","0036000000","0","0","0003000000","0036000000"
1260022111,"02",1,"9131","7493",3,"8",2,"0000400000","0004800000","0000400000","0004800000","0","0","0000400000","0004800000"
1260010008,"03",1,"5111","6023",3,"12",7,"0003000000","0036000000","0003000000","0036000000","0","0","0003000000","0036000000"
1260010008,"04",1,"5111","6023",3,"12",7,"0003000000","0036000000","0003000000","0036000000","0","0","0003000000","0036000000"
1260010014,"03",1,"7212","2892",3,"8",6,"0002080000","0024960000","0002080000","0024960000","0","0","0002080000","0024960000"
1260010014,"04",1,"7212","2892",3,"8",6,"0002080000","0024960000","0002080000","0024960000","0","0","0002080000","0024960000"
1260010014,"08",1,"7212","2892",3,"8",6,"0002080000","0024960000","0002080000","0024960000","0","0","0002080000","0024960000"
1260030055,"01",1,"5122","5521",3,"8",7,"0002500000","0030000000","0002500000","0030000000","0","0","0002500000","0030000000"
1260082013,"01",1,"8261","1711",3,"8",7,"0004500000","0061110000","0004290000","0049678200","0","0009000000","4290000","58678200"
1260034058,"01",1,"8267","1711",1,"8",6,"0005200000","0066292000","0004932613","0056783994","0","0006700000","0004932613","63483994"
1260034060,"01",1,"8133","2611",1,"8",6,"0004600000","0058916000","0004399473","0050419998","0","0006200000","4399473","56619998"
1260034066,"03",1,"4190","3699",3,"8",6,"0006500000","0013000000","0006013666","0012027332","0","0","6013666","12027332"
1260058222,"02",1,"2331","8012",1,"6",6,"0004800000","0059600000","0004355000","0050520000","0","0003800000","4355000","54320000"
1260058223,"01",1,"8261","1711",3,"8",6,"0004950000","0062300000","0004679400","0052943160","0","0006500000","4679400","59443160"
1260058223,"03",1,"7218","5020",3,"8",6,"0003000000","0033000000","0003000000","0033000000","0","0","0003000000","0033000000"
1260058226,"01",1,"3112","4100",1,"8",6,"0006200000","0075500000","0005818133","0067299996","0","0003800000","5818133","71099996"
1260058231,"01",1,"0112","7522",1,"8",6,"0006500000","0078800000","0005915000","0068250000","0","0003800000","5915000","72050000"
1260070198,"01",1,"9314","4521",3,"8",5,"0003500000","0035000000","0003500000","0035000000","0","0","0003500000","0035000000"
1260070198,"04",1,"9314","4521",3,"8",4,"0002500000","0025000000","0002500000","0025000000","0","0","0002500000","0025000000"
1260070198,"04",2,"9211","0112",3,NA,NA,"0","0010000000","0","0010000000","0","0","0","0010000000"
1260070201,"03",1,"7126","4521",3,"8",4,"0005000000","0045000000","0005000000","0045000000","0","0","0005000000","0045000000"
1260070201,"05",1,"9314","4521",3,"8",4,"0002500000","0022500000","0002500000","0022500000","0","0","0002500000","0022500000"
1260070203,"01",1,"6122","0126",3,"8",6,"0003950000","0051900000","0003781066","0042781152","0","0007200000","3781066","49981152"
1260070208,"01",1,"7212","2710",3,"8",7,"0003500000","0046500000","0003352066","0037347156","0","0007500000","0003352066","44847156"
1260046066,"01",1,"0112","7522",1,"8",6,"0004500000","0056300000","0004095000","0047775000","0","0003800000","4095000","51575000"
1260030054,"01",1,"5220","5233",3,"8",6,"0002300000","0024600000","0002300000","0024100000","0","0000500000","0002300000","24600000"
1260046053,"01",1,"3429","5129",3,"8",7,"0004654000","0049671600","0004500000","0048000000","0","0","0004500000","0048000000"
1260082006,"03",1,"2145","1711",3,"8",6,"0","0","0","0","0","0","0","0"
1260082009,"01",1,"7141","4540",3,"8",7,"0004000000","0040000000","0004000000","0040000000","0","0","0004000000","0040000000"
1260014261,"01",1,"1427","6512",1,"8",6,"0008500000","0100200000","0007335000","0083244000","0","0003800000","7335000","87044000"
1260014261,"02",1,"2331","8012",1,"6",6,"0007325910","0075903640","0006470371","0064621484","0","0003800000","6470371","68421484"
1260054307,"01",1,"8161","4010",1,"8",6,"0006000000","0071600000","0005601140","0063337602","0","0003800000","5601140","67137602"
1260054303,"01",1,"2142","4521",1,"8",6,"0006543380","0085866900","0006180791","0077192211","0","0003800000","6180791","80992211"
1260054307,"02",1,"3222","8511",1,"8",6,"0006800000","0083300000","0005975000","0069717000","0","0003800000","5975000","73517000"
1260054300,"06",1,"2411","8090",3,"8",6,"0003663334","0044076008","0003500000","0040200000","0","0002000000","3500000","42200000"
1260054295,"01",1,"2351","8031",3,"10",6,"0010000000","0116700000","0009000333","0097281996","0","0008700000","9000333","105981996"
1260054295,"02",1,"2122","7511",1,"8",6,"0005120000","0080640000","0004836066","0056214798","0","0021000000","4836066","77214798"
1260054306,"01",1,"4134","2698",1,"8",6,"0006500000","0078600000","0006041947","0067367597","0","0006200000","6041947","73567597"
1260054306,"02",1,"4190","8031",3,"8",6,"0006800000","0082950000","0006269666","0072816330","0","0003800000","6269666","76616330"
1260039004,"01",1,"7141","4540",3,"9",5,"0005000000","0040000000","0005000000","0040000000","0","0","0005000000","0040000000"
1260039004,"04",1,"7141","4540",3,"9",4,"0004000000","0028000000","0004000000","0028000000","0","0","0004000000","0028000000"
1260007248,"01",1,"2320","8021",1,"6",6,"0007233052","0087664416","0006617345","0076191956","0","0003800000","6617345","79991956"
1260019010,"01",1,"9160","9002",3,"8",7,"0005161811","0066818488","0004879986","0056054596","0","0007700000","4879986","63754596"
1260031196,"01",1,"9333","5126",3,"10",6,"0003000000","0036000000","0003000000","0036000000","0","0","3000000","36000000"
1260031196,"03",1,"9333","5126",3,"8",6,"0002500000","0030000000","0002500000","0030000000","0","0","2500000","30000000"
1260031196,"04",1,"9333","5126",3,"8",6,"0002500000","0030000000","0002500000","0030000000","0","0","2500000","30000000"
1260031199,"01",1,"5123","6512",3,"8",6,"0006000000","0073800000","0005601933","0065317332","0","0003800000","5601933","69117332"
1260055004,"01",1,"9132","8031",1,"8",6,"0004905554","0059917856","0004671865","0053178092","0","0004200000","4671865","57378092"
1260007250,"01",2,"9314","4521",3,NA,NA,"0","0005000000","0","0005000000","0","0","0","5000000"
1260063106,"01",1,"5111","6021",3,"8",6,"0001170000","0014040000","0001170000","0014040000","0","0","1170000","14040000"
1260063112,"03",1,"5220","5223",3,"8",6,"0001500000","0017000000","0001500000","0017000000","0","0","1500000","17000000"
1260075006,"02",1,"7222","3430",3,"8",6,"0004500000","0056700000","0004322666","0048441992","0","0006200000","4322666","54641992"
1260079168,"01",1,"9314","4521",3,"8",4,"0002500000","0022500000","0002500000","0022500000","0","0","2500000","22500000"
1260047001,"02",1,"5220","5222",3,"4",6,"0001500000","0003000000","0001500000","0003000000","0","0","1500000","3000000"
1260047001,"02",2,"3475","9241",3,NA,NA,"0","0019000000","0","0019000000","0","0","0","19000000"
1260023051,"01",2,"9314","4521",3,NA,NA,"0","0008000000","0","0008000000","0","0","0","8000000"
1260023051,"03",1,"4141","2230",3,"6",6,"0001500000","0018000000","0001500000","0018000000","0","0","1500000","18000000"
1260047008,"01",2,"9314","4521",3,NA,NA,"0","0020000000","0","0020000000","0","0","0","20000000"
1260047008,"01",2,"7241","3430",3,NA,NA,"0","0011440000","0","0007664799","0","0003400000","0","11064799"
1260023065,"03",1,"7244","5260",3,"4",6,"0003500000","0042000000","0003500000","0042000000","0","0","3500000","42000000"
1260023059,"01",1,"7331","2029",3,"8",6,"0005000000","0058500000","0005000000","0058500000","0","0","5000000","58500000"
1260023054,"01",2,"6111","0112",3,NA,NA,"0","0030000000","0","0030000000","0","0","0","30000000"
1260023054,"02",2,"6111","0112",3,NA,NA,"0","0007000000","0","0007000000","0","0","0","7000000"
1260039011,"01",1,"9314","4521",3,"8",5,"0004000000","0032000000","0004000000","0032000000","0","0","4000000","32000000"
1260039001,"01",1,"8221","2424",1,"8",6,"0006600000","0085400000","0006127280","0071265360","0","0008700000","6127280","79965360"
1260015056,"01",1,"9132","2413",3,"8",6,"0005580000","0076760000","0005213240","0060826650","0","0011700000","5213240","72526650"
1260019003,"01",1,"9314","4521",3,"8",5,"0003500000","0042000000","0003500000","0042000000","0","0","3500000","42000000"
1260031195,"03",1,"9314","4521",3,"8",4,"0002500000","0022500000","0002500000","0022500000","0","0","2500000","22500000"
1260031203,"03",1,"2320","8021",1,"6",6,"0005568234","0069358076","0004995678","0058712408","0","0003800000","4995678","62512408"
1260075002,"01",1,"8282","2930",3,"8",6,"0004200000","0054050000","0004004000","0045426330","0","0006400000","4004000","51826330"
1260075002,"03",1,"7133","4540",3,"8",5,"0003000000","0027000000","0003000000","0027000000","0","0","3000000","27000000"
1260083113,"01",2,"7421","2010",3,NA,NA,"0","0022750000","0","0022750000","0","0","0","22750000"
1260083119,"01",1,"7218","3430",3,"12",6,"0005500000","0074500000","0005144973","0060393138","0","0010000000","5144973","70393138"
1260003014,"01",2,"7417","1545",3,NA,NA,"0002500000","0025000000","0002500000","0025000000","0","0","2500000","25000000"
1260003014,"01",2,"9314","4540",3,NA,NA,"0","0006000000","0","0006000000","0","0","0","6000000"
1260075011,"01",1,"7231","5020",3,"8",6,"0004500000","0054500000","0004500000","0051500000","0","0003000000","4500000","54500000"
1260079165,"01",1,"5162","7523",1,"8",6,"0006200000","0076800000","0005670000","0066750120","0","0003800000","5670000","70550120"
1260003006,"01",1,"7325","2697",3,"8",5,"0004200000","0047400000","0004050666","0043731662","0","0002000000","4050666","45731662"
1260015053,"01",1,"7141","4540",3,"8",7,"0004000000","0070000000","0004000000","0070000000","0","0","4000000","70000000"
1260007254,"04",1,"9314","4521",3,"8",4,"0002500000","0022500000","0002500000","0022500000","0","0","2500000","22500000"
1260007254,"05",2,"9314","4521",3,NA,NA,"0","0013500000","0","0013500000","0","0","0","13500000"
1260015064,"01",1,"8123","2710",3,"8",6,"0004450000","0060650000","0004256474","0049400953","0","0009000000","4256474","58400953"
1260055011,"01",1,"8324","6023",3,"10",6,"0006500000","0076000000","0006500000","0076000000","0","0","6500000","76000000"
1260007260,"01",1,"5111","6023",3,"10",6,"0003500000","0031500000","0003500000","0031500000","0","0","3500000","31500000"
1260007260,"01",2,"0112","5259",1,NA,NA,"0","0001350000","0","0001228500","0","0","0","1228500"
1260007257,"03",1,"0112","7522",1,"8",6,"0000265000","0003620000","0000241150","0002829200","0","0000500000","241150","3329200"
1260047012,"01",1,"2411","9241",1,"8",6,"0008500000","0104300000","0007727473","0091323657","0","0003800000","7727473","95123657"
1260083122,"01",1,"7218","2812",3,"8",6,"0005000000","0067500000","0004732447","0055440123","0","0009000000","4732447","64440123"
1260055008,"04",1,"3115","3430",1,"8",6,"0007500000","0093792000","0006860000","0078825676","0","0007700000","6860000","86525676"
1260067111,"03",1,"7137","4532",3,"8",7,"0001500000","0018000000","0001500000","0018000000","0","0","1500000","18000000"
1260067111,"04",1,"7137","4532",3,"8",7,"0001500000","0018000000","0001500000","0018000000","0","0","1500000","18000000"
1260067120,"03",1,"5220","5232",3,"8",7,"0001200000","0014400000","0001200000","0014400000","0","0","1200000","14400000"
1260079159,"01",1,"7126","4521",3,"8",3,"0003500000","0021000000","0003500000","0021000000","0","0","3500000","21000000"
1260079159,"01",2,"7123","4521",3,NA,NA,"0","0005000000","0","0005000000","0","0","0","5000000"
1260031205,"01",1,"8141","2021",3,"8",6,"0004800000","0063800000","0004605866","0053341328","0","0008200000","4605866","61541328"
1260063109,"03",2,"9314","4540",3,NA,NA,"0","0012000000","0","0012000000","0","0","0","12000000"
1260063109,"04",2,"9314","4521",3,NA,NA,"0","0009000000","0","0009000000","0","0","0","9000000"
1260079155,"01",1,"2461","8032",1,"8",7,"0004500000","0059000000","0004318266","0049133860","0","0007800000","4318266","56933860"
1260063116,"01",1,"8261","1711",3,"8",6,"0004550000","0057550000","0004366666","0049266662","0","0006200000","4366666","55466662"
1260071327,"02",1,"7241","5030",3,"8",6,"0005000000","0064250000","0004726666","0054935994","0","0006200000","4726666","61135994"
1260079159,"01",2,"8333","4521",3,NA,NA,"0","0012000000","0","0012000000","0","0","0","12000000"
1260079159,"01",2,"7212","4521",3,NA,NA,"0","0004000000","0","0004000000","0","0","0","4000000"
1260043104,"01",1,"4121","3430",3,"8",6,"0003850000","0049700000","0003670333","0041946664","0","0005700000","3670333","47646664"
1260043115,"01",1,"9152","3430",3,"8",7,"0003850000","0049900000","0003684474","0042250460","0","0005700000","3684474","47950460"
1260043111,"01",1,"7311","2892",3,"8",6,"0006000000","0070000000","0005846000","0068264000","0","0","5846000","68264000"
1260047015,"03",1,"7231","2919",3,"8",6,"0004000000","0052640000","0003813333","0044272797","0","0006200000","3813333","50472797"
1260071314,"01",1,"8322","6022",3,"8",7,"0002000000","0018000000","0002000000","0018000000","0","0","2000000","18000000"
1260071314,"01",1,"8261","1711",3,"8",6,"0005175000","0067275000","0004904280","0056991318","0","0007200000","4904280","64191318"
1260051098,"03",1,"8278","1548",3,"8",6,"0003500000","0049700000","0003336666","0038609994","0","0009200000","3336666","47809994"
1260051098,"04",1,"3221","8511",1,"8",6,"0003500000","0050500000","0003336666","0038609994","0","0010000000","3336666","48609994"
1260067122,"03",1,"7136","4531",3,"8",6,"0001500000","0013500000","0001500000","0013500000","0","0","1500000","13500000"
1260067122,"04",1,"7218","3610",3,"8",6,"0001750000","0021000000","0001750000","0021000000","0","0","1750000","21000000"
1260067122,"05",1,"7222","3430",3,"8",6,"0003330000","0045060000","0003174600","0037237200","0","0006000000","3174600","43237200"
1260011009,"03",1,"2331","8012",1,"6",3,"0003330000","0047790000","0003174600","0037065600","0","0008910000","3174600","45975600"
1260011009,"05",1,"7231","5020",3,"8",6,"0001400000","0016800000","0001400000","0016800000","0","0","1400000","16800000"
1260027009,"01",1,"7224","1545",3,"8",6,"0003800000","0041100000","0003646000","0039396670","0","0","3646000","39396670"
1260019009,"01",1,"7126","4521",3,"8",4,"0004500000","0054000000","0004500000","0054000000","0","0","4500000","54000000"
1260019009,"04",1,"2411","2695",3,"4",5,"0001800000","0021400000","0001800000","0020400000","0","0001000000","1800000","21400000"
1260047015,"06",1,"4190","7523",1,"8",6,"0004850000","0060290000","0004598666","0053604795","0","0003800000","4598666","57404795"
1260059151,"01",1,"4212","6512",1,"8",6,"0006000000","0080500000","0005657500","0066523500","0","0010000000","5657500","76523500"
1260059158,"01",1,"9152","4010",1,"8",6,"0008000000","0113500000","0007264166","0085825494","0","0019000000","7264166","104825494"
1260059158,"03",1,"4190","7511",1,"8",6,"0004000000","0054370000","0003813333","0044329995","0","0007870000","3813333","52199995"
1260059158,"04",1,"9152","4010",3,"8",6,"0004000000","0054370000","0003813333","0044329995","0","0007870000","3813333","52199995"
1260027005,"03",1,"8125","3430",3,"8",6,"0004550000","0058300000","0004337666","0049191992","0","0006700000","4337666","55891992"
1260027005,"04",1,"8125","4540",3,"8",6,"0003500000","0042000000","0003500000","0042000000","0","0","3500000","42000000"
1260027011,"01",1,"7224","3430",3,"8",6,"0006000000","0077200000","0005608666","0065377327","0","0007200000","5608666","72577327"
1260051096,"05",1,"8133","2611",3,"8",6,"0006000000","0076400000","0005557500","0065154000","0","0003000000","5557500","68154000"
1260051103,"01",1,"3435","1110",1,"7",6,"0016000000","0201000000","0014080000","0158960000","0","0019000000","14080000","177960000"
1260051103,"04",1,"0112","7522",1,"8",6,"0000500000","0006000000","0000455000","0005460000","0","0","455000","5460000"
1260032341,"01",1,"9132","5523",3,"8",7,"0002500000","0025000000","0002500000","0025000000","0","0","2500000","25000000"
1260032344,"01",1,"9320","1543",3,"8",6,"0005350000","0071200000","0005040733","0059848196","0","0007700000","5040733","67548196"
1260052004,"02",1,"1429","8021",1,"6",6,"0004800000","0060800000","0004348000","0051610000","0","0003800000","4348000","55410000"
1260052015,"03",1,"4190","5010",3,"8",6,"0003500000","0035000000","0003336666","0033366660","0","0","3336666","33366660"
1260052015,"04",1,"1424","5129",3,"10",6,"0009500000","0104500000","0008873333","0097606663","0","0","8873333","97606663"
1260032338,"04",1,"7414","1532",3,"8",6,"0003500000","0014000000","0003336666","0013346664","0","0","3336666","13346664"
1260004185,"01",1,"9151","5522",3,"10",6,"0004000000","0048000000","0004000000","0048000000","0","0","4000000","48000000"
1260020012,"03",1,"8282","2930",3,"8",6,"0003190400","0041344400","0003041515","0036078331","0","0003500000","3041515","39578331"
1260020015,"01",1,"9314","4521",3,"8",6,"0003000000","0036000000","0003000000","0036000000","0","0","3000000","36000000"
1260020015,"03",1,"7433","1810",3,"5",6,"0000500000","0006000000","0000500000","0006000000","0","0","500000","6000000"
1260020001,"02",1,"7414","1519",3,"3",7,"0000500000","0006000000","0000500000","0006000000","0","0","500000","6000000"
1260020007,"03",1,"5220","5236",3,"10",6,"0001500000","0018000000","0001500000","0018000000","0","0","1500000","18000000"
1260040010,"01",1,"7122","4540",3,"8",4,"0001500000","0021600000","0001500000","0021600000","0","0","1500000","21600000"
1260040010,"01",2,"8253","2102",3,NA,NA,"0","0015000000","0","0014149998","0","0","0","14149998"
1260080252,"01",1,"9320","2422",3,"8",6,"0005000000","0065800000","0004757466","0056531059","0","0006400000","4757466","62931059"
1260008002,"01",1,"8324","6023",3,"10",6,"0004500000","0054000000","0004500000","0054000000","0","0","4500000","54000000"
1260016053,"01",1,"8322","6023",3,"8",6,"0005000000","0060000000","0005000000","0060000000","0","0","5000000","60000000"
1260056166,"01",1,"7218","2899",3,"10",6,"0005000000","0070500000","0004732447","0056371837","0","0011000000","4732447","67371837"
1260008015,"01",1,"8324","6023",3,"10",7,"0004500000","0054000000","0004500000","0054000000","0","0","4500000","54000000"
1260016059,"04",2,"7442","1920",3,NA,NA,"0","0004300000","0","0001500000","0","0002800000","0","4300000"
1260016050,"01",1,"8324","6023",3,"10",7,"0007000000","0056000000","0007000000","0056000000","0","0","7000000","56000000"
1260016050,"01",2,"8261","1711",3,NA,NA,"0","0009900000","0","0003241334","0","0006500000","0","9741334"
1260068355,"01",1,"9320","2694",3,"8",6,"0003820000","0042020000","0003641733","0040059063","0","0","3641733","40059063"
1260068358,"01",1,"7126","4521",3,"8",5,"0004500000","0054000000","0004500000","0054000000","0","0","4500000","54000000"
1260068358,"03",1,"9314","4521",3,"8",5,"0002500000","0003000000","0002500000","0003000000","0","0","2500000","3000000"
1260040005,"01",1,"8211","3430",3,"8",6,"0004450000","0058900000","0004242334","0050240662","0","0006200000","4242334","56440662"
1260068351,"01",1,"9152","0126",3,"12",7,"0006000000","0066000000","0005748280","0060314520","0","0003000000","5748280","63314520"
1260080248,"01",1,"7141","4540",3,"8",4,"0003000000","0036000000","0003000000","0036000000","0","0","3000000","36000000"
1260032349,"01",1,"8322","9301",3,"8",7,"0003030000","0038000000","0002888600","0034320000","0","0002000000","2888600","36320000"
1260044063,"01",1,"4190","4100",1,"8",6,"0010000000","0123200000","0009129334","0108980007","0","0003800000","9129334","112780007"
1260044063,"02",1,"2320","8021",1,"6",6,"0005120000","0064920000","0004607200","0054987200","0","0003800000","4607200","58787200"
1260044067,"01",1,"4190","4010",1,"12",5,"0012500000","0156200000","0010710400","0127243200","0","0007700000","10710400","134943200"
1260032348,"01",1,"7133","4540",3,"8",5,"0006500000","0078000000","0006500000","0078000000","0","0","6500000","78000000"
1260032348,"03",1,"2320","8021",1,"6",6,"0004800000","0024000000","0004348000","0021740000","0","0","4348000","21740000"
1260044055,"01",1,"9333","2930",3,"8",6,"0003850000","0052100000","0003670333","0043567330","0","0006400000","3670333","49967330"
1260044057,"01",1,"3435","7512",1,"8",6,"0006000000","0075450000","0005610800","0066984400","0","0003800000","5610800","70784400"
1260008004,"01",1,"8324","6023",3,"10",7,"0004500000","0054000000","0004500000","0054000000","0","0","4500000","54000000"
1260008008,"03",2,"9211","0111",3,NA,NA,"0","0027000000","0","0027000000","0","0","0","27000000"
1260008008,"04",2,"9211","0111",3,NA,NA,"0","0027000000","0","0027000000","0","0","0","27000000"
1260008011,"01",1,"9141","8012",1,"6",6,"0002830000","0037180000","0002697933","0031822263","0","0003800000","2697933","35622263"
1260016062,"01",1,"9320","2429",3,"8",6,"0004500000","0061100000","0004305780","0050734306","0","0008100000","4305780","58834306"
1260028167,"03",1,"7433","1810",3,"2",2,"0000500000","0005000000","0000500000","0005000000","0","0","500000","5000000"
1260028167,"04",1,"4115","8532",1,"6",6,"0000800000","0009600000","0000800000","0009600000","0","0","800000","9600000"
1260028167,"06",1,"2332","8011",3,"4",5,"0000910000","0010920000","0000770000","0009240000","0","0","770000","9240000"
1260028167,"08",1,"8281","3430",3,"10",6,"0004800000","0019200000","0004533500","0018134000","0","0","4533500","18134000"
1260028171,"01",1,"8261","1711",3,"8",7,"0004460000","0064084800","0004271647","0050759820","0","0011100000","4271647","61859820"
1260056169,"01",1,"2213","0201",1,"8",6,"0007000000","0091180000","0006134500","0072796100","0","0008180000","6134500","80976100"
1260056169,"02",1,"2320","8021",1,"4",6,"0005450000","0069770000","0004852000","0057970400","0","0004680000","4852000","62650400"
1260056172,"03",1,"7141","4540",3,"10",6,"0004000000","0048000000","0004000000","0048000000","0","0","4000000","48000000"
1260056175,"01",1,"1429","8021",1,"6",6,"0007000000","0088280000","0006170500","0073715900","0","0004680000","6170500","78395900"
1260056175,"04",1,"2145","2919",3,"8",6,"0003800000","0015200000","0003622667","0014490668","0","0","3622667","14490668"
1260004187,"01",1,"4134","2710",3,"8",6,"0004200000","0056600000","0004019400","0047271066","0","0007200000","4019400","54471066"
1260064114,"01",1,"2149","3430",3,"8",6,"0004900000","0066900000","0004641333","0055399996","0","0008400000","4641333","63799996"
1260064114,"02",1,"2149","3430",3,"8",6,"0005000000","0066600000","0004726666","0056167992","0","0007200000","4726666","63367992"
1260012214,"01",1,"8324","6023",3,"8",6,"0006000000","0072000000","0006000000","0072000000","0","0","6000000","72000000"
1260080250,"01",1,"5220","5233",3,"8",6,"0003000000","0036500000","0003000000","0036500000","0","0","3000000","36500000"
1260080259,"01",1,"5123","5521",3,"8",7,"0004500000","0053700000","0004500000","0053700000","0","0","4500000","53700000"
1260080259,"04",1,"7222","2919",3,"8",6,"0003330000","0045730000","0003174600","0037685266","0","0006200000","3174600","43885266"
1260048171,"01",1,"7417","1545",3,"8",6,"0003500000","0042000000","0003500000","0042000000","0","0","3500000","42000000"
1260048162,"01",1,"7137","4532",3,"8",6,"0003500000","0042000000","0003500000","0042000000","0","0","3500000","42000000"
1260072068,"03",2,"3152","2422",3,NA,NA,"0","0042500000","0","0035750000","0","0005000000","0","40750000"
1260072068,"04",1,"8221","2424",3,"8",6,"0012100000","0062700000","0004385333","0052623996","0007500000","0007500000","11885333","60123996"
1260072059,"01",1,"9152","2892",3,"10",6,"0013200000","0073700000","0005184133","0062209596","0007700000","0007700000","12884133","69909596"
1260036093,"03",1,"5220","5238",3,"6",6,"0001000000","0003000000","0001000000","0003000000","0","0","1000000","3000000"
1260036101,"01",1,"4190","7514",1,"8",6,"0010510000","0057810000","0004099333","0049191996","0006210000","0006210000","10309333","55401996"
1260072057,"01",1,"7437","3610",3,"8",6,"0004000000","0048000000","0004000000","0048000000","0","0","4000000","48000000"
1260072066,"01",1,"7222","3430",3,"8",6,"0012300000","0065100000","0004561400","0054736800","0007500000","0007500000","12061400","62236800"
1260076108,"02",1,"9131","7493",3,"8",3,"0001500000","0018000000","0001500000","0018000000","0","0","1500000","18000000"
1260084113,"01",1,"5220","5030",3,"8",6,"0005100000","0061200000","0004936667","0059240004","0","0","4936667","59240004"
1260024107,"02",1,"2331","8012",1,"5",6,"0008080000","0061980000","0004459000","0053508000","0003180000","0003180000","7639000","56688000"
1260024114,"01",1,"7233","9241",1,"8",7,"0010800000","0067730000","0004646833","0055761996","0005900000","0008930000","10546833","64691996"
1260040002,"01",1,"8261","1711",3,"8",6,"0004000000","0054700000","0003827474","0045929688","0","0006700000","3827474","52629688"
1260060165,"01",2,"8221","2424",3,NA,NA,"0003800000","0051500000","0003636807","0043641684","0","0005900000","3636807","49541684"
1260084119,"01",1,"8134","2698",3,"8",7,"0013000000","0068000000","0004717767","0056613204","0008000000","0008000000","12717767","64613204"
1260048164,"01",1,"5111","6021",3,"10",6,"0003500000","0042000000","0003500000","0042000000","0","0","3500000","42000000"
1260012207,"01",1,"8124","2899",3,"8",6,"0011320000","0064340000","0004592347","0055108164","0006500000","0006500000","11092347","61608164"
1260024102,"01",1,"3152","2424",3,"8",6,"0012000000","0070030000","0004732167","0056786004","0007000000","0010030000","11732167","66816004"
1260024102,"02",1,"2331","8012",1,"5",6,"0007980000","0060780000","0004234500","0050814000","0003180000","0003180000","7414500","53994000"
1260020004,"01",1,"7233","7513",1,"8",6,"0005100000","0069910000","0004817780","0057545113","0","0009000000","4817780","66545113"
1260048164,"03",1,"7224","2892",3,"8",6,"0001500000","0012500000","0001000000","0012000000","0000500000","0000500000","1500000","12500000"
1260048164,"04",1,"7224","2892",3,"8",6,"0001800000","0010600000","0000800000","0009600000","0001000000","0001000000","1800000","10600000"
1260060151,"01",1,"0112","7523",1,"10",6,"0008200000","0101580000","0007462000","0089544000","0","0003180000","7462000","92724000"
1260060151,"02",1,"4190","1548",3,"8",6,"0013250000","0065500000","0004489033","0053868396","0008500000","0008500000","12989033","62368396"
1260060155,"03",1,"7137","4532",3,"8",1,"0000200000","0002400000","0000200000","0002400000","0","0","200000","2400000"
1260060159,"04",2,"7133","4540",3,NA,NA,"0","0015000000","0","0015000000","0","0","0","15000000"
1260060159,"05",2,"7131","4521",3,NA,NA,"0","0010000000","0","0010000000","0","0","0","10000000"
1260060159,"06",1,"9132","7491",3,"8",6,"0004200000","0056000000","0004004000","0048048000","0","0005600000","4004000","53648000"
1260040013,"01",1,"9132","8031",3,"12",6,"0005000000","0071000000","0004718307","0056619684","0","0011000000","4718307","67619684"
1260036105,"01",1,"4190","3430",3,"8",6,"0020530000","0103030000","0006851000","0082212000","0013030000","0013030000","19881000","95242000"
1260036105,"02",1,"2320","8021",1,"4",6,"0006000000","0077180000","0005297000","0063564000","0","0005180000","5297000","68744000"
1260060160,"01",1,"8323","6021",3,"10",7,"0005000000","0060000000","0005000000","0060000000","0","0","5000000","60000000"
1260060160,"03",1,"2490","4100",1,"8",6,"0004200000","0053580000","0004004000","0048048000","0","0003180000","4004000","51228000"
1270141205,"01",1,"9211","0111",3,"8",6,"0001700000","0013500000","0001700000","0013500000","0","0","1700000","13500000"
1270141205,"02",1,"9211","0111",3,"8",5,"0001200000","0008700000","0001200000","0008700000","0","0","1200000","8700000"
1270141205,"03",1,"9314","4521",3,"8",6,"0001900000","0016500000","0001900000","0016500000","0","0","1900000","16500000"
1270141205,"07",1,"9211","0111",3,"8",5,"0001400000","0011000000","0001400000","0011000000","0","0","1400000","11000000"
1270141202,"01",1,"9314","4521",3,"8",6,"0002400000","0019500000","0002400000","0019500000","0","0","2400000","19500000"
1270141194,"01",1,"9333","9305",3,"10",6,"0001400000","0008500000","0001400000","0008500000","0","0","1400000","8500000"
1270141194,"03",1,"9211","0111",3,"8",6,"0001700000","0011000000","0001700000","0011000000","0","0","1700000","11000000"
1270017009,"01",1,"9314","4521",3,"8",5,"0002150000","0021600000","0002150000","0021600000","0","0","2150000","21600000"
1270017009,"03",1,"9314","4540",3,"10",6,"0000400000","0007000000","0000400000","0007000000","0","0","400000","7000000"
1270141197,"01",1,"9211","0111",3,"8",5,"0001200000","0008500000","0001200000","0008500000","0","0","1200000","8500000"
1270101014,"01",1,"8322","6022",3,"8",6,"0002098656","0025183872","0001800000","0021600000","0","0","1800000","21600000"
1270105055,"01",1,"5162","7523",1,"8",6,"0005056349","0064026188","0004669678","0056036136","0","0003350000","4669678","59386136"
1270105055,"02",1,"5162","7523",1,"8",6,"0005012365","0062898380","0004497202","0053966424","0","0002750000","4497202","56716424"
1270029057,"01",1,"8332","4522",3,"12",7,"0003200000","0037300000","0003200000","0037300000","0","0","3200000","37300000"
1270029057,"03",1,"5122","5521",3,"15",6,"0001500000","0012800000","0001500000","0012800000","0","0","1500000","12800000"
1270105060,"01",1,"9152","9241",1,"8",7,"0001641867","0019702404","0001500000","0018000000","0","0","1500000","18000000"
1270105060,"04",1,"9152","9241",1,"8",7,"0","0","0","0","0","0","0","0"
1270105054,"02",1,"2320","8021",1,"6",6,"0004015942","0051441304","0003664227","0043970724","0","0003250000","3664227","47220724"
1270105061,"01",1,"9141","9241",1,"8",7,"0001000000","0003000000","0001000000","0003000000","0","0","1000000","3000000"
1270105061,"01",2,"9152","0125",3,NA,NA,"0","0012000000","0","0012000000","0","0","0","12000000"
1270025161,"01",1,"7221","2811",3,"10",6,"0003400000","0042800000","0003400000","0040800000","0","0002000000","3400000","42800000"
1270029066,"01",1,"7126","4521",3,"10",7,"0004700000","0039500000","0004700000","0039500000","0","0","4700000","39500000"
1270029066,"04",1,"9314","4521",3,"8",7,"0002700000","0016000000","0002700000","0016000000","0","0","2700000","16000000"
1270121101,"01",1,"9314","4521",3,"8",2,"0000640000","0005000000","0000640000","0005000000","0","0","640000","5000000"
1270121095,"01",1,"9314","4521",3,"8",3,"0001200000","0010000000","0001200000","0010000000","0","0","1200000","10000000"
1270121109,"05",1,"3439","4010",1,"9",6,"0003300000","0025600000","0003146000","0022092000","0","0002500000","3146000","24592000"
1270121109,"06",2,"0112","7522",1,NA,NA,"0","0003600000","0","0003600000","0","0","0","3600000"
1270121100,"01",1,"2331","8012",1,"6",6,"0005300000","0066100000","0004849887","0058198644","0","0002500000","4849887","60698644"
1270113229,"01",1,"4212","6512",1,"8",6,"0007524494","0094793928","0006689386","0080272632","0","0004500000","6689386","84772632"
1270113235,"01",1,"2411","2695",3,"8",6,"0003040000","0035527200","0002898133","0030532597","0","0003500000","2898133","34032597"
1270113225,"01",1,"9314","4521",3,"8",3,"0001450000","0018000000","0001450000","0018000000","0","0","1450000","18000000"
1270113225,"03",1,"9314","4521",3,"8",4,"0001950000","0025000000","0001950000","0025000000","0","0","1950000","25000000"
1270113221,"01",1,"5122","5521",3,"8",6,"0002541867","0032694603","0002400000","0028800000","0","0002400000","2400000","31200000"
1270113230,"01",1,"4115","7511",1,"8",6,"0006699143","0083639716","0006003712","0072044544","0","0003250000","6003712","75294544"
1270101005,"05",1,"5220","5222",3,"8",7,"0001200000","0014500000","0001200000","0014500000","0","0","1200000","14500000"
1270101011,"01",1,"7417","1545",3,"8",6,"0003040000","0035132000","0002898133","0030918506","0","0002700000","2898133","33618506"
1270137011,"01",1,"9314","4521",3,"8",6,"0002450000","0019700000","0002450000","0019700000","0","0","2450000","19700000"
1270137011,"02",1,"9211","0111",3,"8",5,"0001200000","0008600000","0001200000","0008600000","0","0","1200000","8600000"
1270137007,"01",1,"5162","7523",1,"8",6,"0004867000","0060404000","0004502590","0054031080","0","0002000000","4502590","56031080"
1270137003,"01",1,"9160","9002",3,"10",6,"0003770000","0049740000","0003628133","0043593882","0","0004500000","3628133","48093882"
1270137003,"02",1,"9211","0111",3,"8",6,"0001300000","0006500000","0001300000","0006500000","0","0","1300000","6500000"
1270137004,"03",1,"9211","0111",3,"8",6,"0001350000","0011000000","0001350000","0011000000","0","0","1350000","11000000"
1270137004,"04",1,"9211","0111",3,"8",6,"0001200000","0009500000","0001200000","0009500000","0","0","1200000","9500000"
1270137004,"05",1,"9211","0111",3,"8",5,"0001400000","0012500000","0001400000","0012500000","0","0","1400000","12500000"
1270137014,"01",1,"9314","4521",3,"8",7,"0002500000","0023500000","0002500000","0023500000","0","0","2500000","23500000"
1270061157,"01",1,"0111","7522",1,"8",6,"0005000000","0062500000","0004613000","0055356000","0","0002500000","4613000","57856000"
1270097002,"01",1,"7417","1545",3,"8",6,"0002284464","0028913568","0002161488","0025937856","0","0001500000","2161488","27437856"
1270097005,"02",1,"5220","5238",3,"9",6,"0001500000","0018000000","0001500000","0018000000","0","0","1500000","18000000"
1270097005,"03",1,"5220","5223",3,"8",6,"0001200000","0014400000","0001200000","0014400000","0","0","1200000","14400000"
1270097015,"01",1,"7417","1545",3,"8",6,"0002284464","0028913568","0002161488","0025937856","0","0001500000","2161488","27437856"
1270097012,"01",1,"7142","3610",3,"12",6,"0006000000","0054000000","0006000000","0054000000","0","0","6000000","54000000"
1270061154,"01",1,"8322","6022",3,"8",4,"0002000000","0024000000","0002000000","0024000000","0","0","2000000","24000000"
1270109069,"01",1,"7136","4531",3,"5",2,"0000400000","0006500000","0000400000","0006500000","0","0","400000","6500000"
1270109069,"01",1,"0111","7522",1,"8",6,"0006139195","0076920340","0005663707","0067964484","0","0003250000","5663707","71214484"
1270117213,"01",1,"0111","7522",1,"8",6,"0006019596","0075735152","0005554873","0066658476","0","0003500000","5554873","70158476"
1270117213,"05",1,"0111","7522",1,"8",6,"0000900000","0003600000","0000900000","0003600000","0","0","900000","3600000"
1270021110,"02",1,"2331","8012",1,"6",6,"0006720000","0083640000","0005925036","0071100432","0","0003000000","5925036","74100432"
1270021119,"02",1,"9314","4540",3,"10",6,"0001700000","0015800000","0001700000","0015800000","0","0","1700000","15800000"
1270109063,"01",1,"7218","5020",3,"8",6,"0005731032","0071772384","0005433893","0065206716","0","0003000000","5433893","68206716"
1270109060,"01",1,"4115","4522",3,"8",6,"0005000000","0060000000","0005000000","0060000000","0","0","5000000","60000000"
1270117225,"01",1,"5169","8532",1,"8",6,"0003377095","0043525140","0003235228","0039269451","0","0003000000","3235228","42269451"
1270117217,"01",1,"2490","6512",1,"8",6,"0005911829","0074191948","0005367888","0064414656","0","0003250000","5367888","67664656"
1270117220,"01",1,"4223","6421",1,"8",6,"0007681782","0095931384","0006858989","0082307868","0","0003750000","6858989","86057868"
1270061145,"01",1,"3416","6512",1,"9",6,"0005517649","0069211788","0004983649","0059803788","0","0003000000","4983649","62803788"
1270061145,"01",1,"2310","8031",3,"6",2,"0001000000","0012000000","0001000000","0012000000","0","0","1000000","12000000"
1270117213,"07",1,"5122","4522",3,"8",6,"0","0001000000","0","0001000000","0","0","0","1000000"
1270117224,"01",1,"1429","8012",1,"6",6,"0005047816","0063773792","0004681893","0056182716","0","0003200000","4681893","59382716"
1270089197,"01",1,"9333","9305",3,"8",6,"0002800000","0034000000","0002800000","0034000000","0","0","2800000","34000000"
1270089197,"04",1,"9333","9305",3,"8",6,"0003000000","0035000000","0003000000","0035000000","0","0","3000000","35000000"
1270089197,"05",2,"9314","4521",3,NA,NA,"0","0015000000","0","0015000000","0","0","0","15000000"
1270089197,"05",1,"9142","5020",3,"10",6,"0002700000","0002700000","0002700000","0002700000","0","0","2700000","2700000"
1270089201,"01",1,"3421","5238",3,"4",7,"0002000000","0025000000","0002000000","0025000000","0","0","2000000","25000000"
1270089201,"03",1,"9320","1810",3,"12",6,"0004000000","0035000000","0004000000","0035000000","0","0","4000000","35000000"
1270089209,"01",2,"7431","1711",3,NA,NA,"0","0001100000","0","0001100000","0","0","0","1100000"
1270049204,"01",1,"2221","8513",1,"8",6,"0009685000","0269220000","0008890930","0106691160","0","0153000000","8890930","259691160"
1270049204,"02",1,"2230","8513",1,"8",6,"0004800000","0060600000","0004530267","0054363204","0","0003000000","4530267","57363204"
1270001103,"01",1,"2320","8021",1,"7",6,"0007464704","0092576448","0006842637","0082111644","0","0003000000","6842637","85111644"
1270001107,"03",1,"4190","7491",3,"8",6,"0000500000","0001000000","0000500000","0001000000","0","0","500000","1000000"
1270001107,"04",1,"4212","6512",3,"8",6,"0000400000","0004800000","0000400000","0004800000","0","0","400000","4800000"
1270125095,"01",1,"2331","8012",1,"4",6,"0006440217","0080282604","0005794909","0069538908","0","0003000000","5794909","72538908"
1270125101,"03",1,"0111","7522",1,"18",4,"0004430488","0056665856","0004045963","0048551556","0","0003500000","4045963","52051556"
1270125101,"04",1,"9314","4521",3,"8",4,"0001200000","0009500000","0001200000","0009500000","0","0","1200000","9500000"
1270037101,"01",1,"9211","0111",3,"8",7,"0001800000","0015000000","0001800000","0015000000","0","0","1800000","15000000"
1270037101,"03",2,"9314","4521",3,NA,NA,"0","0015000000","0","0015000000","0","0","0","15000000"
1270037101,"03",1,"9320","2109",3,"8",6,"0001600000","0003200000","0001600000","0003200000","0","0","1600000","3200000"
1270037102,"01",1,"9314","4521",3,"8",7,"0003300000","0039500000","0003300000","0039500000","0","0","3300000","39500000"
1270037105,"01",1,"7113","1410",3,"10",6,"0002300000","0027600000","0002300000","0027600000","0","0","2300000","27600000"
1270037108,"01",1,"9314","4521",3,"8",7,"0003000000","0036000000","0003000000","0036000000","0","0","3000000","36000000"
1270037108,"02",1,"9211","0111",3,"8",7,"0001800000","0016200000","0001800000","0016200000","0","0","1800000","16200000"
1270037108,"04",1,"9211","0111",3,"8",7,"0001800000","0015000000","0001800000","0015000000","00","0","1800000","15000000"
1270037108,"05",1,"9211","0111",3,"8",7,"0001800000","0012000000","0001800000","0012000000","0","0","1800000","12000000"
1270037108,"07",1,"7133","4540",3,"8",7,"0001500000","0012000000","0001500000","0012000000","00","0","1500000","12000000"
1270041159,"01",1,"4115","7523",1,"8",6,"0004847410","0070368920","0004484943","0053819316","0","0012200000","4484943","66019316"
1270037112,"01",1,"9314","4521",3,"8",7,"0003000000","0027000000","0003000000","0027000000","0","0","3000000","27000000"
1270037112,"02",1,"9211","0111",3,"8",7,"0001500000","0011000000","0001500000","0011000000","00","0","1500000","11000000"
1270037112,"03",1,"7133","4540",3,"8",5,"0001700000","0010200000","0001700000","0010200000","0","0","1700000","10200000"
1270041155,"01",1,"0111","7523",1,"8",6,"0004780000","0061360000","0004415680","0052988160","0","0004000000","4415680","56988160"
1270041162,"01",1,"4115","7523",1,"8",6,"0004775250","0074903000","0004417477","0053009724","0","0017600000","4417477","70609724"
1270041162,"03",1,"2213","7310",1,"8",6,"0002635200","0037122400","0002512224","0030146688","0","0005500000","2512224","35646688"
1270093146,"01",1,"9152","7512",1,"12",6,"0002240000","0026880000","0002240000","0026880000","0","0","2240000","26880000"
1270041159,"03",1,"0112","7523",1,"8",7,"0000500000","0002000000","0000500000","0002000000","0","0","500000","2000000"
1270129172,"01",1,"4190","7511",1,"8",6,"0004527000","0057324000","0004356060","0052272720","0","0003000000","4356060","55272720"
1270093150,"01",1,"8331","0140",3,"8",6,"0004654200","0058850400","0004462400","0053548800","0","0003000000","4462400","56548800"
1270093150,"02",1,"2331","7512",1,"3",3,"0000500000","0004500000","0000500000","0004500000","0","0","500000","4500000"
1270093151,"01",1,"2213","7310",1,"8",6,"0005876400","0073516800","0005545067","0066540804","0","0003000000","5545067","69540804"
1270093155,"01",1,"2331","8012",1,"4",6,"0006150461","0076805532","0005503041","0066036492","0","0003000000","5503041","69036492"
1270129170,"01",1,"1429","8012",1,"4",6,"0007137240","0088646880","0006338888","0076066656","0","0003000000","6338888","79066656"
1270129167,"01",1,"8324","7511",1,"9",6,"0004625000","0059000000","0004437727","0053252724","0","0003500000","4437727","56752724"
1270033111,"01",2,"8322","6022",3,NA,NA,"0","0009000000","0","0006008000","0","0","0","6008000"
1270033111,"01",1,"7126","4521",3,"8",7,"0005000000","0040000000","0005000000","0040000000","0","0","5000000","40000000"
1270033111,"03",1,"9320","1514",3,"8",6,"0003040000","0037432000","0002898134","0030918508","0","0005000000","2898134","35918508"
1270009001,"04",1,"9314","4521",3,"8",7,"0003500000","0030000000","0003500000","0030000000","0","0","3500000","30000000"
1270009006,"01",1,"5220","5050",3,"8",7,"0003040000","0033432000","0002898133","0030918506","0","0001000000","2898133","31918506"
1270033107,"01",1,"8322","7511",1,"8",6,"0005586350","0072036200","0005286352","0063436224","0","0005000000","5286352","68436224"
1270033118,"01",1,"9314","4521",3,"8",7,"0003750000","0035000000","0003750000","0035000000","0","0","3750000","35000000"
1270033118,"03",1,"7212","2892",3,"8",6,"0001500000","0003000000","0001500000","0003000000","0","0","1500000","3000000"
1270033118,"03",2,"5122","4020",3,NA,NA,"0","0027000000","0","0025122240","0","0","0","25122240"
1270033120,"01",1,"9314","4521",3,"8",7,"0004500000","0041000000","0004500000","0041000000","0","0","4500000","41000000"
1270033113,"01",1,"4121","7513",1,"8",6,"0005102530","0076230360","0004678916","0056146992","0","0015000000","4678916","71146992"
1270033113,"04",1,"3429","5129",3,"10",6,"0002635200","0036000000","0002512224","0030146688","0","0004377600","2512224","34524288"
1270009006,"03",1,"9314","4521",3,"8",7,"0003300000","0026400000","0003300000","0026400000","0","0","3300000","26400000"
1270009012,"02",1,"7133","4540",3,"5",4,"0002500000","0002500000","0002500000","0002500000","0","0","2500000","2500000"
1270009012,"02",1,"9211","0124",3,"8",7,"0003040000","0033432000","0002898133","0030918506","0","0001000000","2898133","31918506"
1270009008,"07",1,"7133","4540",3,"10",6,"0003300000","0038000000","0003300000","0038000000","0","0","3300000","38000000"
1270009008,"08",1,"7122","4540",3,"10",6,"0003500000","0040000000","0003500000","0040000000","0","0","3500000","40000000"
1270133066,"01",1,"8324","6023",3,"10",7,"0003500000","0032000000","0003500000","0032000000","0","0","3500000","32000000"
1270133056,"03",1,"4222","8514",3,"8",6,"0001200000","0014400000","0001200000","0014400000","0","0","1200000","14400000"
1270057053,"01",1,"3416","7512",1,"8",6,"0004526820","0057321840","0004191406","0050296872","0","0003000000","4191406","53296872"
1270057053,"03",1,"4190","8031",1,"8",6,"0002635200","0028602000","0002512224","0025122240","0","0002250000","2512224","27372240"
1270073013,"01",1,"8322","5129",3,"9",6,"0003750000","0050000000","0003467667","0041611992","0","0005000000","3467667","46611992"
1270073009,"01",1,"3480","9193",3,"5",7,"0001184464","0014213568","0001061488","0012737856","0","0","1061488","12737856"
1270073009,"03",1,"5220","5232",3,"5",6,"0000400000","0000400000","0000400000","0000400000","0","0","400000","400000"
1270073010,"01",2,"9314","4521",3,NA,NA,"0","0018000000","0","0018000000","0","0","0","18000000"
1270013194,"04",1,"9314","4521",3,"8",7,"0003000000","0027000000","0003000000","0027000000","0","0","3000000","27000000"
1270013205,"01",1,"9314","4521",3,"8",7,"0003600000","0039600000","0003600000","0039600000","0","0","3600000","39600000"
1270013205,"03",1,"9314","4521",3,"8",7,"0002800000","0025000000","0002800000","0025000000","0","0","2800000","25000000"
1270005167,"04",1,"7411","1515",3,"8",6,"0001500000","0009000000","0001500000","0009000000","0","0","1500000","9000000"
1270045002,"01",1,"7126","4521",3,"8",7,"0005100000","0061000000","0005100000","0061000000","0","0","5100000","61000000"
1270045007,"01",2,"9314","4521",3,NA,NA,"0","0019000000","0","0019000000","0","0","0","19000000"
1270045007,"02",1,"9211","0111",3,"8",7,"0003000000","0021000000","0003000000","0021000000","0","0","3000000","21000000"
1270045007,"04",1,"9314","4540",3,"8",3,"0001500000","0009000000","0001500000","0009000000","0","0","1500000","9000000"
1270045012,"02",1,"9211","0111",3,"8",7,"0003000000","0018000000","0003000000","0018000000","0","0","3000000","18000000"
1270045012,"03",1,"7241","3150",3,"10",6,"0000500000","0006000000","0000500000","0006000000","0","0","500000","6000000"
1270045014,"01",1,"9314","4521",3,"8",7,"0004000000","0036000000","0004000000","0036000000","0","0","4000000","36000000"
1270057049,"04",1,"0112","7522",1,"9",7,"0000410000","0004920000","0000410000","0004920000","0","0","410000","4920000"
1270057054,"01",2,"8322","7513",3,NA,NA,"0","0028000000","0","0023262144","0","0004000000","0","27262144"
1270057054,"02",1,"2331","8012",3,"4",6,"0002635200","0024516800","0002512224","0022610016","0","0000800000","2512224","23410016"
1270081113,"01",1,"5220","5232",3,"4",6,"0002500000","0030000000","0002500000","0030000000","0","0","2500000","30000000"
1270081116,"01",1,"2331","8012",1,"4",6,"0006543850","0084226200","0005872985","0070475820","0","0005700000","5872985","76175820"
1270081121,"01",1,"4134","5156",3,"10",6,"0009238650","0117863800","0008400048","0100800576","0","0007000000","8400048","107800576"
1270065061,"01",1,"2310","8031",3,"2",5,"0002000000","0024000000","0002000000","0024000000","0","0","2000000","24000000"
1270065061,"01",1,"2320","8090",3,"6",6,"0008000000","0096000000","0008000000","0096000000","0","0","8000000","96000000"
1270065061,"01",1,"2320","8021",1,"6",4,"0008206567","0101478804","0007286000","0087432000","0","0003000000","7286000","90432000"
1270065061,"02",2,"1427","2423",3,NA,NA,"0","0012000000","0","0012000000","0","0","0","12000000"
1270085007,"01",2,"9333","9305",3,NA,NA,"0","0015000000","0","0015000000","0","0","0","15000000"
1270085007,"01",1,"8322","5129",3,"8",3,"0","0","0","0","0","0","0","0"
1270085005,"04",1,"7231","5020",3,"9",6,"0000400000","0004800000","0000400000","0004800000","0","0","400000","4800000"
1270085003,"01",1,"2412","7513",1,"8",6,"0006800000","0084600000","0006190000","0074280000","0","0003000000","6190000","77280000"
1270069198,"01",1,"3115","2696",3,"10",7,"0006000000","0077000000","0005682667","0068192004","0","0005000000","5682667","73192004"
1270077102,"01",1,"1427","4100",1,"9",6,"0007500000","0093000000","0006776000","0081312000","0","0003000000","6776000","84312000"
1270077102,"03",1,"3111","7421",3,"9",6,"0002300000","0019900000","0002300000","0018400000","0","0001500000","2300000","19900000"
1270077107,"01",1,"8322","7513",1,"9",6,"0005012467","0066149604","0004825800","0057909600","0","0006000000","4825800","63909600"
1270133061,"02",1,"1429","8021",1,"6",6,"0006740000","0083880000","0005483587","0065803044","0000600000","0010200000","6083587","76003044"
1270065058,"01",1,"8322","7513",1,"8",6,"0004289400","0056472800","0004126935","0049523220","0","0005000000","4126935","54523220"
1270069195,"04",1,"4115","3430",3,"9",6,"0003212800","0043553600","0003070934","0031822818","0","0005000000","3070934","36822818"
1270050236,"01",2,"9152","4521",3,NA,NA,"0","0025000000","0","0025000000","0","0","0","25000000"
1270050239,"01",1,"9314","4521",3,"8",7,"0003750000","0032000000","0003750000","0032000000","0","0","3750000","32000000"
1270050239,"02",1,"9131","7493",3,"8",7,"0002500000","0030000000","0002500000","0030000000","0","0","2500000","30000000"
1270050246,"01",1,"0111","7522",1,"8",6,"0005462350","0068548200","0005029238","0060350856","0","0003000000","5029238","63350856"
1270002202,"01",1,"9152","6421",1,"12",4,"0004536250","0057435000","0004366558","0052398696","0","0003000000","4366558","55398696"
1270002205,"01",1,"9314","4521",3,"8",7,"0002500000","0020000000","0002500000","0020000000","0","0","2500000","20000000"
1270038175,"02",1,"9211","0111",3,"8",7,"0003500000","0022000000","0003500000","0022000000","0","0","3500000","22000000"
1270090236,"03",1,"9320","1515",3,"5",6,"0001300000","0003900000","0001300000","0003900000","0","0","1300000","3900000"
1270090244,"01",1,"9314","4521",3,"8",4,"0001240000","0014100000","0001240000","0014100000","0","0","1240000","14100000"
1270090247,"01",1,"3421","5238",3,"6",7,"0003000000","0036000000","0003000000","0036000000","0","0","3000000","36000000"
1270090249,"01",1,"9333","0140",3,"8",5,"0002200000","0025000000","0002200000","0025000000","0","0","2200000","25000000"
1270074060,"01",1,"1410","7513",1,"8",6,"0007683260","0095199120","0006820608","0081847296","0","0003000000","6820608","84847296"
1270074069,"05",1,"0112","7522",1,"10",7,"0000350000","0004200000","0000350000","0004200000","0","0","350000","4200000"
1270110106,"01",1,"9211","0111",3,"8",7,"0003000000","0036000000","0003000000","0036000000","0","0","3000000","36000000"
1270110113,"01",1,"9333","9305",3,"8",2,"0000500000","0006900000","0000500000","0006900000","0","0","500000","6900000"
1270110113,"03",2,"7418","1546",3,NA,NA,"0","0017500000","0","0017500000","0","0","0","17500000"
1270110113,"03",1,"9152","6302",3,"12",7,"0001500000","0003000000","0001500000","0003000000","0","0","1500000","3000000"
1270118154,"01",2,"9211","0111",3,NA,NA,"0","0006000000","0","0006000000","0","0","0","6000000"
1270118154,"02",2,"9211","0111",3,NA,NA,"0","0001800000","0","0001800000","0","0","0","1800000"
1270118158,"02",2,"9320","3699",3,NA,NA,"0","0024000000","0","0024000000","0","0","0","24000000"
1270118162,"01",2,"9314","4521",3,NA,NA,"0","0008000000","0","0008000000","0","0","0","8000000"
1270118162,"02",2,"9211","0111",3,NA,NA,"0","0001500000","0","0001500000","0","0","0","1500000"
1270118168,"05",2,"9314","4521",3,NA,NA,"0","0018000000","0","0018000000","0","0","0","18000000"
1270042247,"01",1,"0111","7522",1,"8",6,"0006528520","0081342240","0006021953","0072263436","0","0003000000","6021953","75263436"
1270042247,"03",1,"7142","5020",3,"10",6,"0001600000","0019200000","0001600000","0019200000","0","0","1600000","19200000"
1270042247,"06",2,"7212","2892",3,NA,NA,"0","0003600000","0","0003600000","0","0","0","3600000"
1270042260,"01",1,"6113","7511",1,"8",6,"0003584650","0048815800","0003447700","0041372400","0","0005800000","3447700","47172400"
1270126002,"01",1,"1429","8021",1,"6",3,"0007137240","0088646880","0006338888","0076066656","0","0003000000","6338888","79066656"
1270126002,"04",2,"5123","5521",3,NA,NA,"0","0008000000","0","0008000000","0","0","0","8000000"
1270126002,"04",1,"9320","1520",3,"8",6,"0","0","0","0","0","0","0","0"
1270126002,"05",1,"7133","4540",3,"8",4,"0001150000","0014000000","0001150000","0014000000","0","0","1150000","14000000"
1270126002,"06",2,"5122","5521",3,NA,NA,"0","0008000000","0","0008000000","0","0","0","8000000"
1270126004,"01",1,"2351","7512",1,"8",6,"0007860273","0098823276","0006970928","0083651136","0","0004500000","6970928","88151136"
1270126008,"01",1,"3211","8513",1,"8",6,"0004438500","0056262000","0004265810","0051189720","0","0003000000","4265810","54189720"
1270126011,"01",1,"7136","4100",3,"8",6,"0002000000","0024000000","0002000000","0024000000","0","0","2000000","24000000"
1270126015,"01",1,"8324","7511",1,"9",6,"0004387000","0055644000","0004210833","0050529996","0","0003000000","4210833","53529996"
1270126015,"03",1,"9314","4521",3,"8",2,"0000680000","0008000000","0000680000","0008000000","0","0","680000","8000000"
1270106212,"03",1,"3412","8532",1,"8",6,"0002635200","0034622400","0002512224","0030146688","0","0003000000","2512224","33146688"
1270106212,"05",2,"3222","0126",3,NA,NA,"0","0015000000","0","0015000000","0","0","0","15000000"
1270078163,"03",1,"3211","8515",3,"10",6,"0003040000","0039646400","0002898134","0032076238","0","0006000000","2898134","38076238"
1270078168,"01",2,"4121","4522",3,NA,NA,"0","0041292000","0","0033354776","0","0006200000","0","39554776"
1270078168,"02",1,"2451","8031",3,"8",6,"0004583460","0058001520","0004335219","0052022628","0","0003000000","4335219","55022628"
1270014006,"01",1,"1410","7513",1,"10",6,"0009256320","0117575840","0008056786","0096681432","0","0006500000","8056786","103181432"
1270014007,"01",1,"8324","6023",3,"10",4,"0005600000","0067500000","0005600000","0067500000","0","0","5600000","67500000"
1270014015,"01",2,"9314","4521",3,NA,NA,"0","0027000000","0","0027000000","0","0","0","27000000"
1270014015,"01",1,"7436","0140",3,"10",7,"0002600000","0002600000","0002600000","0002600000","0","0","2600000","2600000"
1270134104,"01",1,"8333","0201",3,"9",6,"0003974500","0050694000","0003833665","0046003980","0","0003000000","3833665","49003980"
1270134104,"03",2,"0112","7522",1,NA,NA,"0","0002913333","0","0002913333","0","0","0","2913333"
1270134104,"03",1,"7133","4540",3,"8",4,"0000700000","0000700000","0000700000","0000700000","0","0","700000","700000"
1270134108,"01",1,"9314","4521",3,"8",4,"0001300000","0017400000","0001300000","0017400000","0","0","1300000","17400000"
1270134108,"04",2,"0112","7522",1,NA,NA,"0","0003703333","0","0003703333","0","0","0","3703333"
1270134112,"05",1,"7218","3610",3,"8",6,"0001500000","0018000000","0001500000","0018000000","0","0","1500000","18000000"
1270010103,"01",1,"8324","7511",1,"9",6,"0005000000","0065000000","0004806987","0057683844","0","0005000000","4806987","62683844"
1270010108,"01",1,"3231","8517",1,"8",6,"0004057490","0051689880","0003728496","0044741952","0","0003000000","3728496","47741952"
1270010108,"02",1,"2331","8012",1,"6",6,"0005022000","0063264000","0004512987","0054155844","0","0003000000","4512987","57155844"
1270114050,"01",1,"1429","8021",1,"6",6,"0007137240","0088646880","0006338888","0076066656","0","0003000000","6338888","79066656"
1270114053,"02",1,"2213","7513",1,"8",6,"0002635200","0034622400","0002512224","0030146688","0","0003000000","2512224","33146688"
1270114056,"01",1,"9141","8012",1,"5",6,"0006150461","0076805532","0005420025","0065040300","0","0003000000","5420025","68040300"
1270114056,"03",2,"0112","7522",1,NA,NA,"0","0002800000","0","0002800000","0","0","0","2800000"
1270070285,"01",1,"1429","8515",3,"12",6,"0006000000","0072000000","0006000000","0072000000","0","0","6000000","72000000"
1270070288,"02",1,"2320","8012",3,"4",6,"0","0","0","0","0","0","0","0"
1270070296,"01",2,"8324","6023",3,NA,NA,"0","0035000000","0","0035000000","0","0","0","35000000"
1270070296,"03",1,"4113","6304",3,"10",6,"0001000000","0004000000","0001000000","0004000000","0","0","1000000","4000000"
1270114046,"04",1,"2411","1548",3,"8",6,"0002635200","0034622400","0002512224","0030146688","0","0003000000","2512224","33146688"
1270082055,"01",1,"1142","7513",1,"8",6,"0006852465","0090729580","0006384369","0076612428","0","0008500000","6384369","85112428"
1270082055,"02",1,"3221","8513",1,"8",6,"0007463852","0093066224","0006803419","0081641028","0","0003500000","6803419","85141028"
1270082057,"04",2,"5220","4521",3,NA,NA,"0","0015811200","0","0015073344","0","0","0","15073344"
1270082059,"01",1,"2490","6512",1,"10",6,"0008653635","0122943620","0007469574","0089634888","0","0019100000","7469574","108734888"
1270082062,"01",1,"5220","5050",3,"8",7,"0004226580","0056718960","0004067606","0048811272","0","0006000000","4067606","54811272"
1270082066,"01",1,"2142","4020",1,"10",6,"0011865274","0153883288","0010498697","0125984364","0","0011500000","10498697","137484364"
1270082066,"02",1,"2320","8021",1,"6",6,"0005263450","0066661400","0004693361","0056320332","0","0003500000","4693361","59820332"
1270058048,"01",1,"2320","8021",3,"6",6,"0005000000","0045000000","0005000000","0045000000","0","0","5000000","45000000"
1270058050,"01",1,"2331","8012",1,"4",6,"0006457250","0083787000","0005770539","0069246468","0","0006300000","5770539","75546468"
1270058053,"01",1,"2455","9213",1,"8",6,"0002200000","0026400000","0002200000","0026400000","0","0","2200000","26400000"
1270006197,"03",1,"9314","4521",3,"8",3,"0001500000","0012000000","0001500000","0012000000","0","0","1500000","12000000"
1270006199,"01",1,"7126","4521",3,"8",7,"0004500000","0054000000","0004500000","0054000000","0","0","4500000","54000000"
1270006203,"01",1,"6155","0501",2,"1",1,"0","0036000000","0","0036000000","0","0","0","36000000"
1270006203,"01",1,"9314","4521",3,"8",7,"0002700000","0016500000","0002700000","0016500000","0","0","2700000","16500000"
1270034114,"01",1,"9314","4521",3,"8",3,"0001500000","0012000000","0001500000","0012000000","0","0","1500000","12000000"
1270030002,"03",1,"3229","8531",3,"7",6,"0002500000","0030000000","0002500000","0030000000","0","0","2500000","30000000"
1270030005,"01",1,"6111","0111",3,"12",7,"0001200000","0004800000","0001200000","0004800000","0","0","1200000","4800000"
1270030005,"03",1,"9211","0111",3,"7",4,"0001200000","0010000000","0001200000","0010000000","0","0","1200000","10000000"
1270030005,"03",1,"9132","5040",3,"10",6,"0000200000","0002000000","0000200000","0002000000","0","0","200000","2000000"
1270054012,"03",1,"2411","6603",3,"8",6,"0003200000","0041400000","0003060000","0036720000","0","0003000000","3060000","39720000"
1270122003,"01",1,"2221","8513",1,"8",6,"0010000000","0123000000","0009052000","0108624000","0","0003000000","9052000","111624000"
1270122003,"02",1,"2221","8513",1,"8",6,"0010000000","0123000000","0009125333","0109503996","0","0003000000","9125333","112503996"
1270102115,"01",1,"7414","1520",3,"8",6,"0003357530","0048205420","0003215663","0038739084","0","0007915060","3215663","46654144"
1270102119,"03",1,"1427","2899",3,"8",6,"0003252800","0042533600","0003110934","0037482328","0","0003500000","3110934","40982328"
1270138165,"01",1,"3432","7523",1,"8",6,"0","0","0","0","0","0","0","0"
1270018047,"01",1,"8332","4522",3,"10",6,"0003000000","0036000000","0003000000","0036000000","0","0","3000000","36000000"
1270018053,"03",1,"9314","4540",3,"10",6,"0001700000","0011500000","0001700000","0011500000","0","0","1700000","11500000"
1270018060,"01",1,"8322","6022",3,"12",6,"0001800000","0019800000","0001800000","0019800000","0","0","1800000","19800000"
1270138171,"01",1,"9160","7511",1,"8",6,"0004508953","0046785948","0004332601","0041596735","0","0003500000","4332601","45096735"
1270022114,"01",1,"5130","9500",3,"8",6,"0","0","0","0","0","0","0","0"
1270130229,"01",1,"8322","6023",3,"10",6,"0002500000","0033000000","0002500000","0033000000","0","0","2500000","33000000"
1270130229,"03",1,"9314","4540",3,"12",6,"0002200000","0021600000","0002200000","0021600000","0","0","2200000","21600000"
1270086007,"01",1,"5130","9500",3,"10",7,"0000600000","0007200000","0000600000","0007200000","0","0","600000","7200000"
1270086010,"01",1,"8113","4523",3,"6",4,"0002500000","0018640000","0002500000","0018640000","0","0","2500000","18640000"
1270086010,"04",1,"9211","0111",3,"8",5,"0001300000","0006500000","0001300000","0006500000","0","0","1300000","6500000"
1270022119,"01",1,"9333","2021",3,"10",6,"0004050000","0054600000","0003757200","0045844752","0","0006000000","3757200","51844752"
1270130233,"01",1,"7111","1010",3,"10",7,"0003800000","0052600000","0003655660","0043867920","0","0007000000","3655660","50867920"
1270094158,"01",1,"4141","7513",1,"8",6,"0005190149","0060742956","0004781688","0053249661","0","0003200000","4781688","56449661"
1270094162,"01",1,"2351","7512",1,"8",6,"0005116299","0061097896","0004744212","0053019645","0","0004000000","4744212","57019645"
1270094156,"01",1,"4222","8511",3,"8",7,"0003500000","0048000000","0003500000","0042000000","0","0006000000","3500000","48000000"
1270142108,"03",1,"7221","2811",3,"8",7,"0003650000","0044000000","0003650000","0044000000","0","0","3650000","44000000"
1270142111,"01",1,"9333","3120",3,"8",6,"0002400000","0029200000","0002400000","0029200000","0","0","2400000","29200000"
1270098061,"01",1,"9314","4521",3,"8",6,"0002500000","0020000000","0002500000","0020000000","0","0","2500000","20000000"
1270098061,"03",2,"7417","1545",3,NA,NA,"0","0004000000","0","0004000000","0","0","0","4000000"
1270046002,"01",1,"9314","4521",3,"8",6,"0003200000","0022800000","0003200000","0022800000","0","0","3200000","22800000"
1270046004,"01",1,"8322","6023",3,"10",6,"0002200000","0023600000","0002200000","0023600000","0","0","2200000","23600000"
1270046008,"01",1,"9314","4521",3,"8",6,"0003200000","0034700000","0003200000","0034700000","0","0","3200000","34700000"
1270122015,"04",1,"3435","5050",3,"5",6,"0002500000","0030000000","0002500000","0030000000","0","0","2500000","30000000"
1270122010,"06",1,"4211","6513",3,"9",6,"0004000000","0053000000","0003822667","0045872004","0","0005000000","3822667","50872004"
1270062001,"01",1,"7136","4100",3,"9",6,"0015000000","0185000000","0013480000","0161760000","0","0005000000","13480000","166760000"
1270062014,"01",1,"4134","6309",1,"9",6,"0005516740","0071200880","0005243407","0062920884","0","0005000000","5243407","67920884"
1270062014,"04",1,"0111","7522",1,"10",7,"0","0","0","0","0","0","0","0"
1270062009,"01",1,"9314","4521",3,"8",4,"0001800000","0020000000","0001800000","0020000000","0","0","1800000","20000000"
1270062009,"02",1,"5123","8011",3,"7",6,"0002000000","0024000000","0002000000","0024000000","0","0","2000000","24000000"
1270062009,"03",1,"9314","4540",3,"8",4,"0001000000","0008000000","0001000000","0008000000","0","0","1000000","8000000"
1270098065,"02",1,"2320","8021",1,"6",6,"0004555646","0050787608","0004139160","0043056576","0","0003500000","4139160","46556576"
1270066162,"01",1,"9314","4521",3,"8",2,"0000960000","0014000000","0000960000","0014000000","0","0","960000","14000000"
1270066164,"01",1,"8324","6023",3,"10",6,"0004500000","0054000000","0004500000","0054000000","0","0","4500000","54000000"
1270066167,"01",1,"5220","5234",3,"10",6,"0001500000","0018000000","0001500000","0018000000","0","0","1500000","18000000"
1270066170,"01",1,"9314","4521",3,"8",3,"0001200000","0015000000","0001200000","0015000000","0","0","1200000","15000000"
1270066174,"01",1,"4142","7511",1,"9",6,"0004500000","0057000000","0004332000","0051984000","0","0003000000","4332000","54984000"
1270054002,"01",1,"1427","6512",1,"10",6,"0006056745","0075680940","0005297745","0063572940","0","0003000000","5297745","66572940"
1270054005,"01",1,"2144","6421",1,"9",6,"0008014567","0099174804","0007433234","0089198808","0","0003000000","7433234","92198808"
1270083006,"01",1,"2429","6512",1,"8",6,"0008357650","0123791800","0007344063","0088128756","0","0023500000","7344063","111628756"
1270103007,"01",1,"8322","7512",1,"8",6,"0003368500","0043422000","0003238306","0038859672","0","0003000000","3238306","41859672"
1270083009,"01",1,"2230","8511",3,"8",6,"0006485350","0083824200","0006090166","0073081992","0","0006000000","6090166","79081992"
1270055218,"01",1,"1425","7523",1,"10",6,"0003000000","0025000000","0003000000","0025000000","0","0","3000000","25000000"
1270055218,"03",1,"4212","6513",3,"8",6,"0003040000","0038265600","0002898134","0033619878","0","0003000000","2898134","36619878"
1270031206,"01",1,"2320","8021",1,"6",6,"0007126450","0089017400","0006337291","0076047492","0","0003500000","6337291","79547492"
1270091109,"01",1,"7221","2811",3,"8",6,"0004869500","0061434000","0004684738","0056216856","0","0003000000","4684738","59216856"
1270091112,"01",1,"5220","5234",3,"2",5,"0001200000","0015000000","0001200000","0015000000","0","0","1200000","15000000"
1270091112,"01",1,"7135","5234",3,"5",6,"0001200000","0015000000","0001200000","0015000000","0","0","1200000","15000000"
1270091115,"01",1,"8322","4100",1,"8",6,"0004487520","0056850240","0004308823","0051705876","0","0003000000","4308823","54705876"
1270091115,"03",1,"9152","4100",1,"12",6,"0002635200","0034622400","0002512224","0030146688","0","0003000000","2512224","33146688"
1270031208,"01",1,"5220","5222",3,"10",6,"0003040000","0039480000","0002898134","0034777608","0","0003000000","2898134","37777608"
1270031219,"01",1,"9320","1514",3,"8",6,"0003690000","0049430000","0003548134","0042598138","0","0005150000","3548134","47748138"
1270091105,"01",2,"8322","6023",3,NA,NA,"0","0010500000","0","0010500000","0","0","0","10500000"
1270003111,"01",1,"7126","4521",3,"8",7,"0005000000","0060000000","0005000000","0060000000","0","0","5000000","60000000"
1270003111,"03",1,"9314","4521",3,"8",7,"0003000000","0027000000","0003000000","0027000000","0","0","3000000","27000000"
1270003111,"04",1,"9314","4521",3,"8",7,"0002600000","0023500000","0002600000","0023500000","0","0","2600000","23500000"
1270003113,"01",1,"8322","8031",1,"10",6,"0005263640","0066663680","0004999239","0059990868","0","0003500000","4999239","63490868"
1270003120,"01",1,"7123","1410",3,"8",6,"0003040000","0024500000","0002898134","0020286938","0","0003220000","2898134","23506938"
1270075150,"01",1,"3449","7511",1,"8",6,"0005583450","0069321344","0005314678","0061423859","0","0005000000","5314678","66423859"
1270075150,"03",1,"3231","8513",1,"8",6,"0003040000","0039480000","0003040000","0036480000","0","0003000000","3040000","39480000"
1270075150,"04",1,"8155","4020",3,"8",4,"0001600000","0019200000","0001600000","0019200000","0","0","1600000","19200000"
1270075153,"01",1,"2429","4100",1,"8",6,"0006583650","0091211976","0006154982","0071044892","0","0015500000","6154982","86544892"
1270075154,"01",1,"3475","9241",3,"4",4,"0004000000","0048000000","0004000000","0048000000","0","0","4000000","48000000"
1270075154,"01",1,"4190","0501",1,"8",6,"0004836250","0071516876","0004646492","0053448892","0","0015900000","4646492","69348892"
1270075157,"02",1,"5220","5232",3,"10",6,"0001500000","0019000000","0001500000","0018000000","0","0001000000","1500000","19000000"
1270031206,"02",1,"2320","8021",1,"6",6,"0005973420","0075181040","0005268437","0063221244","0","0003500000","5268437","66721244"
1270043060,"01",1,"2331","8012",1,"4",6,"0007483620","0093303440","0006630399","0079564788","0","0003500000","6630399","83064788"
1270043060,"03",1,"3429","5129",3,"8",6,"0002000000","0002000000","0002000000","0002000000","0","0","2000000","2000000"
1270043063,"01",1,"4223","0501",1,"8",6,"0005453680","0070444160","0005202473","0062429676","0","0005000000","5202473","67429676"
1270039003,"02",1,"5220","5125",3,"10",6,"0001000000","0012000000","0001000000","0012000000","0","0","1000000","12000000"
1270039004,"01",1,"4190","8012",3,"4",6,"0001600000","0014400000","0001600000","0014400000","0","0","1600000","14400000"
1270039004,"01",1,"1429","8021",1,"6",6,"0006823520","0085382240","0006067218","0072806616","0","0003500000","6067218","76306616"
1270039010,"01",1,"0111","7522",1,"8",6,"0006537450","0081949400","0005841201","0070094412","0","0003500000","5841201","73594412"
1270039010,"03",1,"9112","5259",3,"8",6,"0003000000","0027000000","0003000000","0027000000","0","0","3000000","27000000"
1270051004,"01",1,"9152","4521",3,"12",6,"0001500000","0003000000","0001500000","0003000000","0","0","1500000","3000000"
1270051004,"02",2,"5130","9500",3,NA,NA,"0","0005000000","0","0005000000","0","0","0","5000000"
1270051004,"03",1,"0112","7523",1,"10",7,"0000400000","0004000000","0000400000","0004000000","0","0","400000","4000000"
1270035061,"03",1,"8141","2010",3,"8",6,"0003040000","0039360800","0002898134","0033233968","0","0004500000","2898134","37733968"
1270011174,"01",1,"1429","8021",1,"4",6,"0006526280","0081815360","0005858754","0070305048","0","0003500000","5858754","73805048"
1270011177,"01",1,"7136","4531",3,"8",6,"0003150000","0028900000","0003150000","0028900000","0","0","3150000","28900000"
1270011166,"01",1,"8322","6023",3,"10",4,"0003500000","0042000000","0003103333","0037239996","0","0","3103333","37239996"
1270055229,"01",1,"9314","4521",3,"8",7,"0003750000","0035000000","0003750000","0035000000","0","0","3750000","35000000"
1270015007,"01",1,"9314","4521",3,"8",6,"0003000000","0028000000","0003000000","0028000000","0","0","3000000","28000000"
1270123101,"01",2,"9314","4521",3,NA,NA,"0","0005000000","0","0005000000","0","0","0","5000000"
1270123102,"01",1,"9314","4521",3,"8",4,"0001500000","0018000000","0001500000","0018000000","0","0","1500000","18000000"
1270123107,"03",1,"7132","4540",3,"8",3,"0000500000","0001000000","0000500000","0001000000","0","0","500000","1000000"
1270123109,"03",1,"7417","1545",3,"7",6,"0002100000","0027200000","0002100000","0025200000","0","0002000000","2100000","27200000"
1270123111,"01",2,"7141","4540",3,NA,NA,"0","0003000000","0","0003000000","0","0","0","3000000"
1270047191,"02",1,"9151","5521",3,"10",6,"0","0","0","0","0","0","0","0"
1270047191,"02",2,"9333","5126",3,NA,NA,"0002000000","0022000000","0002000000","0022000000","0","0","2000000","22000000"
1270047196,"01",2,"7132","4540",3,NA,NA,"0","0012000000","0","0012000000","0","0","0","12000000"
1270047196,"05",1,"7132","4540",3,"10",2,"0000700000","0008000000","0000700000","0008000000","0","0","700000","8000000"
1270095060,"01",1,"9333","9305",3,"5",6,"0000450000","0005500000","0000450000","0005500000","0","0","450000","5500000"
1270095060,"03",2,"4113","6422",3,NA,NA,"0","0002000000","0","0002000000","0","0","0","2000000"
1270095066,"01",2,"9314","4521",3,NA,NA,"0","0006000000","0","0006000000","0","0","0","6000000"
1270095066,"02",2,"3475","9241",3,NA,NA,"0","0003000000","0","0003000000","0","0","0","3000000"
1270095070,"01",1,"3421","5040",3,"5",7,"0003500000","0042000000","0003500000","0042000000","0","0","3500000","42000000"
1270035054,"03",1,"3416","8513",1,"8",6,"0003040000","0039860800","0002898134","0033233968","0","0005000000","2898134","38233968"
1270035061,"05",1,"3429","5110",3,"8",6,"0003500000","0042000000","0003500000","0042000000","0","0","3500000","42000000"
1270059148,"01",1,"2146","1110",1,"10",6,"0009000000","0111500000","0008086667","0097040004","0","0003500000","8086667","100540004"
1270087066,"01",1,"6113","7491",3,"8",7,"0003400000","0043800000","0003267747","0039212964","0","0003000000","3267747","42212964"
1270135307,"01",1,"9314","4521",3,"8",5,"0002400000","0030000000","0002400000","0030000000","0","0","2400000","30000000"
1270059145,"01",1,"2429","4010",1,"9",6,"0006045543","0076046516","0005474455","0065693460","0","0003500000","5474455","69193460"
1270027118,"01",1,"1427","6513",3,"10",6,"0007200000","0089900000","0006663580","0079962960","0","0003500000","6663580","83462960"
1270027115,"01",2,"8324","6023",3,NA,NA,"0","0023500000","0","0023500000","0","0","0","23500000"
1270027115,"02",1,"2230","8511",3,"8",6,"0003030000","0038750000","0002892660","0034711920","0","0003000000","2892660","37711920"
1270087065,"01",1,"4190","7491",3,"10",6,"0003800000","0049600000","0003658133","0043897596","0","0004000000","3658133","47897596"
1270131003,"01",1,"5220","5129",3,"8",6,"0003500000","0048000000","0003500000","0048000000","0","0","3500000","48000000"
1270131005,"01",1,"2320","8021",1,"4",6,"0005625000","0067625000","0005135557","0058856599","0","0003500000","5135557","62356599"
1270131012,"01",1,"9314","4521",3,"8",6,"0002500000","0030000000","0002500000","0030000000","0","0","2500000","30000000"
1270127064,"01",1,"3435","8532",1,"8",6,"0004049476","0050551607","0003906327","0044434686","0","0004500000","3906327","48934686"
1270019153,"01",1,"9314","4521",3,"8",6,"0003200000","0023700000","0003200000","0023700000","0","0","3200000","23700000"
1270019145,"01",1,"8324","6023",3,"12",7,"0003500000","0048000000","0003500000","0042000000","0","0006000000","3500000","48000000"
1270067219,"01",1,"5122","5521",3,"12",6,"0003400000","0043800000","0003400000","0040800000","0","0003000000","3400000","43800000"
1270067222,"01",1,"9314","4521",3,"8",4,"0001900000","0021500000","0001900000","0021500000","0","0","1900000","21500000"
1270067213,"01",1,"4134","5521",3,"12",7,"0003500000","0048000000","0003500000","0045000000","0","0003000000","3500000","48000000"
1270063101,"04",1,"7218","5020",3,"12",6,"0001500000","0024000000","0001500000","0021000000","0","0003000000","1500000","24000000"
1270063114,"01",1,"9314","4521",3,"8",6,"0002450000","0023600000","0002450000","0023600000","0","0","2450000","23600000"
1270007010,"06",1,"9314","4521",3,"8",4,"0001000000","0009000000","0001000000","0009000000","0","0","1000000","9000000"
1270007003,"03",1,"9314","4521",3,"8",4,"0001500000","0012000000","0001500000","0012000000","0","0","1500000","12000000"
1270071195,"01",1,"7233","1531",3,"10",6,"0005000000","0065000000","0004804000","0057648000","0","0005000000","4804000","62648000"
1270071193,"01",1,"7224","2892",3,"9",6,"0004000000","0052000000","0003836667","0046040004","0","0004000000","3836667","50040004"
1270071201,"01",1,"2320","8021",1,"6",6,"0005026745","0063320940","0004635912","0055630944","0","0003000000","4635912","58630944"
1270071198,"01",1,"5130","9500",3,"10",6,"0001200000","0015000000","0001200000","0015000000","0","0","1200000","15000000"
1270071190,"01",1,"4212","6512",1,"10",6,"0008000000","0099500000","0007086000","0085032000","0","0003500000","7086000","88532000"
1270111195,"01",1,"9141","8012",3,"6",6,"0002212800","0026702404","0002070933","0024851196","0","0001000000","2070933","25851196"
1270111195,"02",1,"9141","8012",1,"5",6,"0004165063","0052980756","0003801727","0045620724","0","0003000000","3801727","48620724"
1270111189,"01",1,"3439","8532",1,"8",6,"0007216963","0086473380","0006426946","0073608312","0","0004200000","6426946","77808312"
1270111189,"02",1,"2331","8012",1,"4",6,"0005613244","0068389100","0004987714","0057844408","0","0003500000","4987714","61344408"
1270111185,"01",1,"5123","7491",3,"8",6,"0003050000","0041440800","0002907667","0033310232","0","0006500000","2907667","39810232"
1270111181,"01",1,"2490","7513",1,"8",6,"0006521228","0078924548","0005863401","0067817764","0","0003800000","5863401","71617764"
1270111181,"03",1,"2142","8031",3,"8",6,"0005016330","0064695960","0004787322","0057447864","0","0004500000","4787322","61947864"
1270111190,"02",1,"2411","7511",1,"8",6,"0003040000","0037860800","0002898133","0033233960","0","0003000000","2898133","36233960"
1270119179,"01",1,"9211","0126",3,"10",7,"0004300000","0056600000","0004127893","0049534716","0","0005000000","4127893","54534716"
1270119177,"01",1,"7417","1545",3,"8",6,"0002550067","0032600804","0002408200","0028898400","0","0002000000","2408200","30898400"
1270099170,"01",1,"9314","4521",3,"8",2,"0001000000","0011500000","0001000000","0011500000","0","0","1000000","11500000"
1270099161,"01",1,"7126","4521",3,"8",6,"0004000000","0038000000","0004000000","0038000000","0","0","4000000","38000000"
1270099161,"03",1,"9314","4521",3,"8",2,"0000960000","0011000000","0000960000","0011000000","0","0","960000","11000000"
1270139168,"02",1,"2331","8012",1,"6",6,"0005837000","0073044000","0005300057","0063600684","0","0003000000","5300057","66600684"
1270139172,"01",1,"8323","6021",3,"10",6,"0003500000","0042000000","0003500000","0042000000","0","0","3500000","42000000"
1270115208,"01",1,"9131","9500",3,"8",1,"0000300000","0003600000","0000300000","0003600000","0","0","300000","3600000"
1270115203,"01",2,"9211","0111",3,NA,NA,"0","0004000000","0","0004000000","0","0","0","4000000"
1270115205,"01",1,"9211","0111",3,"8",5,"0001400000","0018000000","0001400000","0018000000","0","0","1400000","18000000"
1270115205,"02",1,"9211","0111",3,"8",3,"0000600000","0004200000","0000600000","0004200000","0","0","600000","4200000"
1270115205,"03",1,"9211","0111",3,"8",2,"0000360000","0004500000","0000360000","0004500000","0","0","360000","4500000"
1270115214,"01",1,"9314","4521",3,"8",3,"0001100000","0024500000","0001100000","0024500000","0","0","1100000","24500000"
1270107170,"03",1,"4113","7523",3,"8",6,"0001712800","0020468592","0001570933","0018822861","0","0","1570933","18822861"
1270087060,"01",1,"4134","6309",3,"12",6,"0001500000","0018000000","0001500000","0018000000","0","0","1500000","18000000"
1270087069,"01",1,"9314","4521",3,"8",4,"0001900000","0024000000","0001900000","0024000000","0","0","1900000","24000000"
1270087069,"02",2,"9211","0111",3,NA,NA,"0","0003500000","0","0003500000","0","0","0","3500000"
1270059136,"03",1,"2490","7513",1,"8",6,"0004000000","0036000000","0003836667","0034530003","0","0","3836667","34530003"
1270059136,"04",2,"4115","0112",3,NA,NA,"0","0012000000","0","0012000000","0","0","0","12000000"
1270135299,"01",1,"7417","1545",3,"8",6,"0003040000","0038265600","0002898133","0033619869","0","0003000000","2898133","36619869"
1270135303,"01",1,"5111","6021",3,"8",3,"0001120000","0015600000","0001120000","0015600000","0","0","1120000","15600000"
1270012003,"01",1,"1410","7514",1,"8",6,"0006125643","0076507716","0005591643","0067099716","0","0003000000","5591643","70099716"
1270012005,"03",1,"4190","7523",3,"9",6,"0005000000","0065000000","0004729567","0056754804","0","0005000000","4729567","61754804"
1270020194,"01",1,"9314","4521",3,"8",3,"0001700000","0018700000","0001700000","0018700000","0","0","1700000","18700000"
1270044208,"01",1,"4190","8012",1,"8",6,"0006845000","0085140000","0006075877","0072910524","0","0003000000","6075877","75910524"
1270044206,"01",1,"1429","8021",1,"8",6,"0007840000","0097080000","0006950037","0083400444","0","0003000000","6950037","86400444"
1270072049,"01",1,"9141","7512",1,"8",6,"0005500000","0069000000","0005061000","0060732000","0","0003000000","5061000","63732000"
1270132299,"01",1,"7433","1810",3,"12",6,"0002200000","0027400000","0002200000","0027400000","0","0","2200000","27400000"
1270096059,"02",1,"1421","0126",3,"8",6,"0005229267","0067751204","0004986041","0059832492","0","0005000000","4986041","64832492"
1270096061,"03",1,"8322","6022",3,"8",7,"0003000000","0009900000","0003000000","0009900000","0","0","3000000","9900000"
1270104113,"02",1,"2320","8021",1,"6",3,"0008026056","0099312672","0007056472","0084677664","0","0003000000","7056472","87677664"
1270024167,"01",1,"2320","8021",3,"8",6,"0008150000","0100800000","0007201707","0086420484","0","0003000000","7201707","89420484"
1270140055,"02",2,"9211","0111",3,NA,NA,"0","0005400000","0","0005400000","0","0","0","5400000"
1270068185,"01",1,"3111","7422",3,"9",6,"0005800000","0075600000","0005482667","0065792004","0","0006000000","5482667","71792004"
1270072054,"01",1,"3225","8514",3,"8",6,"0003800000","0050600000","0003650667","0043808004","0","0005000000","3650667","48808004"
1270072060,"02",1,"5130","9500",3,"9",6,"0001500000","0018000000","0001500000","0018000000","0","0","1500000","18000000"
1270072059,"01",1,"1427","6021",3,"10",6,"0005000000","0065000000","0004804000","0057648000","0","0005000000","4804000","62648000"
1270024172,"01",1,"9314","4521",3,"8",5,"0002900000","0032400000","0002900000","0032400000","0","0","2900000","32400000"
1270024167,"02",1,"2331","8012",3,"8",6,"0006842000","0085104000","0005987377","0071848520","0","0003000000","5987377","74848520"
1270024170,"01",1,"8163","7491",3,"10",6,"0003850000","0049700000","0003695773","0044349276","0","0003500000","3695773","47849276"
1270068194,"02",1,"2141","7491",3,"9",6,"0002500000","0007500000","0002500000","0007500000","0","0","2500000","7500000"
1270064150,"01",1,"9314","4521",3,"8",6,"0002600000","0028250000","0002600000","0028250000","0","0","2600000","28250000"
1270064156,"03",1,"5220","5234",3,"15",6,"0001700000","0011900000","0001700000","0011900000","0","0","1700000","11900000"
1270060054,"01",1,"9141","9500",3,"16",7,"0003000000","0036000000","0003000000","0036000000","0","0","3000000","36000000"
1270060057,"02",1,"2230","8511",3,"8",6,"0004276000","0054312000","0004088400","0049060800","0","0003000000","4088400","52060800"
1270096061,"04",1,"5220","5222",3,"8",6,"0001500000","0007500000","0001500000","0007500000","0","0","1500000","7500000"
1270096061,"05",1,"2320","8090",3,"3",4,"0001000000","0001000000","0001000000","0001000000","0","0","1000000","1000000"
1270096064,"01",1,"3416","8021",1,"5",6,"0006976970","0087023640","0006254593","0075055116","0","0003300000","6254593","78355116"
1270140060,"01",1,"2331","8012",1,"6",6,"0007840000","0097580000","0006952127","0083425524","0","0003500000","6952127","86925524"
1270012015,"01",1,"3221","8532",1,"8",6,"0005500000","0069000000","0005226667","0062720004","0","0003000000","5226667","65720004"
1270012007,"01",1,"9314","4521",3,"8",2,"0000600000","0018000000","0000600000","0018000000","0","0","600000","18000000"
1270084107,"01",1,"2213","7513",1,"8",6,"0011154000","0095348000","0006751877","0081022524","0003500000","0003500000","10251877","84522524"
1270028011,"01",1,"8324","6023",3,"15",7,"0006000000","0072000000","0006000000","0072000000","0","0","6000000","72000000"
1270028011,"04",1,"8322","6022",3,"14",7,"0004500000","0054000000","0004500000","0054000000","0","0","4500000","54000000"
1270128115,"02",1,"5220","6021",3,"8",7,"0003500000","0046000000","0003500000","0042000000","0","0004000000","3500000","46000000"
1270128101,"01",1,"8112","2696",3,"8",6,"0003040000","0037980000","0002898133","0034777596","0","0001500000","2898133","36277596"
1270116015,"01",1,"0111","7522",1,"8",6,"0009976341","0124216092","0009166850","0110002200","0","0004500000","9166850","114502200"
1270116015,"02",1,"2331","8012",1,"4",6,"0004449424","0056893088","0003911315","0046935780","0","0003500000","3911315","50435780"
1270048152,"01",1,"4212","6512",1,"8",6,"0006853650","0122143800","0006129623","0073555476","0","0039900000","6129623","113455476"
1270048159,"01",1,"0111","7522",1,"8",6,"0005746280","0071955360","0005285815","0063429780","0","0003000000","5285815","66429780"
1270032097,"01",1,"7132","4540",3,"8",6,"0003600000","0043000000","0003600000","0043000000","0","0","3600000","43000000"
1270032102,"01",1,"9314","4521",3,"10",7,"0003600000","0043200000","0003600000","0043200000","0","0","3600000","43200000"
1270032111,"02",1,"9211","0126",3,"10",6,"0002650000","0026500000","0002650000","0026500000","0","0","2650000","26500000"
1270040096,"01",1,"6113","1600",1,"8",4,"0001500000","0018000000","0001500000","0018000000","0","0","1500000","18000000"
1270040096,"04",1,"8141","2021",3,"8",6,"0003040000","0040670400","0002898134","0034005788","0","0005000000","2898134","39005788"
1270040107,"05",1,"5220","5232",3,"10",6,"0001000000","0012000000","0001000000","0012000000","0","0","1000000","12000000"
1270108058,"02",1,"2331","8012",1,"4",6,"0005562443","0069749316","0004964543","0059574516","0","0003000000","4964543","62574516"
1270108059,"01",1,"2320","8021",1,"6",6,"0006440217","0080282604","0005674780","0068097360","0","0003000000","5674780","71097360"
1270108059,"02",1,"2320","8021",1,"5",6,"0006150461","0076805532","0005420025","0065040300","0","0003000000","5420025","68040300"
1270108067,"01",1,"8324","6023",3,"13",7,"0005500000","0066000000","0005500000","0066000000","0","0","5500000","66000000"
1270092051,"02",1,"7231","5040",3,"8",6,"0000600000","0007500000","0000600000","0007500000","0","0","600000","7500000"
1270092054,"01",1,"5162","7523",1,"9",6,"0005126520","0064518240","0004678628","0056143536","0","0003000000","4678628","59143536"
1270092056,"01",1,"7218","5010",3,"8",6,"0003000000","0036000000","0003000000","0036000000","0","0","3000000","36000000"
1270004107,"01",1,"9211","0124",3,"10",7,"0","0054000000","0","0054000000","0","0","0","54000000"
1270004107,"02",2,"9211","0111",3,NA,NA,"0","0021000000","0","0021000000","0","0","0","21000000"
1270004114,"01",1,"9211","0111",3,"8",6,"0003000000","0025000000","0003000000","0025000000","0","0","3000000","25000000"
1270004114,"02",2,"9211","0111",3,NA,NA,"0","0007500000","0","0007500000","0","0","0","7500000"
1270004117,"01",1,"8322","6022",3,"10",6,"0003200000","0039000000","0003200000","0039000000","0","0","3200000","39000000"
1270052207,"03",2,"0112","7522",1,NA,NA,"0","0005500000","0","0005500000","0","0","0","5500000"
1270052216,"03",1,"2142","4100",3,"8",6,"0003040000","0041075200","0002898134","0034391698","0","0005000000","2898134","39391698"
1270052218,"01",1,"4134","2697",3,"10",6,"0006200000","0077400000","0005799733","0069596796","0","0003000000","5799733","72596796"
1270124102,"01",1,"2351","8021",1,"7",6,"0008650000","0106800000","0007604923","0091259076","0","0003000000","7604923","94259076"
1270124111,"01",1,"8324","7511",1,"8",6,"0004013064","0056656768","0003871197","0046454364","0","0008500000","3871197","54954364"
1270112002,"01",1,"9314","4521",3,"8",5,"0001800000","0022000000","0001800000","0022000000","0","0","1800000","22000000"
1270112007,"04",2,"0112","7522",1,NA,NA,"0","0004080000","0","0004080000","0","0","0","4080000"
1270112007,"05",1,"7132","4540",3,"8",5,"0001500000","0018500000","0001500000","0018500000","0","0","1500000","18500000"
1270112007,"06",2,"9314","4521",3,NA,NA,"0","0002100000","0","0002100000","0","0","0","2100000"
1270112012,"01",1,"8331","0140",3,"7",6,"0002000000","0024000000","0002000000","0024000000","0","0","2000000","24000000"
1270056066,"03",1,"7411","7511",1,"7",6,"0004000000","0051000000","0003852067","0046224804","0","0003000000","3852067","49224804"
1270056069,"01",1,"6141","0201",1,"8",6,"0005500000","0069000000","0005256000","0063072000","0","0003000000","5256000","66072000"
1270008111,"01",1,"2461","9193",1,"3",7,"0000350000","0004000000","0000350000","0004000000","0","0","350000","4000000"
1270080152,"01",1,"4190","0501",1,"8",6,"0009433480","0078221760","0005873237","0070478844","0003180000","0003180000","9053237","73658844"
1270080154,"01",1,"4134","0111",1,"8",6,"0006220000","0045280000","0002898134","0034777608","0003180000","0008800000","6078134","43577608"
1270080154,"02",1,"4142","6411",1,"8",6,"0007760000","0064140000","0004336667","0052040004","0003180000","0009180000","7516667","61220004"
1270080160,"01",1,"5220","5222",3,"10",6,"0011000000","0071500000","0005259601","0063115212","0005500000","0005500000","10759601","68615212"
1270076158,"01",1,"5220","5233",3,"10",6,"0010000000","0075000000","0004778667","0057344004","0005000000","0015000000","9778667","72344004"
1270120002,"01",1,"9152","9305",3,"12",7,"0010000000","0054000000","0003839000","0046068000","0006000000","0006000000","9839000","52068000"
1270120004,"03",1,"4134","6309",3,"10",6,"0008800000","0050600000","0003646000","0043752000","0005000000","0005000000","8646000","48752000"
1270120011,"01",1,"1427","7512",1,"8",6,"0009680000","0081180000","0005814667","0069776004","0003180000","0003180000","8994667","72956004"
1270120014,"01",2,"9211","0111",3,NA,NA,"0","0020000000","0","0020000000","0","0","0","20000000"
1270016007,"01",2,"9314","4521",3,NA,NA,"0","0009000000","0","0009000000","0","0","0","9000000"
1270016011,"01",1,"9314","4521",3,"8",3,"0001500000","0014000000","0001500000","0014000000","0","0","1500000","14000000"
1270016013,"01",1,"2490","7511",1,"8",6,"0008680000","0069180000","0005014166","0060169992","0003180000","0003180000","8194166","63349992"
1270136091,"01",2,"9211","0111",3,NA,NA,"0","0009000000","0","0009000000","0","0","0","9000000"
1270136095,"01",2,"9211","0111",3,NA,NA,"0","0004500000","0","0004500000","0","0","0","4500000"
1270136095,"02",2,"9211","0111",3,NA,NA,"0","0003000000","0","0003000000","0","0","0","3000000"
1270088109,"01",1,"9314","4521",3,"8",7,"0002300000","0028000000","0002300000","0028000000","0","0","2300000","28000000"
1270088115,"01",1,"9333","9305",3,"6",6,"0003600000","0029000000","0003600000","0029000000","0","0","3600000","29000000"
1270036244,"01",1,"0112","7522",1,"8",6,"0005912000","0073944000","0005321000","0063852000","0","0003000000","5321000","66852000"
1270100110,"01",1,"8324","6023",3,"8",6,"0003500000","0040000000","0003500000","0037000000","0","0003000000","3500000","40000000"
1270100113,"01",1,"2331","8012",1,"4",6,"0011860532","0105476384","0007448897","0089386764","0003350000","0003350000","10798897","92736764"
1270100113,"03",1,"9314","4521",3,"8",6,"0002880000","0017280000","0002880000","0017280000","0","0","2880000","17280000"
1270100116,"01",1,"2213","0201",1,"8",6,"0012068995","0109847940","0008145969","0097751628","0003180000","0003180000","11325969","100931628"
1280129210,"01",1,"5162","7523",1,"8",6,"0005700000","0068400000","0005000000","0060000000","0","0002500000","5000000","62500000"
1280093204,"01",1,"9211","0124",3,"10",7,"0003700000","0044400000","0003700000","0044400000",NA,NA,"3700000","44400000"
1280093204,"03",1,"9314","4521",3,"08",4,"0002500000","0020000000","0002500000","0020000000",NA,NA,"2500000","20000000"
1280129204,"01",1,"9314","4521",3,"8",4,"0001500000","0020000000","0001500000","0020000000","0","0","1500000","20000000"
1280069114,"01",1,"4190","8021",1,"4",6,"0001300000","0015600000","0001300000","0015600000","0","0","1300000","15600000"
1280125065,"01",1,"9314","4521",3,"5",5,"0002000000","0030000000","0002000000","0030000000","0","0","2000000","30000000"
1280125064,"01",1,"7126","4521",3,"8",5,"0003000000","0050000000","0003000000","0050000000","0","0","3000000","50000000"
1280125070,"01",1,"4223","6421",1,"8",6,"0004000000","0048000000","0003400000","0040800000","0","0002400000","3400000","43200000"
1280025051,"01",1,"9314","4521",3,"8",6,"0002640000","0023760000","0002640000","0023760000","0","0","2640000","23760000"
1280025061,"01",1,"2331","8012",1,"4",6,"0005300000","0066600000","0004766000","0057192000","0","0003000000","4766000","60192000"
1280129201,"01",1,"2331","8012",1,"6",6,"0006200000","0074400000","0005500000","0066000000","0","0002500000","5500000","68500000"
1280097057,"01",1,"3435","2722",1,"8",6,"0008250000","0098000000","0007500000","0082000000","0","0008000000","7500000","90000000"
1280041056,"01",2,"9152","7492",3,NA,NA,"0","0022500000","0","0020000000","0","0","0","20000000"
1280041056,"01",1,"3416","7512",1,"8",6,"0001000000","0004000000","0001000000","0004000000","0","0","1000000","4000000"
1280041059,"01",2,"2114","4100",3,NA,NA,"0","0008000000","0","0008000000","0","0","0","8000000"
1280041059,"02",1,"2490","6512",1,"8",6,"0006100000","0079200000","0005500000","0061200000","0","0012000000","5500000","73200000"
1280113061,"01",1,"2331","8012",1,"6",6,"0007500000","0090000000","0006500000","0078000000","0","0002500000","6500000","80500000"
1280113061,"02",1,"2331","8012",1,"6",6,"0006000000","0072000000","0005300000","0063600000","0","0002500000","5300000","66100000"
1280089051,"03",2,"9314","4521",3,NA,NA,"0","0003000000","0","0003000000","0","0","0","3000000"
1280113058,"01",1,"1429","8012",1,"8",6,"0007800000","0093600000","0007000000","0084000000","0","0002500000","7000000","86500000"
1280113053,"01",1,"2331","8012",1,"6",6,"0006900000","0081800000","0005400000","0064800000","0001500000","0017000000","6900000","81800000"
1280113053,"02",1,"2331","8012",1,"6",6,"0003900000","0046800000","0003400000","0040800000","0","0002500000","3400000","43300000"
1280121171,"01",1,"9314","4521",3,"8",5,"0003000000","0030000000","0003000000","0030000000","0","0","3000000","30000000"
1280121177,"01",1,"0111","7522",1,"8",6,"0007500000","0090000000","0006700000","0080400000","0","0003000000","6700000","83400000"
1280049254,"01",1,"1429","8021",1,"6",6,"0008515269","0099183228","0007403369","0088840428","0001000000","0009000000","8403369","97840428"
1280049254,"02",1,"2320","8021",1,"6",4,"0004835270","0061523240","0004332569","0051990828","0","0003500000","4332569","55490828"
1280049265,"01",1,"7327","5234",3,"11",6,"0001600000","0006400000","0001600000","0006400000","0","0","1600000","6400000"
1280049259,"01",1,"3416","8090",1,"8",6,"0004650000","0055800000","0003650000","0043800000","0001000000","0011000000","4650000","54800000"
1280137212,"01",2,"7417","1545",3,NA,NA,"0","0006500000","0","0006500000","0","0","0","6500000"
1280137212,"02",1,"9211","0111",3,"8",5,"0001200000","0007200000","0001200000","0007200000","0","0","1200000","7200000"
1280137215,"02",1,"9211","0111",3,"8",3,"0000600000","0002800000","0000600000","0002800000","0","0","600000","2800000"
1280137209,"03",1,"7417","1545",3,"7",6,"0001500000","0018000000","0001500000","0018000000","0","0","1500000","18000000"
1280013117,"01",1,"7133","4540",3,"10",5,"0005500000","0064000000","0005500000","0064000000","0","0","5500000","64000000"
1280013121,"01",2,"7134","4521",3,NA,NA,"0","0040000000","0","0040000000","0","0","0","40000000"
1280025057,"01",2,"9314","4521",3,NA,NA,"0","0015000000",NA,"0015000000","0","00","0","15000000"
1280025057,"03",1,"9314","4521",3,"8",4,"0001920000","0009000000","0001920000","0009000000","0","0","1920000","9000000"
1280025057,"05",1,"9314","4521",3,"8",4,"0001920000","0009000000","0001920000","0009000000","0","0","1920000","9000000"
1280025049,"02",2,"8322","6022",3,NA,NA,"0","0015400000","0","0015400000","0","0","0","15400000"
1280133008,"02",1,"9131","7493",3,"08",3,"0001000000","0010000000","0001000000","0010000000","0","0","1000000","10000000"
1280053065,"02",1,"9211","0111",3,"8",5,"0001000000","0007000000","0001000000","0007000000","0","0","1000000","7000000"
1280053065,"03",1,"5220","5232",3,"12",6,"0001500000","0015000000","0001500000","0015000000","0","0","1500000","15000000"
1280065174,"01",2,"4222","8514",3,NA,NA,"0","0009000000","0","0009000000","0","0","0","9000000"
1280065168,"01",1,"5220","5222",3,"9",6,"0002500000","0034000000","0002500000","0034000000","0","0","2500000","34000000"
1280085061,"01",1,"9314","4521",3,"8",4,"0001500000","0020000000","0001500000","0020000000","0","0","1500000","20000000"
1280085061,"05",1,"4212","6592",2,"8",6,"0003800000","0020500000","0003100000","0015500000","0000400000","0001500000","3500000","17000000"
1280085063,"02",1,"9314","4521",3,"8",3,"0001000000","0010000000","0001000000","0010000000","0","0","1000000","10000000"
1280097054,"03",1,"4190","6021",3,"8",6,"0002800000","0037600000","0002500000","0030000000","0","0004000000","2500000","34000000"
1280137219,"03",1,"2320","8021",1,"4",6,"0004200000","0050400000","0003822000","0045864000","0","0003500000","3822000","49364000"
1280077056,"01",2,"7325","2697",3,NA,NA,"0","0038345000","0","0036931000","0","0","0","0036931000"
1280077063,"01",1,"7122","4540",3,"8",6,"0004000000","0044000000","0004000000","0044000000","0","0","4000000","44000000"
1280037104,"01",1,"8324","6023",3,"8",7,"0005000000","0060000000","0005000000","0060000000","0","0","5000000","60000000"
1280077059,"01",1,"9314","4521",3,"8",6,"0002500000","0017500000","0002500000","0017500000","0","0","2500000","17500000"
1280037095,"01",1,"9314","4521",3,"8",6,"0003500000","0028000000","0003500000","0028000000","0","0","3500000","28000000"
1280061011,"01",1,"8322","7512",1,"8",6,"0004100000","0052200000","0003813001","0045756012","0","0003000000","3813001","48756012"
1280053056,"06",1,"9314","4521",3,"8",6,"0002500000","0030000000","0002500000","0030000000","0","0","2500000","30000000"
1280053063,"01",1,"8322","6022",3,"10",7,"0002500000","0030000000","0002500000","0030000000","0","0","2500000","30000000"
1280105057,"01",1,"7134","4521",3,"8",5,"0003000000","0025000000","0003000000","0025000000","0","0","3000000","25000000"
1280105062,"01",1,"9211","0111",3,"8",4,"0001000000","0005000000","0001000000","0005000000","0","0","1000000","5000000"
1280105065,"01",1,"9314","4521",3,"8",5,"0002000000","0020000000","0002000000","0020000000","0","0","2000000","20000000"
1280105065,"03",1,"9314","4521",3,"8",5,"0002000000","0020000000","0002000000","0020000000","0","0","2000000","20000000"
1280105071,"01",1,"8323","6022",3,"8",6,"0003500000","0042000000","0003500000","0042000000","0","0","3500000","42000000"
1280061013,"03",1,"5220","5222",3,"8",6,"0001000000","0012000000","0001000000","0012000000","0","0","1000000","12000000"
1280061003,"01",1,"2331","8012",1,"4",6,"0005817125","0072805500","0005136340","0061636080","0","0003000000","5136340","64636080"
1280005200,"01",1,"3435","7522",1,"10",6,"0008000000","0100000000","0007088000","0085056000","0","0004000000","7088000","89056000"
1280005194,"01",1,"5123","2519",3,"16",6,"0004000000","0056000000","0003814000","0045768000","0","0008000000","3814000","53768000"
1280005203,"02",1,"2331","8012",1,"4",6,"0006000000","0077000000","0005368000","0064416000","0","0003000000","5368000","67416000"
1280085067,"01",1,"9314","4521",3,"8",4,"0001000000","0015000000","0001000000","0015000000","0","0","1000000","15000000"
1280009253,"01",1,"8324","6023",3,"10",7,"0006000000","0080000000","0006000000","0072000000","0","0008000000","6000000","80000000"
1280009253,"04",1,"8324","6023",3,"10",7,"0002000000","0026000000","0002000000","0024000000","0","0002000000","2000000","26000000"
1280097061,"01",1,"2320","8021",1,"7",6,"0008850000","0101600000","0007050000","0084600000","0001000000","0008000000","8050000","92600000"
1280081297,"01",1,"6112","9003",3,"8",6,"0003100000","0042000000","0002800000","0033000000","0","0005000000","2800000","38000000"
1280081301,"01",1,"9152","8513",1,"8",6,"0002700000","0037000000","0002400000","0028000000","0","0005000000","2400000","33000000"
1280081305,"01",1,"5123","2412",1,"8",6,"0004000000","0051600000","0003600000","0040800000","0","0006000000","3600000","46800000"
1280081305,"02",1,"2331","8012",1,"4",6,"0005300000","0064200000","0004700000","0054000000","0","0003000000","4700000","57000000"
1280117099,"01",1,"9314","4521",3,"08",5,"0002500000","0025000000","0002500000","0025000000","0","0","2500000","25000000"
1280117103,"01",1,"9314","4521",3,"08",5,"0002000000","0025000000","0002000000","0025000000","0","0","2000000","25000000"
1280117107,"03",1,"2445","7512",3,"8",6,"0002500000","0030000000","0002000000","0024000000","0","0","2000000","24000000"
1280117107,"04",1,"0112","7513",1,"8",6,"0000600000","0007200000","0000600000","0007200000","0","0","600000","7200000"
1280101150,"01",1,"9314","4521",3,"8",1,"0000400000","0004000000","0000400000","0004000000","0","0","400000","4000000"
1280101155,"01",1,"9211","0111",3,"8",1,"0000240000","0003000000","0000240000","0003000000","0","0","240000","3000000"
1280101155,"02",2,"9314","4521",3,NA,NA,"0","0005000000","0","0005000000","0","0","0","5000000"
1280101155,"02",2,"5220","5222",3,NA,NA,"0","0002000000","0","0002000000","0","0","0","2000000"
1280057144,"01",1,"9314","4521",3,"8",6,"0002200000","0019600000","0002200000","0019600000","0","0","2200000","19600000"
1280009247,"02",1,"2320","8021",1,"6",2,"0002000000","0021000000","0002000000","0018000000","0","0003000000","2000000","21000000"
1280009249,"01",1,"7126","4522",3,"8",7,"0003000000","0039000000","0003000000","0036000000","0","0003000000","3000000","39000000"
1280009249,"05",1,"9314","4521",3,"8",7,"0003600000","0043200000","0003600000","0043200000","0","0","3600000","43200000"
1280009260,"01",1,"8163","2731",1,"8",6,"0009000000","0115000000","0008100000","0097200000","0","0007000000","8100000","104200000"
1280029003,"01",1,"6112","9003",3,"9",6,"0003000000","0003000000","0002760000","0002760000","0","0","2760000","2760000"
1280029003,"01",2,"9211","0111",3,NA,NA,"0","0010000000","0","0010000000","0","0","0","10000000"
1280029003,"01",2,"9314","4521",3,NA,NA,"0","0012000000","0","0012000000","0","0","0","12000000"
1280029010,"01",1,"7231","5020",3,"10",7,"0003500000","0042000000","0003500000","0042000000","0","0","3500000","42000000"
1280029004,"03",2,"9314","4521",3,NA,NA,"0","0010000000","0","0010000000","0","0","0","10000000"
1280029004,"03",1,"9211","0111",3,"8",2,"0000960000","0006000000","0000960000","0006000000","0","0","960000","6000000"
1280029007,"01",1,"9211","0111",3,"8",3,"0001440000","0016000000","0001440000","0016000000","0","0","1440000","16000000"
1280029007,"01",1,"9314","4521",3,"8",2,"0000960000","0010000000","0000960000","0010000000","0","0","960000","10000000"
1280029015,"01",1,"7411","1515",3,"10",6,"0003000000","0039000000","0002860000","0034320000","0","0003000000","2860000","37320000"
1280141003,"01",1,"8322","6022",3,"8",6,"0007000000","0084000000","0006650000","0079800000","0","0","6650000","79800000"
1280141008,"01",1,"8322","6022",3,"12",6,"0003000000","0036000000","0003000000","0036000000","0","0","3000000","36000000"
1280141010,"01",2,"9152","6302",1,NA,NA,"0","0047520000","0","0038720000","0","0008800000","0","47520000"
1280033113,"04",1,"4190","9112",3,"10",6,"0004000000","0052000000","0003813000","0045756000","0","0004000000","3813000","49756000"
1280017176,"01",2,"8221","2424",3,NA,NA,"0","0002000000","0","0002000000","0","0","0","2000000"
1280017173,"01",1,"9152","8511",1,"6",7,"0004200000","0053400000","0004006000","0048072000","0","0003000000","4006000","51072000"
1280093198,"01",1,"9314","4521",3,"8",4,"0002000000","0018000000","0002000000","0018000000","0","0","2000000","18000000"
1280093209,"01",1,"8324","6023",3,"9",5,"0006000000","0063000000","0006000000","0063000000","0","0","6000000","63000000"
1280045015,"01",1,"2331","8012",1,"4",6,"0005373000","0065000000","0004900000","0058700000","0","0003500000","4900000","62200000"
1280045002,"01",1,"4190","2412",1,"8",6,"0008200000","0098200000","0006805000","0081660000","0","0","6805000","81660000"
1280045005,"01",1,"9314","4521",3,"8",6,"0008000000","0080000000","0008000000","0080000000","0","0","8000000","80000000"
1280021167,"01",1,"8125","5030",3,"10",6,"0002500000","0033000000","0002383000","0028596000","0","0003000000","2383000","31596000"
1280021157,"01",1,"1429","8012",1,"4",6,"0007500000","0093000000","0006660000","0079920000","0","0003000000","6660000","82920000"
1280021157,"02",1,"1429","8012",1,"4",6,"0006500000","0081000000","0005800000","0069600000","0","0003000000","5800000","72600000"
1280021162,"01",1,"8125","2710",1,"8",6,"0006500000","0085000000","0005963000","0071556000","0","0007000000","5963000","78556000"
1280021163,"01",1,"8223","2710",1,"8",6,"0006500000","0085000000","0005963000","0071556000","0","0007000000","5963000","78556000"
1280085056,"01",1,"4134","2611",3,"8",6,"0002600000","0007800000","0002600000","0007800000","0","0","2600000","7800000"
1280085056,"01",2,"9314","4521",3,NA,NA,"0","0011700000","0","0011700000","0","0","0","11700000"
1280097049,"01",1,"8172","2722",1,"8",6,"0008750000","0106000000","0006900000","0072000000","0001000000","0025000000","7900000","97000000"
1280002167,"01",1,"5162","7523",1,"8",6,"0006500000","0077000000","0005747500","0065840000","0","0003000000","5747500","68840000"
1280002169,"01",1,"1427","7511",1,"8",6,"0005500000","0066900000","0005160000","0059600000","0","0003000000","5160000","62600000"
1280002169,"02",1,"2320","8021",1,"6",4,"0002000000","0030000000","0002000000","0027000000","0","0003000000","2000000","30000000"
1280002163,"01",1,"9152","7513",1,"12",7,"0004700000","0057000000","0004332000","0049968000","0","0003000000","4332000","52968000"
1280002160,"01",1,"9211","0111",3,"8",3,"0001440000","0015000000","0001440000","0015000000","0","0","1440000","15000000"
1280090002,"03",1,"5161","7523",1,"10",6,"0003650000","0046000000","0003300000","0036000000","0","0007000000","3300000","43000000"
1280062106,"01",1,"7137","5146",3,"10",6,"0004000000","0047500000","0003814000","0041947000","0","0003500000","3814000","45447000"
1280062103,"01",1,"7311","5146",3,"8",6,"0004500000","0054000000","0004290000","0047667000","0","0004000000","4290000","51667000"
1280062095,"01",1,"8322","6023",3,"10",7,"0004000000","0047500000","0003547000","0039013000","0","0003500000","3547000","42513000"
1280062098,"01",1,"7435","5133",3,"12",6,"0004000000","0046000000","0003814000","0041947000","0","0002000000","3814000","43947000"
1280018061,"01",1,"7417","1545",3,"8",6,"0001742000","0020704000","0001600000","0019000000","0","0000500000","1600000","19500000"
1280018064,"01",1,"8332","4522",1,"9",6,"0003500000","0043500000","0003337000","0036704000","0","0005000000","3337000","41704000"
1280018064,"03",1,"7133","4540",3,"8",7,"0007000000","0060000000","0007000000","0060000000","0","0","7000000","60000000"
1280038048,"02",1,"7433","1810",3,"8",6,"0000700000","0008400000","0000700000","0008400000","0","0","700000","8400000"
1280038053,"01",1,"9314","4521",3,"08",6,"0002500000","0021500000","0002500000","0021500000","0","0","2500000","21500000"
1280038054,"01",1,"7214","4521",3,"12",6,"0003650000","0043800000","0003650000","0043800000","0","0","3650000","43800000"
1280026099,"01",1,"7122","4521",3,"08",6,"0004500000","0056000000","0004500000","0056000000","0","0","4500000","56000000"
1280026097,"01",1,"8324","6023",3,"08",7,"0006400000","0069600000","0006400000","0069600000","0","0","6400000","69600000"
1280026097,"04",1,"7218","3610",3,"08",7,"0000500000","0006000000","0000500000","0006000000","0","0","500000","6000000"
1280026107,"03",1,"9314","4521",3,"08",2,"0001200000","0006000000","0001200000","0006000000","0","0","1200000","6000000"
1280026105,"01",1,"4115","8517",3,"08",6,"0001200000","0015400000","0001200000","0014400000","0","0001000000","1200000","15400000"
1280026102,"01",1,"9333","6303",3,"10",7,"0002000000","0020000000","0002000000","0020000000","0","0","2000000","20000000"
1280026102,"03",1,"9133","7493",3,"8",3,"0001200000","0006800000","0001200000","0006800000","0","0","1200000","6800000"
1280050006,"01",1,"7418","1543",3,"2",6,"0001200000","0014400000","0001200000","0014400000","0","0","1200000","14400000"
1280050012,"01",1,"5111","6021",3,"10",4,"0002200000","0026400000","0002200000","0026400000","0","0","2200000","26400000"
1280050013,"01",1,"9160","9002",3,"8",7,"0005200000","0062400000","0003680000","0044160000","0001200000","0017430000","4880000","61590000"
1280042111,"01",1,"9132","8515",3,"08",6,"0003100000","0038100000","0003100000","0035100000",NA,"0003000000","3100000","38100000"
1280042111,"02",1,"7233","4531",3,"08",6,"0002500000","0012500000","0002500000","0012500000",NA,NA,"2500000","12500000"
1280042100,"02",1,"7141","4540",3,"10",6,"0004000000","0040000000","0004000000","0040000000","0","0","4000000","40000000"
1280054010,"02",1,"9131","7493",3,"8",6,"0001750000","0016000000","0001750000","0016000000","0","0","1750000","16000000"
1280054008,"01",1,"3221","8511",1,"6",6,"0004700000","0062400000","0004590000","0055080000","0","0006000000","4590000","61080000"
1280054003,"01",1,"5122","5521",3,"8",6,"0001500000","0004500000","0001500000","0004500000","0","0","1500000","4500000"
1280122171,"03",1,"0112","7522",1,"10",6,"0000480000","0005760000","0000480000","0005760000","0","0","480000","5760000"
1280122176,"01",1,"9314","4521",3,"8",5,"0001500000","0025000000","0001500000","0025000000","0","0","1500000","25000000"
1280122176,"03",1,"7433","1810",3,"10",7,"0001000000","0008000000","0001000000","0008000000","0","0","1000000","8000000"
1280122179,"01",1,"9314","4521",3,"8",6,"0002000000","0025000000","0002000000","0025000000","0","0","2000000","25000000"
1280030050,"02",1,"8332","4522",3,"10",7,"0004000000","0004000000","0004000000","0004000000","0","0","4000000","4000000"
1280030059,"01",1,"7122","4540",3,"10",1,"0004000000","0070000000","0004000000","0070000000","0","0","4000000","70000000"
1280030055,"03",1,"7133","4540",3,"8",6,"0000900000","0001800000","0000900000","0001800000","0","0","900000","1800000"
1280086174,"01",1,"0112","7523",1,"8",6,"0005650000","0071000000","0005000000","0058000000","0","0007000000","5000000","65000000"
1280090013,"01",1,"9211","0124",3,"10",7,"0002000000","0024000000","0002000000","0024000000","0","0","2000000","24000000"
1280014055,"01",1,"8324","6023",3,"12",6,"0004000000","0048000000","0003814000","0041947000","0","0004000000","3814000","45947000"
1280014065,"01",1,"7132","4540",3,"8",5,"0007000000","0080000000","0007000000","0080000000","0","0","7000000","80000000"
1280078003,"01",1,"7132","4540",3,"8",6,"0005000000","0030000000","0005000000","0030000000","0","0","5000000","30000000"
1280078015,"01",1,"3221","8511",1,"8",6,"0007550000","0096500000","0007000000","0079500000","0","0010000000","7000000","89500000"
1280066164,"01",1,"4190","4100",1,"8",6,"0002000000","0006000000","0002000000","0006000000","0","0","2000000","6000000"
1280066164,"02",1,"2320","8021",1,"6",4,"0005200000","0023200000","0004700000","0022700000","0","0","4700000","22700000"
1280074053,"02",1,"3475","8021",3,"4",4,"0002500000","0025500000","0002500000","0022500000","0","0003000000","2500000","25500000"
1280074049,"01",1,"2411","6512",3,"8",6,"0007700000","0091000000","0005950000","0070000000","0001000000","0015000000","6950000","85000000"
1280074049,"02",1,"2122","8031",1,"8",6,"0005650000","0068500000","0005100000","0059000000","0","0003000000","5100000","62000000"
1280098153,"01",1,"7221","2892",3,"8",6,"0004350000","0052000000","0004000000","0044000000","0","0004000000","4000000","48000000"
1280098146,"01",1,"2320","8021",1,"6",4,"0006150000","0074500000","0005500000","0063000000","0","0005000000","5500000","68000000"
1280098146,"02",1,"2320","8021",1,"6",4,"0006250000","0076000000","0005600000","0065000000","0","0004000000","5600000","69000000"
1280098148,"01",1,"8332","4522",3,"8",6,"0006950000","0084500000","0006500000","0074000000","0","0005000000","6500000","79000000"
1280086177,"01",1,"0112","7523",1,"8",6,"0005250000","0067500000","0004700000","0056000000","0","0005000000","4700000","61000000"
1280086169,"01",1,"0112","7523",1,"8",6,"0005650000","0068500000","0005100000","0058000000","0","0005000000","5100000","63000000"
1280138125,"01",1,"7221","2893",3,"8",6,"0002000000","0021000000","0002000000","0021000000","0","0","2000000","21000000"
1280110055,"02",1,"2331","8012",1,"6",6,"0006300000","0075600000","0005500000","0066000000","0","0003000000","5500000","69000000"
1280110055,"03",1,"0112","7522",1,"7",6,"0000600000","0004200000","0000600000","0004200000","0","0","600000","4200000"
1280042108,"01",1,"2331","8012",1,"6",6,"0009261899","0104073495","0008189368","0089063731","0","0003500000","8189368","92563731"
1280042108,"02",1,"2331","8012",1,"3",6,"0006176058","0075196296","0005500072","0063584464","0","0003500000","5500072","67084464"
1280110067,"01",1,"2230","8513",1,"8",6,"0005700000","0068400000","0005000000","0060000000","0","0003000000","5000000","63000000"
1280110064,"01",1,"5220","5232",3,"8",6,"0002500000","0030000000","0002500000","0030000000","0","0","2500000","30000000"
1280134097,"01",1,"9211","0111",3,"8",6,"0001000000","0006000000","0001000000","0006000000","0","0","1000000","6000000"
1280134110,"02",1,"9131","7493",3,"8",5,"0001000000","0010000000","0001000000","0010000000","0","0","1000000","10000000"
1280134100,"02",1,"7418","1546",3,"8",7,"0001500000","0012000000","0001500000","0012000000","0","0","1500000","12000000"
1280126220,"01",1,"4134","6302",3,"8",6,"0005350000","0064200000","0005000000","0053000000","0","0003000000","5000000","56000000"
1280126209,"01",1,"8324","7511",3,"8",6,"0003000000","0038500000","0003000000","0036000000","0","0002500000","3000000","38500000"
1280126215,"01",1,"2331","8012",1,"6",2,"0010000000","0120000000","0009000000","0108000000","0","0003000000","9000000","111000000"
1280126215,"02",1,"2331","8012",1,"6",2,"0006000000","0072000000","0005500000","0066000000","0","0003000000","5500000","69000000"
1280138118,"01",1,"7417","1545",3,"6",6,"0001800000","0022800000","0001800000","0021000000","0","0001800000","1800000","22800000"
1280138112,"01",1,"9314","4521",3,"8",6,"0002500000","0025000000","0002500000","0025000000","0","0","2500000","25000000"
1280138112,"02",1,"9211","0111",3,"8",5,"0000500000","0003000000","0000500000","0003000000","0","0","500000","3000000"
1280138120,"03",1,"3134","7494",3,"8",5,"0000900000","0003800000","0000900000","0003800000","0","0","900000","3800000"
1280046099,"01",2,"9314","4521",3,NA,NA,"0","0012000000","0","0012000000","0","0","0","12000000"
1280046096,"01",1,"7122","4540",3,"10",4,"0007000000","0080000000","0007000000","0080000000","0","0","7000000","80000000"
1280046092,"01",1,"9314","4521",3,"8",4,"0002000000","0020000000","0002000000","0020000000","0","0","2000000","20000000"
1280046092,"03",1,"7241","5020",3,"8",6,"0000600000","0006000000","0000600000","0006000000","0","0","600000","6000000"
1280046101,"01",1,"4190","7512",1,"8",6,"0005000000","0066200000","0004772500","0055250000","0","0008000000","4772500","63250000"
1280086179,"01",1,"0112","7523",1,"8",6,"0005300000","0065800000","0004800000","0056000000","0","0005000000","4800000","61000000"
1280006173,"01",1,"2320","8021",1,"6",6,"0006400000","0090500000","0005764000","0066000000","0","0015150000","5764000","81150000"
1280006173,"02",1,"2331","8012",1,"4",6,"0005500000","0067600000","0004892500","0057580000","0","0003000000","4892500","60580000"
1280082047,"01",1,"7221","2811",3,"8",5,"0003083000","0037000000","0002500000","0030000000","0","0","2500000","30000000"
1280082055,"02",1,"2331","8012",1,"4",6,"0006250000","0079500000","0005600000","0067000000","0","0005000000","5600000","72000000"
1280082057,"01",1,"2320","8021",1,"8",4,"0006150000","0092000000","0005500000","0081000000","0","0003000000","5500000","84000000"
1280082057,"02",1,"2320","8021",1,"6",4,"0005400000","0067500000","0004800000","0057500000","0","0003000000","4800000","60500000"
1280102218,"01",1,"9314","4521",3,"10",7,"0002000000","0025000000","0002000000","0025000000","0","0","2000000","25000000"
1280114012,"01",1,"8163","1519",3,"8",6,"0004300000","0054100000","0003300000","0039600000","0001000000","0014500000","4300000","54100000"
1280114004,"01",1,"1142","7530",3,"8",6,"0001200000","0014400000","0001200000","0014400000","0","0","1200000","14400000"
1280102213,"01",1,"8324","6023",3,"10",7,"0000500000","0060000000","0000500000","0060000000","0","0","500000","60000000"
1280114009,"01",1,"8324","6023",3,"10",7,"0005500000","0060000000","0005500000","0060000000","0","0","5500000","60000000"
1280122172,"02",1,"2331","8012",1,"6",6,"0004400000","0052800000","0003900000","0046800000","0","0003000000","3900000","49800000"
1280134104,"01",1,"4115","7522",1,"8",6,"0005500000","0066000000","0004800000","0057600000","0","0003000000","4800000","60600000"
1280106123,"04",1,"5220","5231",3,"10",6,"0001200000","0014400000","0001200000","0014400000","0","0","1200000","14400000"
1280106115,"01",1,"7417","1545",3,"8",6,"0002600000","0031200000","0002600000","0031200000","0","0","2600000","31200000"
1280058012,"02",1,"9131","7493",3,"8",6,"0001200000","0014500000","0001200000","0014500000","0","0","1200000","14500000"
1280058012,"03",1,"5123","5521",3,"8",5,"0001500000","0012000000","0001500000","0012000000","0","0","1500000","12000000"
1280058012,"04",1,"9314","4521",3,"8",5,"0001500000","0004500000","0001500000","0004500000","0","0","1500000","4500000"
1280058007,"01",1,"5123","7493",3,"8",6,"0004265000","0052955000","0004065000","0049955000","0","0003000000","4065000","52955000"
1280058015,"01",1,"7212","4521",3,"8",6,"0003500000","0041000000","0003500000","0041000000","0","0","3500000","41000000"
1280034164,"02",1,"7133","4540",3,"8",3,"0001440000","0015000000","0001440000","0015000000","0","0","1440000","15000000"
1280034159,"01",1,"2422","7523",1,"8",6,"0012000000","0158000000","0010620000","0112280000","0","0030000000","10620000","142280000"
1280034161,"01",1,"2331","8012",1,"4",6,"0002300000","0019000000","0002300000","0016500000","0","0002500000","2300000","19000000"
1280086182,"01",1,"0112","7523",1,"8",6,"0004760000","0061500000","0004350000","0052000000","0","0005000000","4350000","57000000"
1280094206,"01",1,"9160","2722",3,"8",6,"0004800000","0063900000","0004500000","0050400000","0","0008000000","4500000","58400000"
1280094203,"01",1,"7311","2722",1,"9",5,"0005500000","0069100000","0004450000","0053600000","0000500000","0010000000","4950000","63600000"
1280094203,"02",1,"2320","8021",1,"4",6,"0004750000","0061500000","0004250000","0051000000","0","0005000000","4250000","56000000"
1280094193,"01",1,"8323","6022",3,"8",6,"0006400000","0079400000","0006000000","0067200000","0","0008000000","6000000","75200000"
1280074055,"01",1,"1427","7513",1,"8",6,"0008320000","0115640000","0007500000","0088500000","0","0018500000","7500000","107000000"
1280074055,"02",1,"3222","8513",1,"8",6,"0004700000","0060200000","0004350000","0051200000","0","0005500000","4350000","56700000"
1280078010,"01",1,"3231","8513",1,"10",6,"0006820000","0082400000","0006400000","0070800000","0","0007000000","6400000","77800000"
1280142011,"03",1,"2320","8021",1,"6",4,"0001200000","0003600000","0001200000","0003600000","0","0","1200000","3600000"
1280142009,"03",1,"4113","8022",3,"6",4,"0003400000","0040900000","0003400000","0039400000",NA,"0001500000","3400000","40900000"
1280098144,"02",1,"2331","8012",1,"2",6,"0001520000","0013700000","0001400000","0011000000","0","0001500000","1400000","12500000"
1280066172,"01",1,"2320","8021",1,"6",4,"0006500000","0102600000","0006050000","0090200000","0","0007000000","6050000","97200000"
1280066172,"02",1,"2331","8012",1,"4",6,"0004850000","0062500000","0004250000","0057500000","0","0005000000","4250000","62500000"
1280006179,"01",1,"5220","5233",3,"8",6,"0002000000","0022000000","0002000000","0022000000","0","0","2000000","22000000"
1280014067,"01",2,"9211","0111",3,NA,NA,"0","0002000000","0","0002000000","0","0","0","2000000"
1280130010,"01",1,"1429","9241",3,"8",7,"0003531000","0042372000","0003300000","0039600000","0","0","3300000","39600000"
1280130005,"01",1,"2331","8012",1,"6",6,"0007000000","0084000000","0006300000","0075600000","0","0003000000","6300000","78600000"
1280130005,"02",1,"2331","8012",1,"6",6,"0006200000","0074400000","0005500000","0066000000","0","0003000000","5500000","69000000"
1280118009,"01",1,"8324","6023",3,"10",7,"0003500000","0042000000","0003500000","0042000000","0","0","3500000","42000000"
1280118010,"01",1,"5130","8511",3,"8",7,"0002200000","0026400000","0002200000","0026400000","0","0","2200000","26400000"
1280118003,"01",1,"9314","4521",3,"8",6,"0002000000","0035000000","0002000000","0035000000","0","0","2000000","35000000"
1280022156,"01",1,"9314","4521",3,"8",5,"0003500000","0031500000","0003500000","0031500000","0","0","3500000","31500000"
1280022156,"03",1,"9314","4521",3,"8",4,"0002500000","0021750000","0002500000","0021750000","0","0","2500000","21750000"
1280022165,"01",1,"8322","7513",1,"8",6,"0004200000","0075400000","0004052000","0048624000","0","0002500000","4052000","51124000"
1280022168,"01",2,"8322","8532",3,NA,NA,"0","0032200000","0","0032200000","0","0","0","32200000"
1280022168,"02",1,"2230","8517",1,"8",6,"0004600000","0055900000","0004385340","0052624000","0","0002500000","4385340","55124000"
1280006176,"01",1,"2331","8012",1,"4",6,"0007000000","0084000000","0006250000","0072570000","0","0003000000","6250000","75570000"
1280010205,"01",1,"2142","4100",1,"8",6,"0007000000","0091000000","0006485000","0075250000","0","0010000000","6485000","85250000"
1280010202,"01",1,"5162","7523",1,"8",6,"0007500000","0095000000","0006655000","0077430000","0","0008000000","6655000","85430000"
1280010202,"02",1,"4222","8511",1,"8",6,"0006500000","0083000000","0006010000","0069250000","0","0008000000","6010000","77250000"
1280010197,"01",1,"4134","6302",1,"8",6,"0005000000","0065000000","0004737000","0054280000","0","0008000000","4737000","62280000"
1280010199,"01",1,"5220","5040",3,"9",6,"0002000000","0021000000","0002000000","0021000000","0","0","2000000","21000000"
1280070068,"01",1,"7136","4522",3,"8",6,"0004950000","0065050000","0004600000","0053500000","0","0007500000","4600000","61000000"
1280070062,"03",1,"2411","7412",3,"8",6,"0003250000","0041000000","0003000000","0034000000","0","0004000000","3000000","38000000"
1280022160,"01",1,"9141","9500",3,"6",6,"0001500000","0018000000","0001500000","0018000000","0","0","1500000","18000000"
1280022160,"03",1,"9314","4521",3,"6",6,"0002500000","0022500000","0002500000","0022500000","0","0","2500000","22500000"
1280022160,"05",1,"0111","7522",1,"8",6,"0003500000","0045500000","0003500000","0042500000","0","0002500000","3500000","45000000"
1280022160,"06",1,"2320","8021",1,"6",6,"0004100000","0049600000","0003731000","0044772000","0","0002500000","3731000","47272000"
1280070056,"01",1,"4113","6512",1,"8",6,"0005050000","0071000000","0004600000","0058000000","0","0008000000","4600000","66000000"
1280007057,"01",1,"9131","7493",3,"6",6,"0000500000","0005000000","0000500000","0005000000","0","0","500000","5000000"
1280007057,"02",1,"2332","8011",3,"7",6,"0000400000","0000800000","0000400000","0000800000","0","0","400000","800000"
1280007057,"03",1,"9314","4521",3,"8",2,"0001120000","0010000000","0001120000","0010000000","0","0","1120000","10000000"
1280099220,"01",1,"9314","4521",3,"8",6,"0003500000","0031500000","0003500000","0031500000","0","0","3500000","31500000"
1280051104,"01",1,"8159","2412",3,"8",6,"0003300000","0039600000","0003300000","0039600000","0","0","3300000","39600000"
1280051104,"04",1,"3221","8511",1,"8",6,"0002000000","0024000000","0002000000","0024000000","0","0","2000000","24000000"
1280027171,"01",1,"9131","7493",3,"12",5,"0001000000","0011000000","0001000000","0011000000","0","0","1000000","11000000"
1280027172,"01",2,"9314","4521",3,NA,NA,"0","0005000000","0","0005000000","0","0","0","5000000"
1280027177,"01",1,"7325","2697",3,"9",7,"0002858000","0031303000","0002358000","0025303000","0","0003000000","2358000","28303000"
1280027178,"02",2,"8323","6022",3,NA,NA,"0","0000800000","0","0000800000","0","0","0","800000"
1280051102,"01",1,"2331","8012",1,"6",6,"0007795000","0096040000","0007045340","0084544080","0","0002500000","7045340","87044080"
1280127057,"01",1,"4134","4010",3,"8",7,"0004500000","0057000000","0003300000","0039600000","0001200000","0017400000","4500000","57000000"
1280135308,"02",1,"9141","8012",3,"6",6,"0000800000","0009600000","0000800000","0009600000","0","0","800000","9600000"
1280135305,"01",1,"8322","6022",3,"10",6,"0002500000","0030000000","0002500000","0030000000","0","0","2500000","30000000"
1280135297,"01",1,"9314","4521",3,"8",6,"0002500000","0030000000","0002500000","0030000000","0","0","2500000","30000000"
1280131158,"01",1,"3435","5129",1,"8",6,"0005000000","0060000000","0004500000","0054000000","0","0003000000","4500000","57000000"
1280131167,"01",1,"2331","8012",1,"8",6,"0007000000","0084000000","0006400000","0076800000","0","0003000000","6400000","79800000"
1280107005,"01",1,"7126","4521",3,"10",6,"0005000000","0060000000","0005000000","0060000000","0","0","5000000","60000000"
1280115057,"01",1,"8324","6023",3,"8",7,"0005500000","0066000000","0005000000","0060000000","0","0","5000000","60000000"
1280115057,"02",1,"3340","8031",3,"8",6,"0005000000","0060000000","0004500000","0054000000","0","0003000000","4500000","57000000"
1280115062,"01",1,"7137","4532",3,"8",6,"0004500000","0045000000","0004500000","0045000000","0","0","4500000","45000000"
1280115051,"01",1,"8322","7523",1,"8",6,"0006500000","0087000000","0006000000","0072000000","0000500000","0009000000","6500000","81000000"
1280119102,"01",1,"9314","4521",3,"8",5,"0002000000","0030000000","0002000000","0030000000","0","0","2000000","30000000"
1280119111,"01",1,"8212","2695",3,"8",6,"0003000000","0036000000","0003000000","0036000000","0","0","3000000","36000000"
1280119108,"01",1,"9160","7511",3,"8",7,"0002750000","0033000000","0002750000","0033000000","0","0","2750000","33000000"
1280099216,"01",1,"5111","6022",3,"12",5,"0002500000","0030000000","0002500000","0030000000","0","0","2500000","30000000"
1280099226,"01",1,"9314","4521",3,"8",6,"0003000000","0035000000","0003000000","0035000000","0","0","3000000","35000000"
1280099224,"01",1,"9152","7492",3,"12",7,"0004700000","0059400000","0004000000","0051000000","0","0003000000","4000000","54000000"
1280099224,"03",1,"9314","4521",3,"8",4,"0001000000","0004500000","0001000000","0004500000","0","0","1000000","4500000"
1280019049,"03",1,"9152","7492",3,"8",6,"0003200000","0041400000","0003050000","0036600000","0","0003000000","3050000","39600000"
1280123004,"01",1,"4190","4010",1,"8",6,"0004500000","0054000000","0004000000","0048000000","0","0006000000","4000000","54000000"
1280019049,"04",1,"7433","1810",3,"8",6,"0000500000","0005500000","0000500000","0005500000","0","0","500000","5500000"
1280019057,"03",1,"2320","8021",1,"6",4,"0005000000","0010000000","0004200000","0010000000","0","0","4200000","10000000"
1280031167,"01",2,"8232","2520",3,NA,NA,"0","0030000000","0","0030000000","0","0","0","30000000"
1280031167,"01",1,"7218","5020",3,"12",7,"0000400000","0001200000","0000400000","0001200000","0","0","400000","1200000"
1280031176,"03",1,"8322","6023",3,"12",7,"0006000000","0076000000","0005460000","0065520000","0","0004000000","5460000","69520000"
1280031176,"04",2,"8324","6023",3,NA,NA,"0","0040500000","0","0035160000","0","0003000000","0","38160000"
1280031176,"04",1,"9314","4521",3,"10",7,"0003000000","0009000000","0003000000","0009000000","0","0","3000000","9000000"
1280031176,"05",1,"3435","7412",3,"10",7,"0004000000","0050000000","0003850000","0044200000","0","0004000000","3850000","48200000"
1280031164,"01",1,"1426","6421",1,"8",6,"0006000000","0076000000","0005300000","0063600000","0","0004000000","5300000","67600000"
1280031170,"01",1,"9152","7492",3,"12",7,"0003500000","0042000000","0003500000","0042000000","0","0","3500000","42000000"
1280031170,"02",1,"9131","7493",3,"8",3,"0000720000","0005000000","0000720000","0005000000","0","0","720000","5000000"
1280031170,"03",1,"7141","4540",3,"4",7,"0002500000","0027000000","0002500000","0027000000","0","0","2500000","27000000"
1280031173,"01",1,"7126","4521",3,"8",3,"0002400000","0015000000","0002400000","0015000000","0","0","2400000","15000000"
1280015172,"01",2,"9211","0111",3,NA,NA,"0","0006000000","0","0006000000","0","0","0","6000000"
1280015172,"01",2,"9314","4521",3,NA,NA,"0","0007000000","0","0007000000","0","0","0","7000000"
1280015172,"01",1,"7126","4523",3,"8",6,"0006000000","0020000000","0006000000","0020000000","0","0","6000000","20000000"
1280015168,"01",1,"8324","6023",3,"6",7,"0006000000","0076000000","0005320000","0063840000","0","0004000000","5320000","67840000"
1280015177,"01",1,"7221","4521",3,"8",6,"0004000000","0042000000","0003814000","0038133000","0","0002000000","3814000","40133000"
1280003097,"01",1,"3222","8513",1,"8",6,"0007000000","0084000000","0006360000","0073980000","0","0003000000","6360000","76980000"
1280003095,"01",2,"9211","0140",3,NA,NA,"0","0010000000","0","0010000000","0","0","0","10000000"
1280007068,"01",1,"1427","6512",1,"8",6,"0011500000","0138000000","0007740000","0092760000","0002250000","0030000000","9990000","122760000"
1280035056,"01",1,"2142","7421",3,"8",6,"0027000000","0320000000","0027000000","0320000000","0","0","27000000","320000000"
1280091151,"01",1,"9211","0124",3,"9",7,"0004370000","0051000000","0004000000","0044000000","0","0003000000","4000000","47000000"
1280035050,"01",1,"2320","8022",1,"8",6,"0007000000","0086000000","0006200000","0072960000","0","0003500000","6200000","76460000"
1280035050,"02",1,"2490","7512",1,"8",6,"0005000000","0064000000","0004705000","0055480000","0","0005000000","4705000","60480000"
1280079062,"01",1,"2213","7513",1,"8",6,"0006100000","0076300000","0005500000","0062000000","0","0007500000","5500000","69500000"
1280035053,"03",1,"2411","7511",1,"8",6,"0007000000","0089500000","0006410000","0075540000","0","0007000000","6410000","82540000"
1280071163,"02",1,"3439","4010",3,"10",6,"0005000000","0063500000","0004705000","0056460000","0","0003500000","4705000","59960000"
1280071160,"01",1,"4133","7513",1,"8",6,"0008500000","0106500000","0007465000","0088360000","0","0006000000","7465000","94360000"
1280071166,"01",1,"2411","7513",1,"8",6,"0007500000","0093500000","0006950000","0083400000","0","0003500000","6950000","86900000"
1280071166,"02",1,"2320","8021",1,"4",6,"0005000000","0063500000","0004487500","0053850000","0","0003500000","4487500","57350000"
1280071159,"01",1,"1427","6512",1,"8",6,"0013000000","0150000000","0008747500","0104970000","0003000000","0030000000","11747500","134970000"
1280055115,"01",1,"9211","0124",3,"12",7,"0003500000","0042000000","0003500000","0042000000","0","0","3500000","42000000"
1280055112,"01",1,"7122","4540",3,"8",6,"0002750000","0024750000","0002750000","0024750000","0","0","2750000","24750000"
1280055111,"01",1,"7233","8031",3,"10",6,"0007200000","0093400000","0006320000","0075840000","0","0007000000","6320000","82840000"
1280055105,"01",1,"4115","7523",1,"8",6,"0006518073","0080716876","0006127960","0073535520","0","0002500000","6127960","76035520"
1280087009,"01",1,"0111","7522",1,"8",6,"0005530000","0068860000","0005380000","0064560000","0","0002500000","5380000","67060000"
1280087009,"02",1,"2331","8012",1,"4",6,"0004552000","0057124000","0004357000","0052284000","0","0002500000","4357000","54784000"
1280087004,"01",1,"2411","6512",1,"8",6,"0008125000","0100000000","0007382000","0088584000","0","0002500000","7382000","91084000"
1280087002,"01",1,"2331","8012",1,"4",6,"0006950000","0085900000","0006195960","0074351520","0","0002500000","6195960","76851520"
1280087002,"02",1,"2331","8012",1,"4",6,"0005630000","0070060000","0005527500","0066330000","0","0002500000","5527500","68830000"
1280087012,"01",1,"2142","7513",1,"8",6,"0063000000","0075600000","0004005000","0048060000","0002000000","0018500000","6005000","66560000"
1280043143,"03",1,"2145","1110",1,"8",6,"0003000000","0018000000","0003000000","0018000000","0","0","3000000","18000000"
1280043140,"01",1,"2143","4010",3,"8",7,"0005000000","0062000000","0004916000","0058992000","0","0002000000","4916000","60992000"
1280043147,"01",1,"3115","2412",3,"8",6,"0005500000","0069500000","0005107334","0061288000","0","0003500000","5107334","64788000"
1280043138,"02",1,"2320","8021",1,"6",4,"0006527000","0081324000","0005702870","0068434440","0","0003000000","5702870","71434440"
1280043138,"03",1,"2451","9213",3,"10",6,"0001500000","0018500000","0001500000","0018000000","0","0000500000","1500000","18500000"
1280079068,"02",2,"9314","4521",3,NA,NA,"0","0005000000","0","0005000000","0","0","0","5000000"
1280079068,"04",1,"7141","4540",3,"7",5,"0004000000","0035000000","0004000000","0035000000","0","0","4000000","35000000"
1280079068,"05",2,"9314","4521",3,NA,NA,"0","0005000000","0","0005000000","0","0","0","5000000"
1280079068,"06",2,"9314","4521",3,NA,NA,"0","0003000000","0","0003000000","0","0","0","3000000"
1280079058,"01",1,"8324","6023",3,"9",5,"0005950000","0069000000","0005500000","0063500000","0","0","5500000","63500000"
1280079065,"01",1,"8332","4522",3,"8",6,"0004950000","0061700000","0004600000","0052200000","0","0005500000","4600000","57700000"
1280007065,"01",1,"5220","5219",1,"9",6,"0005000000","0067500000","0004705000","0056460000","0","0007500000","4705000","63960000"
1280007059,"01",1,"8324","6023",3,"14",6,"0005000000","0067000000","0004705000","0056460000","0","0007000000","4705000","63460000"
1280007059,"03",1,"5220","5522",3,"10",6,"0001800000","0022000000","0001800000","0022000000","0","0","1800000","22000000"
1280003093,"01",1,"3439","4010",1,"8",6,"0009000000","0118000000","0007917500","0095010000","0","0010000000","7917500","105010000"
1280139173,"01",1,"4215","6512",1,"10",6,"0005750000","0071500000","0004766667","0058700000","0000750000","0010000000","5516667","68700000"
1280139175,"01",1,"4190","0201",1,"8",6,"0004800000","0060100000","0004048000","0048576000","0","0002500000","4048000","51076000"
1280139165,"01",1,"7131","4521",3,"10",5,"0003500000","0028000000","0003500000","0028000000","0","0","3500000","28000000"
1280139167,"01",1,"4211","6512",1,"11",6,"0008175000","0098500000","0005590100","0067081200","0001250000","0002500000","6840100","69581200"
1280059098,"01",1,"8322","6022",3,"8",6,"0003850000","0046500000","0003500000","0040000000","0","0003000000","3500000","43000000"
1280143100,"01",1,"9314","4521",3,"8",5,"0001500000","0012000000","0001500000","0012000000","0","0","1500000","12000000"
1280143112,"01",1,"2461","9193",1,"5",7,"0000350000","0004200000","0000350000","0004200000","0","0","350000","4200000"
1280143109,"02",1,"2432","9231",3,"8",6,"0000500000","0002500000","0000500000","0002500000","0","0","500000","2500000"
1280083103,"01",1,"9314","4521",3,"8",4,"0002250000","0027000000","0002250000","0027000000","0","0","2250000","27000000"
1280083095,"02",1,"5130","9500",3,"10",6,"0000600000","0003000000","0000600000","0003000000","0","0","600000","3000000"
1280083098,"01",1,"5220","5232",3,"10",6,"0002500000","0030000000","0002500000","0030000000","0","0","2500000","30000000"
1280039007,"01",1,"2310","8031",1,"7",2,"0004610800","0040000000","0004610000","0040000000","0","0","4610000","40000000"
1280039007,"03",1,"2142","2412",3,"8",6,"0002800000","0033000000","0002500000","0025000000","0","0004500000","2500000","29500000"
1280095012,"01",1,"7222","2722",1,"8",6,"0005750000","0073300000","0005300000","0058800000","0","0009500000","5300000","68300000"
1280095004,"01",1,"9314","4521",3,"8",4,"0001500000","0030000000","0001500000","0030000000","0","0","1500000","30000000"
1280095004,"03",1,"7112","2722",1,"8",6,"0005100000","0064900000","0004650000","0050400000","0","0009000000","4650000","59400000"
1280095001,"02",1,"9314","4521",3,"8",4,"0002000000","0028000000","0002000000","0028000000","0","0","2000000","28000000"
1280067211,"01",1,"9160","7511",1,"10",7,"0005600000","0072000000","0005150000","0059000000","0","0007500000","5150000","66500000"
1280067216,"01",1,"3416","7513",1,"8",6,"0006050000","0079150000","0005500000","0064500000","0","0008500000","5500000","73000000"
1280047003,"01",1,"9333","2412",1,"8",6,"0004650000","0064500000","0004200000","0051500000","0","0007500000","4200000","59000000"
1280039003,"01",1,"8324","6023",3,"8",6,"0004900000","0062800000","0004500000","0051000000","0","0008000000","4500000","59000000"
1280091150,"01",1,"5123","6512",3,"8",6,"0004150000","0054200000","0003800000","0044000000","0","0006000000","3800000","50000000"
1280063158,"01",1,"9314","4522",1,"8",6,"0004050000","0050500000","0003700000","0041500000","0","0005000000","3700000","46500000"
1280075102,"01",1,"9314","4521",3,"8",2,"0001000000","0006000000","0001000000","0006000000","0","0","1000000","6000000"
1280091145,"01",1,"9132","7493",1,"8",6,"0005100000","0065500000","0004650000","0052500000","0","0007500000","4650000","60000000"
1280091145,"03",1,"2230","8511",1,"7",6,"0004550000","0057500000","0004200000","0049000000","0","0004500000","4200000","53500000"
1280063167,"01",1,"7126","4521",3,"8",5,"0005000000","0035000000","0005000000","0035000000","0","0","5000000","35000000"
1280063167,"03",1,"3429","5110",3,"7",6,"0003000000","0028000000","0003000000","0028000000","0","0","3000000","28000000"
1280063167,"04",1,"9314","4521",3,"8",5,"0002400000","0020000000","0002400000","0020000000","0","0","2400000","20000000"
1280067207,"03",1,"4190","4522",3,"8",6,"0005500000","0066000000","0005050000","0056500000","0","0004500000","5050000","61000000"
1280023165,"01",1,"7417","1545",3,"7",6,"0002000000","0024000000","0002000000","0024000000","0","0","2000000","24000000"
1280023171,"01",1,"9211","0124",3,"10",7,"0003500000","0031500000","0003500000","0031500000","0","0","3500000","31500000"
1280023158,"01",2,"9314","4521",3,NA,NA,"0","0012000000","0","0012000000","0","0","0","12000000"
1280023167,"01",1,"9211","0124",3,"10",7,"0002000000","0024000000","0002000000","0024000000","0","0","2000000","24000000"
1280023167,"02",1,"5130","9500",3,"4",6,"0000500000","0003000000","0000500000","0003000000","0","0","500000","3000000"
1280075115,"01",1,"8324","4522",3,"10",6,"0009250000","0111000000","0008500000","0098000000","0","0005000000","8500000","103000000"
1280111250,"02",1,"2331","8012",1,"8",6,"0005000000","0060000000","0004500000","0054000000","0","0003000000","4500000","57000000"
1280111246,"01",1,"7133","4540",3,"8",6,"0003000000","0030000000","0003000000","0030000000","0","0","3000000","30000000"
1280111252,"01",1,"2490","6512",1,"8",6,"0005200000","0062400000","0004700000","0056400000","0","0003000000","4700000","59400000"
1280111252,"02",1,"2320","8021",1,"8",6,"0005000000","0060000000","0004500000","0054000000","0","0003000000","4500000","57000000"
1280103171,"03",1,"9314","4521",3,"8",5,"0002000000","0025000000","0002000000","0025000000","0","0","2000000","25000000"
1280103161,"01",1,"3435","6512",1,"8",6,"0008000000","0096000000","0007400000","0088800000","0","0003000000","7400000","91800000"
1280103159,"01",1,"4211","6512",1,"8",6,"0006000000","0072000000","0005500000","0066000000","0","0003000000","5500000","69000000"
1280088051,"01",1,"8324","6023",3,"10",5,"0007050000","0085500000","0006500000","0075000000","0","0005000000","6500000","80000000"
1280088051,"03",1,"2331","8012",1,"5",5,"0005100000","0020400000","0004700000","0018800000","0","0","4700000","18800000"
1280088049,"01",1,"1429","8021",1,"5",6,"0006950000","0091500000","0006200000","0068500000","0","0015000000","6200000","83500000"
1280052117,"01",1,"0112","7522",1,"8",6,"0008500000","0069000000","0005500000","0066000000","0","0003000000","5500000","69000000"
1280064113,"01",1,"2320","8021",1,"6",4,"0006453575","0079942900","0005823951","0069887412","0","0002500000","5823951","72387412"
1280064113,"02",1,"2331","8012",1,"4",6,"0005750000","0071500000","0005071500","0060858000","0","0002500000","5071500","63358000"
1280016008,"01",1,"0112","7522",1,"8",6,"0007000000","0087000000","0006298000","0075576000","0","0003000000","6298000","78576000"
1280028007,"01",1,"7133","4540",3,"7",4,"0002900000","0035000000","0002900000","0035000000","0","0","2900000","35000000"
1280112151,"04",1,"8323","6022",3,"8",5,"0003000000","0036000000","0003000000","0036000000","0","0","3000000","36000000"
1280112148,"03",1,"2142","7511",1,"8",6,"0005000000","0030000000","0004600000","0027600000","0","0","4600000","27600000"
1280136057,"02",1,"2331","8012",1,"06",6,"0002000000","0019000000","0002000000","0016000000","0","0003000000","2000000","19000000"
1280060003,"01",1,"2429","8031",1,"8",6,"0010160000","0081880000","0006613453","0078361436","0002608000","0002608000","9221453","80969436"
1280016003,"01",1,"7417","1545",3,"07",6,"0002870000","0034440000","0002728000","0032736000","0","0","2728000","32736000"
1280016005,"01",1,"7417","1545",3,"8",6,"0002740000","0032880000","0002598000","0031176000","0","0","2598000","31176000"
1280124171,"01",1,"7417","1545",3,"8",6,"0002800000","0033600000","0002800000","0033600000","0","0","2800000","33600000"
1280136066,"01",1,"9314","4521",3,"08",5,"0001500000","0025000000","0001500000","0025000000","0","0","1500000","25000000"
1280060007,"03",1,"3134","9213",3,"8",6,"0004000000","0026000000","0002000000","0024000000","0002000000","0002000000","4000000","26000000"
1280060012,"01",1,"2320","8012",1,"4",6,"0011172255","0099087060","0006224886","0074698632","0003180000","0003180000","9404886","77878632"
1280024200,"01",1,"8322","6022",3,"9",6,"0003500000","0042000000","0003104000","0037248000","0","0","3104000","37248000"
1280124165,"01",1,"9314","4521",3,"08",5,"0001200000","0025000000","0001200000","0025000000","0","0","1200000","25000000"
1280024195,"02",1,"8324","6023",3,"12",7,"0005000000","0060000000","0004440000","0053280000","0","0","4440000","53280000"
1280024195,"03",1,"4133","7522",1,"8",6,"0004000000","0051180000","0003640000","0043680000","0","0003180000","3640000","46860000"
1280024206,"02",1,"7141","4540",3,"8",4,"0001920000","0020000000","0001920000","0020000000","0","0","1920000","20000000"
1280004151,"01",1,"8324","6023",3,"12",6,"0004000000","0052000000","0003814000","0045768000","0","0004000000","3814000","49768000"
1280100012,"01",1,"9314","4521",3,"8",4,"0001920000","0020000000","0001920000","0020000000","0","0","1920000","20000000"
1280100012,"03",1,"8331","0140",3,"8",2,"0000800000","0005000000","0000800000","0005000000","0","0","800000","5000000"
1280100005,"01",1,"8324","6023",3,"15",7,"0006000000","0042000000","0005534000","0038738000","0","0","5534000","38738000"
1280024197,"01",1,"7126","4523",1,"8",7,"0006000000","0078000000","0005675000","0068100000","0","0006000000","5675000","74100000"
1280100007,"02",1,"9141","8012",3,"8",6,"0000400000","0002850000","0000400000","0002700000","0","0000150000","400000","2850000"
1280100007,"03",1,"9314","4521",3,"8",3,"0001200000","0009000000","0001200000","0009000000","0","0","1200000","9000000"
1280004155,"01",1,"5220","5222",3,"10",6,"0002700000","0034900000","0002558000","0030696000","0","0002500000","2558000","33196000"
1280052114,"04",1,"9160","9002",3,"8",6,"0001800000","0021600000","0001800000","0021600000","0","0","1800000","21600000"
1280052114,"05",1,"0112","7522",1,"10",6,"0000260000","0003120000","0000260000","0003120000","0","0","260000","3120000"
1280088059,"01",1,"5169","4100",1,"8",6,"0005150000","0069300000","0004750000","0055500000","0","0009500000","4750000","65000000"
1280088062,"03",1,"4214","7020",3,"8",6,"0002500000","0030000000","0002500000","0030000000","0","0","2500000","30000000"
1280092014,"03",1,"9314","4521",3,"8",4,"0001500000","0025000000","0001500000","0025000000","0","0","1500000","25000000"
1280092014,"04",1,"9314","4521",3,"8",3,"0001500000","0020000000","0001500000","0020000000","0","0","1500000","20000000"
1280056065,"01",1,"9314","4521",3,"8",5,"0003700000","0042000000","0003500000","0042000000","0","0","3500000","42000000"
1280056059,"01",1,"9160","7511",1,"11",6,"0006020000","0076240000","0004850000","0058200000","0001170000","0018040000","6020000","76240000"
1280116207,"01",1,"9314","4521",3,"8",5,"0002000000","0030000000","0002000000","0030000000","0","0","2000000","30000000"
1280092004,"01",1,"9314","4521",3,"8",4,"0001600000","0027000000","0001600000","0027000000","0","0","1600000","27000000"
1280092004,"03",2,"9314","4521",3,NA,NA,"0","0004000000","0","0004000000","0","0","0","4000000"
1280092002,"01",1,"9211","0124",3,"10",7,"0003000000","0036000000","0003000000","0036000000","0","0","3000000","36000000"
1280092002,"03",1,"9314","4521",3,"8",3,"0001000000","0015000000","0001000000","0015000000","0","0","1000000","15000000"
1280116216,"01",1,"9314","4521",3,"8",5,"0002500000","0025000000","0002500000","0025000000","0","0","2500000","25000000"
1280020151,"01",1,"4211","6592",3,"8",6,"0006000000","0075180000","0005675000","0068100000","0","0003180000","5675000","71280000"
1280020145,"01",1,"2310","8031",1,"8",6,"0005800000","0072780000","0005505000","0066060000","0","0003180000","5505000","69240000"
1280032168,"01",1,"8322","7511",3,"10",6,"0006000000","0075180000","0005557500","0066690000","0","0003180000","5557500","69870000"
1280056056,"01",1,"7437","3610",3,"12",6,"0006900000","0087500000","0003900000","0051200000","0002200000","0022000000","6100000","73200000"
1280092011,"01",1,"4223","6422",3,"8",6,"0007250000","0095500000","0006700000","0079500000","0","0010000000","6700000","89500000"
1280032164,"03",1,"2131","8031",1,"8",6,"0006000000","0075180000","0005630000","0067560000","0","0003180000","5630000","70740000"
1280032161,"01",1,"2422","7523",1,"8",6,"0012000000","0147180000","0010347500","0124170000","0","0003180000","10347500","127350000"
1280128160,"01",1,"9314","4521",3,"8",5,"0001500000","0030000000","0001500000","0030000000","0","0","1500000","30000000"
1280128149,"01",1,"9314","4521",3,"8",5,"0002000000","0035000000","0002000000","0035000000","0","0","2000000","35000000"
1280020140,"01",1,"7122","4540",3,"8",6,"0005200000","0067400000","0004875000","0058500000","0","0005000000","4875000","63500000"
1280020142,"01",1,"2320","8021",1,"6",6,"0008000000","0099180000","0007070000","0084840000","0","0003180000","7070000","88020000"
1280076213,"01",1,"9314","4521",3,"8",6,"0003500000","0042000000","0003500000","0042000000","0","0","3500000","42000000"
1280004148,"01",1,"3231","8517",1,"8",6,"0007000000","0087000000","0006183000","0074196000","0","0003000000","6183000","77196000"
1280004148,"02",1,"3231","8517",1,"8",6,"0006000000","0075000000","0005297500","0063570000","0","0003000000","5297500","66570000"
1280004144,"01",1,"9152","9305",3,"12",7,"0003000000","0090000000","0002858000","0085740000","0","0","2858000","85740000"
1280004144,"01",2,"9211","0113",3,NA,NA,"0","0004500000","0","0004500000","0","0","0","4500000"
1280140060,"01",1,"8132","2697",3,"10",6,"0008000000","0096000000","0007787900","0093454800","0","0","7787900","93454800"
1280140062,"04",1,"7221","4521",3,"10",6,"0001500000","0018000000","0001500000","0018000000","0","0","1500000","18000000"
1280076205,"01",1,"4190","7511",3,"8",6,"0004500000","0058500000","0004500000","0054000000","0","0004500000","4500000","58500000"
1280076205,"02",1,"2331","8012",1,"4",6,"0005400000","0067500000","0004700000","0056400000","0","0002700000","4700000","59100000"
1280076208,"02",1,"0112","7513",1,"8",6,"0000500000","0002500000","0000500000","0002500000","0","0","500000","2500000"
1280076212,"01",1,"8322","6023",1,"8",6,"0003210000","0043520000","0003210000","0038520000","0","0005000000","3210000","43520000"
1280076212,"02",1,"2412","7512",3,"8",6,"0001500000","0001500000","0001500000","0001500000","0","0","1500000","1500000"
1280140064,"01",1,"4190","7512",1,"8",6,"0004200000","0053580000","0003957334","0047488000","0","0003180000","3957334","50668000"
1280140064,"02",1,"3231","8513",1,"8",6,"0005200000","0065580000","0004822000","0057864000","0","0003180000","4822000","61044000"
1280004146,"01",1,"8332","4522",3,"10",7,"0004000000","0052000000","0003814000","0045768000","0","0004000000","3814000","49768000"
1280008266,"01",1,"7218","5020",3,"10",6,"0005000000","0055000000","0005000000","0055000000","0","0","5000000","55000000"
1280008274,"01",1,"7221","4521",3,"8",6,"0004000000","0050000000","0004000000","0050000000","0","0","4000000","50000000"
1280008271,"01",1,"7245","4522",1,"8",6,"0008000000","0102000000","0007412000","0088944000","0","0006000000","7412000","94944000"
1280040111,"04",1,"7122","4540",3,"8",4,"0017500000","0021000000","0001750000","0021000000","0","0","1750000","21000000"
1280044054,"01",1,"9314","4521",3,"8",6,"0003600000","0046500000","0003600000","0043200000","0","0003300000","3600000","46500000"
1280060015,"01",1,"2320","8021",1,"8",6,"0009764000","0079008000","0005801720","0069620640","0003180000","0003180000","8981720","72800640"
1280108115,"01",1,"8323","6021",3,"8",6,"0004000000","0050000000","0004000000","0050000000","0","0","4000000","50000000"
1280108115,"02",1,"2331","8012",1,"6",6,"0009200000","0072000000","0005200000","0062400000","0004000000","0004000000","9200000","66400000"
1280008261,"01",1,"7122","4540",3,"10",4,"0003000000","0065000000","0003000000","0065000000","0","0","3000000","65000000"
1280064118,"01",1,"8322","6022",3,"12",6,"0003000000","0024000000","0003000000","0024000000","0","0","3000000","24000000"
1280144215,"01",1,"7137","4532",3,"8",6,"0003500000","0035000000","0003500000","0035000000","0","0","3500000","35000000"
1280044058,"01",1,"5220","5222",3,"10",6,"0002500000","0030000000","0002500000","0030000000","0","0","2500000","30000000"
1280012006,"01",1,"5220","5232",3,"10",6,"0005000000","0065000000","0004700000","0056400000","0","0005000000","4700000","61400000"
1280012009,"01",1,"9314","4521",3,"8",4,"0001920000","0020000000","0001920000","0020000000","0","0","1920000","20000000"
1280012009,"02",1,"4141","7497",3,"9",6,"0001200000","0015000000","0001200000","0015000000","0","0","1200000","15000000"
1280012011,"01",1,"7122","4521",3,"8",5,"0006000000","0080000000","0006000000","0080000000","0","0","6000000","80000000"
1280048095,"01",1,"5141","9302",3,"12",6,"0001500000","0020000000","0001500000","0020000000","0","0","1500000","20000000"
1280104003,"01",1,"9333","9305",3,"10",7,"0004000000","0048000000","0004000000","0048000000","0","0","4000000","48000000"
1280048099,"02",1,"2331","8012",1,"4",6,"0009170000","0069060000","0004862900","0058354800","0003180000","0003180000","8042900","61534800"
1280048101,"01",1,"5162","7522",1,"8",6,"0010180000","0087180000","0005743500","0068922000","0003180000","0003180000","8923500","72102000"
1280012002,"01",1,"9152","2731",1,"8",7,"0007000000","0090000000","0006560000","0078720000","0","0006000000","6560000","84720000"
1280012013,"01",1,"9314","4521",3,"8",4,"0001920000","0030000000","0001920000","0030000000","0","0","1920000","30000000"
1280080169,"01",1,"9314","4521",3,"7",3,"0001000000","0020000000","0001000000","0020000000","0","0","1000000","20000000"
1280104014,"01",1,"2320","8012",1,"6",6,"0007000000","0084000000","0006250000","0075000000",NA,"0003180000","6250000","78180000"
1280068168,"01",1,"7233","4531",3,"5",5,"0007550000","0089500000","0007000000","0079000000","0","0005000000","7000000","84000000"
1280068163,"01",1,"2331","8012",3,"4",6,"0001000000","0010000000","0001000000","0010000000","0","0","1000000","10000000"
1280068163,"02",1,"2320","8021",1,"6",4,"0005900000","0081000000","0005250000","0061500000","0","0006500000","5250000","68000000"
1280068163,"03",1,"2332","8011",3,"4",6,"0000700000","0008500000","0000700000","0008500000","0","0","700000","8500000"
1280120151,"01",1,"7413","1545",3,"8",6,"0003500000","0042000000","0003500000","0042000000","0","0","3500000","42000000"
1280120160,"01",1,"4190","4010",3,"8",6,"0009000000","0078000000","0005600000","0067200000","0003000000","0003000000","8600000","70200000"
1280120160,"02",1,"4212","6512",1,"8",6,"0008500000","0069600000","0005000000","0060000000","0003000000","0003000000","8000000","63000000"
1280084157,"01",1,"0112","7522",1,"8",6,"0009950000","0082100000","0005800000","0069600000","0003500000","0005000000","9300000","74600000"
1280084164,"01",1,"7123","4521",3,"8",4,"0004900000","0059800000","0004500000","0055000000",NA,NA,"4500000","55000000"
1280132058,"01",1,"9314","4521",3,"8",6,"0002500000","0030000000","0002500000","0030000000","0","0","2500000","30000000"
1280112156,"01",1,"2320","8021",1,"8",6,"0010300000","0090600000","0007300000","0087600000","0003000000","0003000000","10300000","90600000"
1280112156,"02",1,"2320","8021",1,"8",6,"0006500000","0045000000","0003500000","0042000000","0003000000","0003000000","6500000","45000000"
1280120156,"01",1,"2490","7511",1,"10",6,"0013000000","0112000000","0007200000","0086400000","0005000000","0025000000","12200000","111400000"
1280120163,"01",1,"7221","2892",1,"08",6,"0006800000","0054000000","0003800000","0045600000","0003000000","0003000000","6800000","48600000"
1280132053,"01",1,"2331","8012",1,"6",6,"0009000000","0072000000","0005400000","0064800000","0003000000","0003000000","8400000","67800000"
1280132057,"01",1,"4190","8012",1,"8",6,"0009800000","0081600000","0006000000","0072000000","0003000000","0003000000","9000000","75000000"
1280132057,"03",1,"7422","3610",3,"8",6,"0001800000","0010800000","0001800000","0010800000","0","0","1800000","10800000"
1280008268,"01",1,"2331","8012",1,"5",5,"0007000000","0087180000","0006240000","0074880000","0","0003180000","6240000","78060000"
1280020150,"01",1,"7123","2695",3,"8",6,"0005000000","0065000000","0004705000","0056460000","0","0005000000","4705000","61460000"
1280020150,"02",1,"7433","1810",3,"8",6,"0001500000","0020000000","0001500000","0018000000","0","0002000000","1500000","20000000"
1280072124,"01",1,"3114","6421",1,"8",6,"0013950000","0122000000","0007900000","0094500000","0005000000","0009000000","12900000","103500000"
1280096059,"01",1,"5161","2722",1,"8",6,"0013150000","0085500000","0006000000","0070500000","0006500000","0010000000","12500000","80500000"
1280096049,"01",1,"5169","2722",1,"8",6,"0013900000","0094500000","0006500000","0077000000","0007000000","0012000000","13500000","89000000"
1280096052,"01",1,"2149","2722",1,"8",6,"0013700000","0095500000","0006500000","0078000000","0006500000","0012000000","13000000","90000000"
1280096055,"01",1,"7245","2722",1,"8",6,"0013050000","0088500000","0006000000","0072000000","0006500000","0011000000","12500000","83000000"
1280072118,"03",1,"7224","2892",3,"8",6,"0002500000","0030000000","0002500000","0030000000","0","0","2500000","30000000"
1280028010,"01",1,"8322","6023",3,"8",6,"0004850000","0061500000","0004500000","0052500000","0","0005000000","4500000","57500000"
1280072120,"03",1,"4190","4521",3,"8",6,"0009400000","0055500000","0004000000","0046500000","0005000000","0005000000","9000000","51500000"
1280128157,"01",1,"7123","4521",3,"8",6,"0003500000","0042000000","0003500000","0042000000","0","0","3500000","42000000"
1280040115,"03",1,"2332","8011",3,"7",6,"0000700000","0008500000","0000700000","0008500000","0","0","700000","8500000"
1280036051,"01",1,"1410","8031",1,"8",6,"0008000000","0099180000","0007337500","0088050000","0","0003180000","7337500","91230000"
1280040101,"01",1,"3413","7020",3,"8",6,"0002000000","0045000000","0002000000","0045000000","0","0","2000000","45000000"
1280084155,"03",2,"9314","4521",3,NA,NA,"0","0015000000","0","0015000000","0","0","0","15000000"
1280084155,"04",1,"9314","4521",3,"8",4,"0002000000","0018000000","0002000000","0018000000","0","0","2000000","18000000"
1280084155,"05",1,"7241","3140",3,"7",6,"0001800000","0020000000","0001800000","0020000000","0","0","1800000","20000000"
1280068174,"01",1,"3412","7530",1,"7",6,"0006950000","0089500000","0006300000","0072500000","0","0010000000","6300000","82500000"
1280080175,"01",1,"9333","9305",3,"8",6,"0002750000","0036000000","0002500000","0030000000","0","0003000000","2500000","33000000"
1290049104,"02",1,"4190","7511",1,"8",6,"0003300000","0042600000","0002500000","0030000000","0","0003000000","2500000","33000000"
1290041106,"01",1,"9314","4521",3,"8",4,"0003000000","0036000000","0003000000","0036000000","0","0","3000000","36000000"
1290041107,"02",1,"2320","8021",1,"4",6,"0004000000","0051000000","0003240000","0038880000","0","0003000000","3240000","41880000"
1290041103,"01",1,"9211","7511",1,"8",6,"0004600000","0063200000","0003700000","0044400000","0","0008000000","3700000","52400000"
1290041103,"03",1,"9314","4521",3,"10",6,"0001500000","0018000000","0001500000","0018000000","0","0","1500000","18000000"
1290089263,"01",1,"4142","8520",1,"8",6,"0003000000","0039000000","0002860000","0034320000","0","0003000000","2860000","37320000"
1290109053,"01",1,"9211","0111",3,"4",4,"0000700000","0008400000","0000700000","0008400000","0","0","700000","8400000"
1290109059,"01",1,"7431","1711",3,"8",6,"0031360000","0044332000","0002800000","0033600000","0","0006700000","2800000","40300000"
1290109065,"01",1,"2320","8021",1,"4",5,"0006903270","0086339240","0006299654","0075595848","0","0003500000","6299654","79095848"
1290061101,"01",1,"2320","8021",1,"8",6,"0007000000","0087000000","0005570000","0066840000","0","0003000000","5570000","69840000"
1290061106,"01",1,"3221","8511",1,"10",7,"0005400000","0067800000","0004800000","0057600000","0","0003000000","4800000","60600000"
1290061112,"01",1,"5123","5010",3,"10",5,"0003000000","0036000000","0003000000","0036000000","0","0","3000000","36000000"
1290061112,"02",1,"2320","8021",1,"8",6,"0006500000","0081000000","0005300000","0063600000","0","0003000000","5300000","66600000"
1290049091,"01",1,"5122","5521",3,"8",7,"0004000000","0048000000","0004000000","0048000000","0","0","4000000","48000000"
1290049100,"03",1,"7132","4540",3,"10",6,"0001300000","0015600000","0001300000","0015600000","0","0","1300000","15600000"
1290109063,"01",1,"9314","4521",3,"8",6,"0002400000","0028800000","0002400000","0028800000","0","0","2400000","28800000"
1290057106,"01",1,"9141","8031",1,"10",7,"0004900000","0064800000","0004000000","0048000000","0","0006000000","4000000","54000000"
1290009194,"01",1,"4141","7514",1,"8",6,"0006400000","0079800000","0005400000","0064800000","0","0003000000","5400000","67800000"
1290009194,"02",1,"2411","1724",3,"8",3,"0002200000","0028400000","0001700000","0020400000","0","0002000000","1700000","22400000"
1290057100,"01",1,"7212","4521",3,"8",6,"0003000000","0036000000","0003000000","0036000000","0","0","3000000","36000000"
1290057112,"01",1,"5220","5238",3,"10",6,"0003500000","0042000000","0003500000","0042000000","0","0","3500000","42000000"
1290029005,"01",1,"7417","1545",3,"8",6,"0002080000","0024960000","0002080000","0024960000","0","0","2080000","24960000"
1290029010,"01",1,"9314","4521",3,"8",6,"0003000000","0036000000","0003000000","0036000000","0","0","3000000","36000000"
1290097193,"01",1,"9314","4521",3,"8",2,"0000800000","0008000000","0000800000","0008000000","0","0","800000","8000000"
1290097197,"01",1,"4223","6022",1,"8",6,"0003000000","0036000000","0003000000","0036000000","0","0","3000000","36000000"
1290097203,"01",1,"9132","8511",3,"8",6,"0003000000","0039000000","0002860000","0034320000","0","0003000000","2860000","37320000"
1290037014,"01",1,"9314","4521",3,"8",6,"0003500000","0042000000","0003500000","0042000000","0","0","3500000","42000000"
1290037012,"03",1,"4190","7511",1,"6",1,"0001000000","0012000000","0001000000","0012000000","0","0","1000000","12000000"
1290069174,"01",1,"7111","1429",3,"8",6,"0004500000","0060000000","0004240000","0051880000","0","0005000000","4240000","56880000"
1290097191,"01",2,"9314","4521",3,NA,NA,"0","0015000000","0","0015000000","0","0","0","15000000"
1290105171,"04",1,"8132","2697",3,"8",6,"0002880000","0002880000","0002880000","0002880000","0","0","2880000","2880000"
1290069170,"01",1,"0112","7522",1,"8",6,"0004500000","0058000000","0004095000","0050140000","0","0003000000","4095000","53140000"
1290069167,"01",1,"7126","4521",3,"8",5,"0005000000","0050000000","0005000000","0050000000","0","0","5000000","50000000"
1290105157,"01",1,"2320","8021",1,"6",6,"0006770000","0084240000","0006076200","0072914400","0","0003000000","6076200","75914400"
1290093095,"01",1,"7126","4522",3,"8",6,"0007500000","0090000000","0007500000","0090000000","0","0","7500000","90000000"
1290093095,"04",1,"7221","2811",3,"8",6,"0001500000","0018000000","0001500000","0001800000","0","0","1500000","1800000"
1290093101,"01",1,"2490","6421",1,"8",6,"0006498000","0083676000","0005700000","0068400000","0","0005700000","5700000","74100000"
1290093107,"01",1,"5122","4522",3,"8",7,"0003360000","0043320000","0003000000","0036000000","0","0003000000","3000000","39000000"
1290017120,"01",1,"8324","7513",1,"8",6,"0006120000","0076440000","0005500000","0066000000","0","0003000000","5500000","69000000"
1290017120,"03",1,"7326","2698",3,"8",6,"0002240000","0029880000","0002000000","0024000000","0","0003000000","2000000","27000000"
1290013184,"01",1,"0112","7522",1,"8",6,"0005600000","0070200000","0005050000","0060600000","0","0003000000","5050000","63600000"
1290065052,"01",1,"9314","4521",3,"8",6,"0002400000","0028800000","0002400000","0028800000","0","0","2400000","28800000"
1290069174,"04",1,"7221","2811",3,"8",6,"0002000000","0024000000","0002000000","0024000000","0","0","2000000","24000000"
1290093096,"01",1,"8324","7513",1,"8",6,"0004000000","0052000000","0003590000","0044080000","0","0003000000","3590000","47080000"
1290093096,"03",1,"7126","4522",3,"8",6,"0001000000","0012000000","0001000000","0012000000","0","0","1000000","12000000"
1290117059,"01",1,"2461","9197",1,"8",6,"0004000000","0052000000","0003590000","0044080000","0","0003000000","3590000","47080000"
1290013193,"01",1,"4215","6512",3,"8",6,"0003424000","0044088000","0003200000","0038400000","0","0003000000","3200000","41400000"
1290001053,"01",1,"0112","7522",1,"8",6,"0005500000","0070000000","0005005000","0061060000","0","0003000000","5005000","64060000"
1290001053,"03",1,"7218","3610",3,"8",6,"0000600000","0007200000","0000600000","0007200000","0","0","600000","7200000"
1290001064,"01",1,"9314","4521",3,"8",6,"0003000000","0036000000","0003000000","0036000000","0","0","3000000","36000000"
1290001058,"01",1,"7212","4521",3,"8",6,"0002700000","0032400000","0002700000","0032400000","0","0","2700000","32400000"
1290001061,"01",1,"7231","7513",3,"8",6,"0003360000","0046320000","0003000000","0036000000","0","0006000000","3000000","42000000"
1290065057,"01",1,"2320","8021",1,"8",6,"0005358000","0067896000","0004700000","0056400000","0","0003600000","4700000","60000000"
1290065058,"01",1,"9314","4521",3,"8",3,"0001000000","0009000000","0001000000","0009000000","0","0","1000000","9000000"
1290117064,"04",1,"9314","4521",3,"8",6,"0002800000","0033600000","0002800000","0033600000","0","0","2800000","33600000"
1290025001,"01",1,"7417","1545",3,"9",6,"0002500000","0030000000","0002200000","0026400000","0","0","2200000","26400000"
1290025001,"02",1,"9132","8012",1,"8",6,"0000800000","0009600000","0000800000","0009600000","0","0","800000","9600000"
1290005166,"02",1,"2320","8021",1,"4",6,"0005000000","0063000000","0004000000","0048000000","0","0003000000","4000000","51000000"
1290005157,"03",1,"7326","2698",3,"8",6,"0003000000","0036000000","0002700000","0032400000","0","0","2700000","32400000"
1290005171,"01",1,"4190","7512",1,"8",6,"0005000000","0063000000","0003500000","0042000000","0","0003000000","3500000","45000000"
1290025009,"01",2,"5122","5521",3,NA,NA,"0","0013000000","0","0013000000","0","0","0","13000000"
1290025013,"01",1,"9314","4522",3,"8",6,"0003000000","0036000000","0002860000","0034320000","0","0","2860000","34320000"
1290053010,"02",1,"3211","8031",1,"8",6,"0004000000","0051000000","0003000000","0036000000","0","0003000000","3000000","39000000"
1290053003,"01",1,"3444","7513",1,"10",6,"0006700000","0083400000","0005000000","0060000000","0","0003000000","5000000","63000000"
1290005162,"05",1,"2320","8021",1,"8",6,"0005000000","0063000000","0003500000","0042000000","0","0003000000","3500000","45000000"
1290021165,"01",1,"9314","4521",3,"8",6,"0002500000","0030000000","0002500000","0030000000","0","0","2500000","30000000"
1290021169,"01",1,"9314","4521",3,"8",4,"0002000000","0024000000","0002000000","0024000000","0","0","2000000","24000000"
1290053013,"03",1,"3439","4100",1,"8",6,"0004200000","0053400000","0004000000","0048000000",NA,"0003000000","4000000","51000000"
1290081333,"05",1,"5220","5030",3,"8",6,"0002500000","0030000000","0002500000","0030000000","0","0","2500000","30000000"
1290113054,"01",1,"2143","1711",3,"8",6,"0006050000","0080100000","0005626350","0067516200","0","0007500000","5626350","75016200"
1290073005,"01",1,"9152","6421",1,"8",7,"0005600000","0070200000","0005000000","0060000000","0","0003000000","5000000","63000000"
1290021167,"01",2,"5220","5050",3,NA,NA,"0","0030000000","0","0028600000","0","0","0","28600000"
1290033001,"01",1,"5220","5234",3,"8",6,"0001000000","0012000000","0001000000","0012000000","0","0","1000000","12000000"
1290033008,"01",1,"0112","7522",1,"8",6,"0004000000","0052000000","0003640000","0044680000","0","0003000000","3640000","47680000"
1290033010,"01",1,"5123","5521",3,"8",5,"0002000000","0024000000","0002000000","0024000000","0","0","2000000","24000000"
1290033015,"04",1,"5111","6023",3,"8",6,"0002000000","0024000000","0002000000","0024000000","0","0","2000000","24000000"
1290073002,"01",1,"8152","2694",3,"8",6,"0005400000","0067800000","0005098000","0061176000","0","0003000000","5098000","64176000"
1290081332,"01",1,"7212","4521",3,"8",6,"0003000000","0036000000","0002860000","0034320000","0","0","2860000","34320000"
1290081336,"01",1,"9141","8032",1,"12",7,"0002130000","0025560000","0002130000","0025560000","0","0","2130000","25560000"
1290077111,"01",2,"8161","4010",1,NA,NA,"0","0024500000","0","0024500000","0","0","0","24500000"
1290077108,"01",1,"0112","7522",1,"8",6,"0005100000","0065700000","0004641000","0057192000","0","0003000000","4641000","60192000"
1290077106,"01",1,"9314","4521",3,"8",6,"0002800000","0033600000","0002800000","0033600000","0","0","2800000","33600000"
1290085272,"01",1,"8324","6023",3,"10",5,"0003510000","0042120000","0003000000","0036000000","0","0","3000000","36000000"
1290121179,"01",1,"9160","7511",1,"8",6,"0003920000","0053040000","0003500000","0042000000","0","0006000000","3500000","48000000"
1290121166,"01",1,"3231","8511",1,"8",6,"0004000000","0052000000","0003590000","0044080000","0","0003000000","3590000","47080000"
1290121166,"03",1,"3416","8531",3,"8",6,"0001900000","0003800000","0001900000","0003800000","0","0","1900000","3800000"
1290121173,"01",1,"9160","7511",1,"8",6,"0003920000","0053040000","0003500000","0042000000","0","0006000000","3500000","48000000"
1290101167,"06",1,"9211","0111",3,"8",7,"0002800000","0005600000","0002800000","0005600000","0","0","2800000","5600000"
1290045122,"01",1,"4190","7523",1,"8",6,"0003800000","0048600000","0003000000","0036000000","0","0003000000","3000000","39000000"
1290045119,"01",1,"5163","7523",1,"8",6,"0006000000","0075000000","0005000000","0060000000","0","0003000000","5000000","63000000"
1290045117,"01",1,"0112","7522",1,"8",6,"0006000000","0075000000","0005000000","0060000000","0","0003000000","5000000","63000000"
1290045112,"01",1,"9314","4521",3,"8",6,"0003000000","0036000000","0003000000","0036000000","0","0","3000000","36000000"
1290117071,"01",1,"7417","1545",3,"8",6,"0002675000","0034100000","0002500000","0030000000","0","0002000000","2500000","32000000"
1290045111,"01",1,"5220","5234",3,"10",6,"0003000000","0036000000","0003000000","0036000000","0","0","3000000","36000000"
1290121175,"01",1,"2331","8012",1,"4",6,"0005500000","0070000000","0004905000","0059860000","0","0003000000","4905000","62860000"
1290082012,"01",1,"8324","6023",3,"8",6,"0005000000","0060000000","0005000000","0060000000","00","0","5000000","60000000"
1290070178,"01",1,"7126","4521",3,"8",5,"0004500000","0040500000","0004500000","0040500000","0","0","4500000","40500000"
1290058144,"01",1,"0112","7522",1,"8",6,"0004000000","0051000000","0003500000","0042000000","0","0003000000","3500000","45000000"
1290058145,"03",1,"5123","7421",3,"8",6,"0002000000","0024000000","0002000000","0024000000","0","0","2000000","24000000"
1290014050,"01",1,"3435","8031",1,"8",6,"0005170000","0065040000","0004500000","0054000000","0","0003000000","4500000","57000000"
1290014059,"02",1,"4115","8031",1,"8",6,"0005000000","0063000000","0004000000","0048000000","0","0003000000","4000000","51000000"
1290078054,"01",1,"1429","8032",1,"8",6,"0003000000","0040000000","0002860000","0035320000","0","0003000000","2860000","38320000"
1290078054,"02",1,"2320","8021",1,"4",6,"0003900000","0050800000","0003499000","0042988000","0","0003000000","3499000","45988000"
1290078055,"01",1,"4212","6512",1,"8",6,"0008500000","0106000000","0007560000","0091720000","0","0003000000","7560000","94720000"
1290014046,"01",1,"3231","8513",1,"8",6,"0006000000","0075000000","0005000000","0060000000","0","0003000000","5000000","63000000"
1290014046,"03",1,"5220","5234",3,"10",6,"0002800000","0033600000","0002800000","0033600000","0","0","2800000","33600000"
1290078059,"01",1,"8324","6023",3,"8",6,"0004000000","0048000000","0004000000","0048000000","0","0","4000000","48000000"
1290078061,"01",1,"7122","4540",3,"8",6,"0004000000","0048000000","0004000000","0048000000","0","0","4000000","48000000"
1290090146,"01",1,"7122","4540",3,"8",5,"0005000000","0060000000","0005000000","0060000000","0","0","5000000","60000000"
1290078055,"02",1,"1429","8021",1,"8",6,"0007460000","0093520000","0006613600","0080363200","0","0003000000","6613600","83363200"
1290090148,"01",1,"8324","6022",3,"8",6,"0002000000","0024000000","0002000000","0024000000","0","0","2000000","24000000"
1290054220,"01",1,"3460","7522",1,"8",6,"0007000000","0087000000","0006000000","0072000000","0","0003000000","6000000","75000000"
1290054222,"01",1,"3431","7512",1,"8",6,"0007000000","0087000000","0006000000","0072000000","0","0003000000","6000000","75000000"
1290066247,"01",1,"9314","4521",3,"8",4,"0001000000","0010000000","0001000000","0010000000","0","0","1000000","10000000"
1290066253,"02",1,"5111","6023",3,"10",5,"0002000000","0004000000","0002000000","0004000000","0","0","2000000","4000000"
1290066241,"01",1,"7141","4540",3,"8",5,"0002400000","0021600000","0002400000","0021600000","0","0","2400000","21600000"
1290054215,"01",1,"9211","0126",3,"10",6,"0003800000","0048600000","0003000000","0036000000","0000500000","0009000000","3500000","45000000"
1290002154,"01",1,"7244","6421",3,"8",6,"0003200000","0038400000","0003200000","0038400000","0","0","3200000","38400000"
1290002153,"01",1,"9211","0111",3,"8",6,"0002000000","0024000000","0002000000","0024000000","0","0","2000000","24000000"
1290094055,"01",1,"9314","4521",3,"8",5,"0003000000","0030000000","0003000000","0030000000","0","0","3000000","30000000"
1290046116,"01",1,"3431","7513",1,"8",6,"0005200000","0065400000","0004500000","0054000000","0","0003000000","4500000","57000000"
1290046116,"02",1,"4190","8021",1,"8",6,"0004100000","0052200000","0003500000","0042000000","0","0003000000","3500000","45000000"
1290046123,"01",1,"3431","8090",1,"8",6,"0006090000","0076080000","0005000000","0060000000","0","0003000000","5000000","63000000"
1290046123,"02",1,"2320","8021",1,"4",6,"0005000000","0063000000","0004000000","0048000000","0","0003000000","4000000","51000000"
1290046111,"01",1,"3431","7513",1,"8",6,"0005400000","0067800000","0004800000","0057600000","0","0003000000","4800000","60600000"
1290046119,"01",1,"9152","8511",1,"8",6,"0006000000","0075000000","0005000000","0060000000","0","0003000000","5000000","63000000"
1290082005,"01",1,"7231","7513",1,"8",6,"0004200000","0054400000","0003954000","0048448000","0","0003000000","3954000","51448000"
1290082002,"03",1,"2411","2424",3,"8",6,"0003000000","0039000000","0002860000","0034320000","0","0003000000","2860000","37320000"
1290082002,"04",1,"5220","5030",3,"8",6,"0003000000","0036000000","0003000000","0036000000","0","0","3000000","36000000"
1290110107,"01",1,"9314","4521",3,"8",6,"0003000000","0036000000","0003000000","0036000000","0","0","3000000","36000000"
1290058139,"01",1,"4211","6512",1,"8",6,"0006000000","0075000000","0005000000","0060000000","0","0003000000","5000000","63000000"
1290058139,"02",1,"2331","8012",1,"4",6,"0004500000","0057000000","0004000000","0048000000","0","0003000000","4000000","51000000"
1290062117,"01",1,"5123","5527",3,"5",1,"0000200000","0000200000","0000200000","0000200000",NA,NA,"200000","200000"
1290062112,"01",1,"1429","7512",1,"8",6,"0011200000","0137400000","0009080000","0108960000",NA,"0003000000","9080000","111960000"
1290062112,"02",1,"2331","8012",1,"4",6,"0006000000","0075000000","0005000000","0060000000","0","0003000000","5000000","63000000"
1290062107,"01",1,"9314","4521",3,"8",4,"0002500000","0030000000","0002500000","0030000000","0","0","2500000","30000000"
1290110118,"03",1,"7418","1546",3,"8",6,"0003000000","0036000000","0003000000","0036000000","0","0","3000000","36000000"
1290110112,"01",1,"9314","4521",3,"8",6,"0003000000","0036000000","0003000000","0036000000","0","0","3000000","36000000"
1290114225,"01",1,"9152","8090",1,"8",6,"0004200000","0053400000","0004004000","0048048000","0","0003000000","4004000","51048000"
1290114228,"01",1,"7212","4521",3,"8",6,"0003000000","0036000000","0003000000","0036000000","0","0","3000000","36000000"
1290050002,"01",1,"3416","5129",1,"8",6,"0003000000","0039000000","0002790000","0033480000","0","0003000000","2790000","36480000"
1290050012,"03",1,"7326","2698",3,"8",6,"0003030000","0036360000","0002700000","0032400000","0","0","2700000","32400000"
1290114221,"01",1,"7123","2695",3,"8",6,"0003745000","0044940000","0003500000","0044000000","0","0","3500000","44000000"
1290114231,"01",1,"8332","7513",1,"8",6,"0003000000","0040000000","0002860000","0035320000","0","0003000000","2860000","38320000"
1290018004,"01",1,"7231","5020",3,"10",6,"0001500000","0018000000","0001500000","0018000000","0","0","1500000","18000000"
1290006054,"01",1,"0112","7522",1,"8",6,"0005800000","0072600000","0005000000","0060000000","0","0003000000","5000000","63000000"
1290006060,"01",1,"1410","2695",3,"10",6,"0008000000","0096000000","0008000000","0096000000","0","0","8000000","96000000"
1290106008,"01",1,"2320","8021",1,"6",6,"0006725701","0084308412","0006165252","0073983024","0","0003600000","6165252","77583024"
1290018014,"02",1,"8231","2511",3,"8",6,"0004000000","0051000000","0003270000","0039240000","0","0003000000","3270000","42240000"
1290026218,"01",1,"8132","2697",3,"8",6,"0002600000","0020800000","0002600000","0020800000","0","0","2600000","20800000"
1290006064,"01",1,"2230","8511",1,"8",6,"0006800000","0084600000","0005800000","0069600000","0","0003000000","5800000","72600000"
1290006064,"02",1,"2320","8021",1,"6",6,"0005400000","0067800000","0004500000","0054000000","0","0003000000","4500000","57000000"
1290022060,"01",1,"9314","4521",3,"8",3,"0001000000","0012000000","0001000000","0012000000","0","0","1000000","12000000"
1290042119,"01",1,"0112","7522",1,"8",6,"0005400000","0067800000","0004500000","0054000000","0","0003000000","4500000","57000000"
1290026215,"01",1,"7126","4521",3,"8",4,"0003000000","0036000000","0003000000","0036000000","0","0","3000000","36000000"
1290026211,"01",1,"7122","4540",3,"8",3,"0002000000","0024000000","0002000000","0024000000","0","0","2000000","24000000"
1290086059,"01",1,"9314","4521",3,"8",5,"0002400000","0028800000","0002400000","0028800000","0","0","2400000","28800000"
1290086056,"05",1,"7133","4521",3,"8",6,"0003000000","0036000000","0003000000","0036000000","0","0","3000000","36000000"
1290122210,"01",1,"9314","4521",3,"8",3,"0001200000","0014400000","0001200000","0014400000","0","0","1200000","14400000"
1290042107,"01",1,"4211","6592",3,"8",6,"0003300000","0042600000","0003000000","0036000000","0","0003000000","3000000","39000000"
1290122210,"02",1,"5130","9500",3,"10",7,"0001200000","0014400000","0001200000","0014400000","0","0","1200000","14400000"
1290098148,"01",1,"9314","4521",3,"8",5,"0002400000","0028800000","0002400000","0028800000","0","0","2400000","28800000"
1290102311,"01",1,"9314","4521",3,"8",3,"0001200000","0014400000","0001200000","0014400000","0","0","1200000","14400000"
1290074055,"01",1,"8324","6022",3,"10",7,"0003000000","0036000000","0003000000","0036000000","0","0","3000000","36000000"
1290118113,"01",1,"7218","3610",3,"8",6,"0002675000","0322000000","0002500000","0321000000","0","0","2500000","321000000"
1290074066,"01",1,"4121","4010",1,"8",5,"0006000000","0076000000","0005360000","0065320000","0","0003000000","5360000","68320000"
1290010194,"01",1,"3431","7513",1,"8",6,"0006580000","0081960000","0005500000","0066000000","0","0003000000","5500000","69000000"
1290010194,"02",1,"3431","8031",1,"8",6,"0005500000","0069000000","0004500000","0054000000","0","0003000000","4500000","57000000"
1290118127,"01",1,"7126","4521",3,"8",6,"0006500000","0078000000","0006500000","0078000000","0","0","6500000","78000000"
1290010189,"03",1,"9314","4521",3,"8",6,"0002000000","0024000000","0002000000","0024000000","0","0","2000000","24000000"
1290010195,"01",1,"3431","7513",1,"8",6,"0004600000","0058200000","0003800000","0045600000","0","0003000000","3800000","48600000"
1290030014,"01",1,"2320","8012",1,"4",5,"0005800000","0072600000","0004500000","0054000000","0","0003000000","4500000","57000000"
1290074061,"01",1,"1410","0201",1,"8",6,"0004700000","0060400000","0004177000","0051124000","0","0003000000","4177000","54124000"
1290118118,"01",1,"8324","6023",3,"12",4,"0003500000","0042000000","0003500000","0042000000","0","0","3500000","42000000"
1290038110,"01",1,"7136","4531",3,"8",6,"0003000000","0036000000","0003000000","0036000000","0","0","3000000","36000000"
1290070174,"01",1,"2351","7512",1,"8",6,"0006500000","0082000000","0005915000","0075980000","0","0003000000","5915000","78980000"
1290091175,"01",1,"8324","6023",3,"8",6,"0004000000","0048000000","0004000000","0048000000","0","0","4000000","48000000"
1290091181,"01",1,"9314","4521",3,"8",4,"0002000000","0024000000","0002000000","0024000000","0","0","2000000","24000000"
1290087055,"01",1,"9211","0111",3,"8",6,"0004480000","0064760000","0004000000","0048000000","0","0011000000","4000000","59000000"
1290087051,"01",1,"6111","0111",3,"8",6,"0001500000","0018000000","0001500000","0018000000","0","0","1500000","18000000"
1290087051,"04",1,"9314","4521",3,"8",5,"0002000000","0016000000","0002000000","0016000000","0","0","2000000","16000000"
1290091179,"04",1,"3435","5030",3,"8",6,"0001500000","0018000000","0001500000","0018000000","0","0","1500000","18000000"
1290087050,"03",1,"8324","6023",3,"9",6,"0003500000","0042000000","0003500000","0042000000","0","0","3500000","42000000"
1290015176,"01",1,"8212","2695",3,"8",6,"0003400000","0040800000","0003000000","0036000000","0","0","3000000","36000000"
1290047164,"01",1,"4190","4521",3,"8",6,"0005300000","0066600000","0004500000","0054000000","0","0003000000","4500000","57000000"
1290015169,"01",1,"8322","6022",3,"10",6,"0003000000","0036000000","0003000000","0036000000","0","0","3000000","36000000"
1290015169,"03",1,"3231","8513",1,"8",6,"0003600000","0046200000","0003200000","0038400000","0","0003000000","3200000","41400000"
1290015173,"01",1,"8322","7513",1,"8",6,"0004500000","0057000000","0003800000","0045600000","0","0003000000","3800000","48600000"
1290015180,"01",1,"7141","4540",3,"8",6,"0001000000","0012000000","0001000000","0012000000","0","0","1000000","12000000"
1290015180,"03",1,"5123","2212",3,"8",6,"0001500000","0018000000","0001500000","0018000000","0","0","1500000","18000000"
1290015182,"01",1,"3416","2212",3,"8",6,"0002700000","0032400000","0002700000","0032400000","0","0","2700000","32400000"
1290047173,"01",1,"9314","4521",3,"8",3,"0001500000","0018000000","0001500000","0018000000","0","0","1500000","18000000"
1290047170,"01",1,"4190","9232",1,"8",6,"0003500000","0045000000","0003000000","0036000000","0","0003000000","3000000","39000000"
1290047167,"01",1,"4190","4100",1,"8",6,"0007000000","0063000000","0004200000","0050700000","0002000000","0002700000","6200000","53400000"
1290083004,"01",1,"9314","4521",3,"8",2,"0000700000","0006300000","0000700000","0006300000","0","0","700000","6300000"
1290063055,"01",1,"7231","5020",3,"8",6,"0003500000","0042000000","0003500000","0042000000","0","0","3500000","42000000"
1290111150,"01",1,"3227","7513",1,"8",6,"0006000000","0073000000","0005410000","0065920000","0","0003000000","5410000","68920000"
1290063067,"01",1,"8163","4100",3,"8",6,"0004300000","0054600000","0003800000","0045600000","0","0003000000","3800000","48600000"
1290023067,"02",1,"9314","4521",3,"8",2,"0001000000","0012000000","0001000000","0012000000","0","0","1000000","12000000"
1290023057,"01",1,"5123","5129",1,"8",6,"0001500000","0018000000","0001200000","0014400000","0","0","1200000","14400000"
1290023066,"01",1,"9333","5126",3,"8",6,"0003500000","0042000000","0002500000","0030000000","0","0","2500000","30000000"
1290023066,"03",1,"7433","1810",3,"8",6,"0000500000","0006000000","0000500000","0006000000","0","0","500000","6000000"
1290055193,"01",1,"7418","1546",3,"8",6,"0003000000","0036000000","0003000000","0036000000","0","0","3000000","36000000"
1290055200,"01",1,"1429","8021",1,"8",6,"0009700000","0119400000","0008500000","0102000000","0","0003000000","8500000","105000000"
1290055191,"01",1,"8231","2511",3,"8",6,"0004800000","0062400000","0004200000","0050400000","0","0004800000","4200000","55200000"
1290055203,"01",1,"4190","7513",1,"8",6,"0005000000","0063000000","0004300000","0051600000","0","0003000000","4300000","54600000"
1290079049,"01",1,"8324","6023",3,"8",6,"0004000000","0048000000","0004000000","0048000000","0","0","4000000","48000000"
1290079058,"03",1,"9314","4521",3,"8",4,"0001500000","0015000000","0001500000","0015000000","0","0","1500000","15000000"
1290051114,"01",1,"2320","8021",1,"4",6,"0006500000","0081000000","0005800000","0069600000","0","0003000000","5800000","72600000"
1290051114,"02",1,"2320","8021",1,"4",6,"0005200000","0065400000","0004500000","0054000000","0","0003000000","4500000","57000000"
1290051119,"01",1,"8231","2511",3,"8",6,"0004500000","0057000000","0004000000","0048000000","0","0003000000","4000000","51000000"
1290035115,"01",1,"7133","2695",3,"8",6,"0004000000","0048000000","0003500000","0042000000","0","0","3500000","42000000"
1290103119,"01",1,"5122","7512",1,"7",6,"0004800000","0038000000","0004800000","0036000000","0","0002000000","4800000","38000000"
1290035109,"01",1,"9211","0126",3,"8",6,"0003500000","0045500000","0003000000","0036000000","0","0003500000","3000000","39500000"
1290035112,"01",1,"9333","5129",3,"8",6,"0005000000","0060000000","0004000000","0048000000","0","0","4000000","48000000"
1290035118,"01",1,"3480","9193",1,"5",7,"0002000000","0024000000","0002000000","0024000000","0","0","2000000","24000000"
1290051117,"01",1,"5220","5222",3,"8",6,"0002000000","0024000000","0002000000","0024000000","0","0","2000000","24000000"
1290051123,"03",1,"4211","6512",1,"8",6,"0003000000","0036000000","0002500000","0030000000","0","0","2500000","30000000"
1290103111,"01",1,"7126","4521",3,"8",5,"0005000000","0060000000","0005000000","0060000000","0","0","5000000","60000000"
1290071003,"01",1,"9141","5513",1,"12",7,"0003969700","0050636400","0003710000","0044520000","0","0003000000","3710000","47520000"
1290071013,"01",1,"9314","4521",3,"8",4,"0001500000","0009000000","0001500000","0009000000","0","0","1500000","9000000"
1290107208,"04",1,"3475","8012",1,"6",6,"0","0","0","0","0","0","0","0"
1290099097,"01",1,"1429","8021",1,"6",6,"0008552543","0110530516","0007669282","0092031384","0","0007900000","7669282","99931384"
1290099101,"01",1,"9314","4521",3,"8",5,"0001600000","0019200000","0001600000","0019200000","0","0","1600000","19200000"
1290099106,"01",1,"9314","4521",3,"8",5,"0002000000","0018000000","0002000000","0018000000","0","0","2000000","18000000"
1290099107,"01",1,"9314","4521",3,"8",4,"0001500000","0009000000","0001500000","0009000000","0","0","1500000","9000000"
1290071009,"01",1,"9314","4521",3,"8",5,"0002000000","0020000000","0002000000","0020000000","0","0","2000000","20000000"
1290071011,"01",1,"9314","4521",3,"7",4,"0002400000","0028800000","0002400000","0028800000","0","0","2400000","28800000"
1290099100,"01",1,"1429","8021",1,"7",6,"0008389149","0108169788","0007577864","0090934368","0","0007500000","7577864","98434368"
1290115165,"01",1,"3435","7514",1,"8",6,"0005130000","0064560000","0004500000","0054000000","0","0003000000","4500000","57000000"
1290119107,"02",1,"4222","8514",3,"5",6,"0000800000","0009600000","0000800000","0009600000","0","0","800000","9600000"
1290115166,"01",1,"8322","8517",1,"8",6,"0004855938","0069271256","0004251892","0051022704","0","0011000000","4251892","62022704"
1290067213,"01",1,"9314","4521",3,"8",5,"0002000000","0020000000","0002000000","0020000000","0","0","2000000","20000000"
1290067217,"01",1,"7212","4521",3,"8",6,"0005000000","0060000000","0005000000","0060000000","0","0","5000000","60000000"
1290067222,"01",1,"9311","1429",3,"8",6,"0002800000","0036600000","0002500000","0030000000","0","0003000000","2500000","33000000"
1290075103,"01",1,"8332","4522",3,"8",6,"0003920000","0050040000","0003500000","0042000000","0","0003000000","3500000","45000000"
1290043095,"01",1,"8322","7498",2,"10",6,"0004500000","0058500000","0004000000","0048000000","0","0004500000","4000000","52500000"
1290075115,"01",1,"7123","4521",3,"8",6,"0004000000","0048000000","0004000000","0048000000","0","0","4000000","48000000"
1290043101,"01",1,"9314","4521",3,"8",6,"0004000000","0048000000","0004000000","0048000000","0","0","4000000","48000000"
1290075110,"01",1,"4134","2694",3,"8",6,"0004880000","0064060000","0004600000","0055200000","0","0005500000","4600000","60700000"
1290075114,"01",1,"3435","7513",1,"8",6,"0007000000","0088000000","0006220000","0075640000","0","0003000000","6220000","78640000"
1290043106,"01",1,"5220","5223",3,"10",6,"0000400000","0004800000","0000400000","0004800000","0","0","400000","4800000"
1290043106,"03",1,"9314","4521",3,"8",1,"0000500000","0006000000","0000500000","0006000000","0","0","500000","6000000"
1290027010,"01",1,"9314","4521",3,"8",4,"0002000000","0024000000","0002000000","0024000000","0","0","2000000","24000000"
1290007010,"01",1,"3431","8031",1,"8",6,"0005000000","0063000000","0004300000","0051600000","0","0003000000","4300000","54600000"
1290007006,"01",1,"2320","8021",1,"4",6,"0008000000","0099000000","0007000000","0084000000","0","0003000000","7000000","87000000"
1290007006,"02",1,"2320","8021",1,"4",6,"0006000000","0075000000","0005000000","0060000000","0","0003000000","5000000","63000000"
1290007009,"03",1,"5220","5237",1,"10",6,"0002000000","0024000000","0002000000","0024000000","0","0","2000000","24000000"
1290027009,"01",1,"9314","4521",3,"8",4,"0002000000","0024000000","0002000000","0024000000","0","0","2000000","24000000"
1290043099,"01",1,"0112","7522",1,"8",6,"0006000000","0075000000","0005000000","0060000000","0","0003000000","5000000","63000000"
1290003158,"01",1,"2490","7511",1,"8",6,"0006000000","0075000000","0005300000","0063600000","0","0003000000","5300000","66600000"
1290003162,"01",1,"2310","8031",1,"8",6,"0020000000","0243000000","0017000000","0204000000","0","0003000000","17000000","207000000"
1290003162,"02",1,"2412","8031",1,"4",6,"0004800000","0060600000","0004000000","0048000000","0","0003000000","4000000","51000000"
1290039270,"01",1,"9314","4521",3,"8",6,"0002500000","0030000000","0002500000","0030000000","0","0","2500000","30000000"
1290039270,"03",1,"7136","4531",3,"8",6,"0000500000","0000500000","0000500000","0000500000","0","0","500000","500000"
1290003156,"01",1,"2490","7511",1,"8",6,"0006300000","0075000000","0005200000","0062400000","0000300000","0003000000","5500000","65400000"
1290003156,"02",1,"3441","7511",1,"8",6,"0004300000","0051000000","0003500000","0042000000","0000300000","0003000000","3800000","45000000"
1290003163,"03",1,"4141","8513",1,"8",6,"0003500000","0010500000","0003000000","0009000000","0","0","3000000","9000000"
1290003168,"01",1,"2412","8031",1,"8",6,"0007000000","0087000000","0006000000","0072000000","0","0003000000","6000000","75000000"
1290019012,"03",1,"3416","5129",3,"8",6,"0003700000","0044400000","0003000000","0036000000","0","0","3000000","36000000"
1290019015,"01",1,"5122","8511",3,"8",6,"0003800000","0049400000","0003400000","0040800000","0","0003800000","3400000","44600000"
1290083012,"01",1,"9314","4521",3,"8",5,"0002000000","0024000000","0002000000","0024000000","0","0","2000000","24000000"
1290083008,"02",1,"7417","1545",3,"8",6,"0003120000","0037440000","0003000000","0036000000","0","0","3000000","36000000"
1290039272,"01",1,"5162","7522",1,"8",6,"0007000000","0088000000","0006290000","0076480000","0","0003000000","6290000","79480000"
1290039272,"02",1,"2320","7513",1,"8",6,"0006000000","0076000000","0005410000","0065920000","0","0003000000","5410000","68920000"
1290011001,"01",1,"1427","7513",1,"8",6,"0008000000","0099000000","0007000000","0084000000","0","0003000000","7000000","87000000"
1290011008,"01",1,"4134","6302",1,"8",6,"0006400000","0079800000","0005600000","0067200000","0","0003000000","5600000","70200000"
1290011008,"02",1,"3221","8513",1,"8",6,"0006400000","0079800000","0005600000","0067200000","0","0003000000","5600000","70200000"
1290011010,"01",1,"1429","8021",1,"8",6,"0007500000","0093000000","0006000000","0072000000","0","0003000000","6000000","75000000"
1290011010,"02",1,"2320","8021",1,"5",6,"0006000000","0075000000","0005300000","0063600000","0","0003000000","5300000","66600000"
1290115174,"02",1,"3152","7513",1,"8",6,"0003360000","0040320000","0003000000","0036000000","0","0","3000000","36000000"
1290115169,"01",1,"5123","6302",3,"8",5,"0001000000","0010000000","0001000000","0010000000","0","0","1000000","10000000"
1290052175,"03",1,"3221","8511",1,"8",6,"0005000000","0063000000","0004300000","0051600000","0","0003000000","4300000","54600000"
1290024114,"01",1,"9152","8031",3,"8",6,"0003500000","0045000000","0003000000","0036000000","0","0003000000","3000000","39000000"
1290048061,"01",1,"8322","9211",1,"8",6,"0007000000","0087180000","0005500000","0066000000","0","0003180000","5500000","69180000"
1290012055,"01",1,"1429","8021",1,"8",6,"0008000000","0099180000","0007000000","0084000000","0","0003180000","7000000","87180000"
1290024103,"01",1,"4211","8532",1,"8",6,"0007000000","0087180000","0006200000","0074400000","0","0003180000","6200000","77580000"
1290024103,"02",1,"2320","8012",1,"8",6,"0009000000","0111180000","0007800000","0093600000","0","0003180000","7800000","96780000"
1290104215,"01",1,"6111","0111",3,"5",4,"0002100000","0025200000","0002100000","0025200000","0","0","2100000","25200000"
1290040095,"01",1,"4211","6512",1,"8",6,"0005000000","0063000000","0004300000","0051600000","0","0003000000","4300000","54600000"
1290040105,"01",1,"8323","6023",3,"12",3,"0003000000","0036000000","0003000000","0036000000","0","0","3000000","36000000"
1290040105,"03",1,"5220","5233",3,"10",6,"0015000000","0018000000","0001500000","0018000000","0","0","1500000","18000000"
1290040105,"04",1,"7124","2022",3,"8",6,"0001200000","0014400000","0001200000","0014400000","0","0","1200000","14400000"
1290040109,"01",1,"7311","5238",3,"8",6,"0002700000","0032400000","0002380000","0028560000","0","0","2380000","28560000"
1290028055,"01",1,"9314","4521",3,"8",6,"0003500000","0042000000","0003500000","0042000000","0","0","3500000","42000000"
1290004061,"01",1,"5220","5234",3,"8",6,"0003500000","0042000000","0003170000","0038040000","0","0","3170000","38040000"
1290004058,"01",1,"1429","7511",3,"8",6,"0004000000","0048000000","0004000000","0048000000","0","0","4000000","48000000"
1290004053,"03",1,"7418","1546",3,"8",6,"0001500000","0018000000","0001500000","0018000000","0","0","1500000","18000000"
1290004057,"01",1,"8323","6021",3,"8",6,"0004500000","0057000000","0003800000","0045600000","0","0003000000","3800000","48600000"
1290004057,"03",1,"8323","6022",3,"8",6,"0002500000","0030000000","0002500000","0030000000","0","0","2500000","30000000"
1290028060,"04",1,"9314","4521",3,"8",4,"0002000000","0024000000","0002000000","0024000000","0","0","2000000","24000000"
1290040102,"01",1,"9314","4521",3,"8",3,"0001500000","0018000000","0001500000","0018000000","0","0","1500000","18000000"
1290096062,"01",1,"4223","7513",1,"8",6,"0005600000","0070200000","0005000000","0060000000","0","0003000000","5000000","63000000"
1290096069,"01",1,"2320","8012",1,"4",6,"0005800000","0077100000","0004988000","0059856000","0","0007500000","4988000","67356000"
1290044061,"01",1,"7122","4540",3,"8",3,"0001500000","0018000000","0001500000","0018000000","0","0","1500000","18000000"
1290044064,"03",1,"9132","7511",1,"8",6,"0003500000","0045000000","0003000000","0036000000","0","0003000000","3000000","39000000"
1290060008,"02",1,"2351","7512",1,"6",6,"0006000000","0075000000","0005200000","0062400000","0","0003180000","5200000","65580000"
1290060015,"01",1,"0112","7522",1,"8",6,"0006000000","0075180000","0005200000","0062400000","0","0003180000","5200000","65580000"
1290036163,"04",1,"5220","5235",3,"10",6,"0001200000","0014400000","0001200000","0014400000",NA,NA,"1200000","14400000"
1290036171,"01",1,"8322","4100",1,"8",6,"0004500000","0057000000","0003500000","0042000000","0","0003000000","3500000","45000000"
1290036173,"01",1,"8323","6021",1,"8",6,"0004500000","0057000000","0003500000","0042000000","0","0003000000","3500000","45000000"
1290044068,"01",1,"9132","7512",1,"8",6,"0004000000","0051000000","0003000000","0036000000","0","0003000000","3000000","39000000"
1290016054,"01",1,"8276","1542",3,"8",6,"0003500000","0045000000","0003000000","0036000000","0","0003000000","3000000","39000000"
1290016060,"02",1,"4222","8513",3,"8",6,"0000900000","0010800000","0000900000","0010800000","0","0","900000","10800000"
1290100002,"01",1,"9314","4521",3,"8",4,"0001600000","0019200000","0001600000","0019200000","0","0","1600000","19200000"
1290100002,"03",1,"9314","4521",3,"8",2,"0000800000","0009600000","0000800000","0009600000","0","0","800000","9600000"
1290100015,"01",1,"2212","8021",1,"8",6,"0006580500","0081966000","0005882655","0070591860","0","0003000000","5882655","73591860"
1290116160,"01",1,"3460","7522",1,"18",6,"0008180000","0063180000","0004500000","0054000000","0","0003180000","4500000","57180000"
1290072109,"03",1,"5220","5233",3,"8",6,"0002500000","0030000000","0002500000","0030000000","0","0","2500000","30000000"
1290068067,"01",1,"8324","6023",3,"10",6,"0004500000","0054000000","0004500000","0054000000","0","0","4500000","54000000"
1290040102,"02",1,"2331","8012",1,"8",6,"0003500000","0045000000","0003000000","0036000000","0","0003000000","3000000","39000000"
1290072106,"01",1,"2320","8021",1,"7",6,"0008664000","0109648000","0007600000","0091200000","0","0005680000","7600000","96880000"
1290072111,"01",1,"3411","6603",3,"8",6,"0007339500","0091254000","0006550000","0078600000","0","0003180000","6550000","81780000"
1290072114,"01",1,"0112","7522",1,"8",6,"0005185000","0065400000","0004580000","0054960000","0","0003180000","4580000","58140000"
1290072119,"01",1,"2320","8021",1,"8",6,"0007200000","0089580000","0006480600","0077767200","0","0003180000","6480600","80947200"
1290084197,"01",1,"5122","4522",3,"10",6,"0004280000","0054360000","0004000000","0048000000","0","0003000000","4000000","51000000"
1290084197,"02",1,"5122","4522",3,"10",6,"0003745000","0047940000","0003500000","0042000000","0","0003000000","3500000","45000000"
1290096060,"01",1,"9314","4521",3,"8",5,"0002000000","0024000000","0002000000","0024000000","0","0","2000000","24000000"
1290116159,"01",1,"0112","7522",1,"8",6,"0012300000","0099180000","0006880000","0082560000","0","0003180000","6880000","85740000"
1290056102,"01",1,"2411","7513",1,"8",6,"0006000000","0075000000","0005000000","0060000000","0","0003000000","5000000","63000000"
1290080111,"01",1,"3435","7513",1,"8",6,"0006880500","0085566000","0006155655","0073867860","0","0003000000","6155655","76867860"
1290072109,"04",1,"7231","3410",3,"8",6,"0002240000","0026880000","0002000000","0024000000","0","0","2000000","24000000"
1290096057,"01",1,"1429","8021",1,"6",6,"0009300000","0118100000","0007998000","0095976000","0","0006500000","7998000","102476000"
1290096057,"02",1,"2320","8021",1,"6",6,"0006700000","0083900000","0005762000","0069144000","0","0003500000","5762000","72644000"
1290080103,"04",1,"5220","5223",3,"10",6,"0001500000","0018000000","0001500000","0018000000","0","0","1500000","18000000"
1290080105,"01",1,"5220","5238",3,"9",6,"0005000000","0060000000","0005000000","0060000000","0","0","5000000","60000000"
1290092003,"01",1,"8322","7511",1,"8",6,"0005382600","0067590000","0004850000","0058200000","0","0003000000","4850000","61200000"
1290020325,"01",1,"9314","4521",3,"6",6,"0002000000","0024000000","0002000000","0024000000","0","0","2000000","24000000"
1290008139,"02",1,"4211","6512",1,"8",6,"0","0","0","0","0","0","0","0"
1290020313,"02",1,"2320","8012",1,"4",6,"0004500000","0057000000","0003800000","0045600000","0","0003000000","3800000","48600000"
1290048056,"03",1,"7122","4540",3,"8",4,"0001500000","0018000000","0001500000","0018000000","0","0","1500000","18000000"
1290056098,"01",1,"3435","5141",3,"8",6,"0005600000","0070200000","0004800000","0057600000","0","0003000000","4800000","60600000"
1290064163,"01",1,"0112","7523",1,"8",6,"0006000000","0075180000","0005200000","0062400000","0","0003180000","5200000","65580000"
1290064163,"02",1,"0112","7522",1,"8",6,"0006000000","0075180000","0005200000","0062400000","0","0003180000","5200000","65580000"
1290092004,"01",1,"4190","7511",1,"8",6,"0005605500","0070266000","0005050000","0060600000","0","0003000000","5050000","63600000"
1290120172,"01",1,"7417","1545",3,"10",6,"0003500000","0042000000","0003500000","0042000000","0","0","3500000","42000000"
1290112006,"01",1,"3435","6592",1,"8",6,"0004480000","0061760000","0004000000","0048000000","0","0008000000","4000000","56000000"
1290092012,"01",1,"4223","6421",3,"10",6,"0008243500","0102422000","0007500000","0090000000","0","0008900000","7500000","98900000"
1290052179,"02",1,"3222","8513",1,"8",6,"0005000000","0063000000","0004200000","0050400000","0","0003000000","4200000","53400000"
1290104211,"01",1,"9160","7511",1,"8",6,"0001819000","0025828000","0001700000","0020400000","0","0004000000","1700000","24400000"
1290012060,"01",1,"2114","7513",1,"8",6,"0008080000","0061980000","0004300000","0051600000","0","0003180000","4300000","54780000"
1290012060,"02",1,"3417","7514",1,"8",6,"0008680000","0069180000","0004800000","0057600000","0","0003180000","4800000","60780000"
1290068056,"01",1,"2320","8012",1,"4",6,"0006584145","0082009740","0006040500","0072486000","0","0003000000","6040500","75486000"
1290076051,"01",1,"8152","2694",3,"8",6,"0003920000","0047040000","0003500000","0042000000","0","0","3500000","42000000"
1290076054,"01",1,"8324","6022",3,"10",5,"0005850000","0070200000","0005000000","0060000000","0","0","5000000","60000000"
1290076060,"01",1,"9314","4521",3,"8",5,"0003000000","0036000000","0003000000","0036000000","0","0","3000000","36000000"
1290120167,"01",1,"2320","8021",1,"08",6,"0007760800","0096309600","0006877328","0082527936","0","0003180000","6877328","85707936"
1290120169,"01",1,"5123","6592",1,"8",6,"0002240000","0028880000","0002000000","0024000000","0","0002000000","2000000","26000000"
1290120177,"01",1,"2320","8021",1,"7",6,"0008180000","0063180000","0004625000","0055500000","0","0003180000","4625000","58680000"
